,0,1,2,3,4,5,6,7
0,So,ADV,3893465145528745987,12269,Recientemente,ADV,2248802840795226590,12269
1,recently,ADV,1240383662128343654,12269,0,0,0,0
2,",",PUNCT,2593208677638477497,12269,",",PUNCT,2593208677638477497,12269
3,some,DET,7000492816108906599,14374,algunos,DET,8203652649733001954,14374
4,white,ADJ,16857069738040043275,14374,blancos,ADJ,14293236000216510981,14374
5,guys,NOUN,14681040874823774150,14374,chicos,NOUN,2078873208889206116,14374
6,and,CCONJ,2283656566040971221,14374,y,CONJ,9409450202036847209,14374
7,some,DET,7000492816108906599,14374,algunas,DET,4272547645188157321,14374
8,black,ADJ,6088217638129078516,14374,negras,ADJ,15515008287469155423,14374
9,women,NOUN,5415290552571890316,14374,mujeres,NOUN,6031852908672387504,14374
10,swapped,VERB,8950378617549415338,17176,intercambiaron,VERB,8048212751148831447,16976
11,0,0,0,0,avatares,ADJ,17455887803197586245,16976
12,",",PUNCT,2593208677638477497,17176,de,ADP,11144093025662894627,16976
13,Twitter,PROPN,7346769842919679806,17176,Twitter,PROPN,7346769842919679806,16976
14,or,CCONJ,3740602843040177340,17176,o,CONJ,1489474827855109852,16976
15,pictures,NOUN,16002456293610014828,17176,imágenes,NOUN,3348117224276041535,16976
16,online,ADV,16939458712515879433,17176,en,ADP,14626626061804382878,16976
17,avatars,NOUN,10971648419980780520,17176,línea,NOUN,4206860300322802285,16976
18,.,PUNCT,12646065887601541794,17176,.,PUNCT,12646065887601541794,16976
19,They,PRON,14947529218328092544,19808,No,ADV,9692231336188541085,19808
20,did,AUX,13583488448875926965,19808,0,0,0,0
21,n't,PART,2043519015752540944,19808,0,0,0,0
22,change,VERB,3979101002134440957,19808,cambiaron,VERB,11111095749893424698,19808
23,their,DET,4244585616942201722,19808,su,DET,14248009254309298022,19808
24,content,NOUN,2176117690672942768,19808,contenido,NOUN,13220307439485880868,19808
25,",",PUNCT,2593208677638477497,19808,",",PUNCT,2593208677638477497,19808
26,they,PRON,16875582379069451158,21093,mismo,PRON,12984459046605325283,21093
27,kept,VERB,17001500750327919785,21093,tuiteando,VERB,12495914736739112159,21093
28,tweeting,VERB,14943535517131940426,21093,siguieron,VERB,6339145001966127725,21093
29,the,DET,7425985699627899538,21093,lo,DET,12507729120330568444,21093
30,same,ADJ,7488871353255107396,21093,de,ADP,11144093025662894627,21093
31,as,SCONJ,7437575085468336610,21093,0,0,0,0
32,usual,ADJ,8736397080351936157,21093,0,0,0,0
33,",",PUNCT,2593208677638477497,21093,",",PUNCT,2593208677638477497,21093
34,but,CCONJ,14560795576765492085,22904,0,0,0,0
35,suddenly,ADV,14860307533034531791,22904,siempre,ADV,15391811626801301543,21093
36,",",PUNCT,2593208677638477497,22904,0,0,0,0
37,the,DET,7425985699627899538,22904,0,0,0,0
38,white,ADJ,16857069738040043275,22904,0,0,0,0
39,guys,NOUN,14681040874823774150,22904,0,0,0,0
40,noticed,VERB,16682126538620412122,22904,0,0,0,0
41,they,PRON,16875582379069451158,25702,los,PRON,7307884290799599686,25702
42,were,AUX,9570894245975188254,25702,llamaban,AUX,9211520056618712141,25702
43,getting,VERB,1385318218384692368,25702,que,SCONJ,11474801393294414462,25702
44,called,VERB,3125235652374451650,25702,usando,VERB,11016080632141083611,25702
45,the,DET,7425985699627899538,25702,"""",PUNCT,15884554869126768810,25702
46,n,ADJ,13210364986222294696,25702,0,0,0,0
47,-,PUNCT,9153284864653046197,25702,"""",PUNCT,15884554869126768810,25702
48,word,NOUN,11916616154811659322,25702,niggers,NOUN,5600439346554453254,25702
49,all,DET,13409319323822384369,25702,el,DET,11488171005156075516,25702
50,the,DET,7425985699627899538,25702,todo,DET,1039296168925561739,25702
51,time,NOUN,8885804376230376864,25702,tiempo,NOUN,3897009725270815938,25702
52,and,CCONJ,2283656566040971221,27603,0,0,0,0
53,they,PRON,16875582379069451158,27603,0,0,0,0
54,were,AUX,9570894245975188254,27603,0,0,0,0
55,getting,VERB,1385318218384692368,27603,0,0,0,0
56,the,DET,7425985699627899538,27603,0,0,0,0
57,worst,ADJ,10555979147125144223,27603,0,0,0,0
58,kind,NOUN,11997309252971546427,27603,0,0,0,0
59,of,ADP,886050111519832510,27603,0,0,0,0
60,online,ADJ,16939458712515879433,27603,0,0,0,0
61,abuse,NOUN,15420246164362292916,27603,0,0,0,0
62,",",PUNCT,2593208677638477497,27603,0,0,0,0
63,whereas,SCONJ,9927881982844457072,30331,tipo,NOUN,4791739812770415521,29378
64,the,DET,7425985699627899538,30331,el,DET,11488171005156075516,29378
65,black,ADJ,6088217638129078516,30331,peor,ADJ,16171748565850799409,29378
66,women,NOUN,5415290552571890316,30331,maltrato,NOUN,16787011128869102713,29378
67,all,DET,13409319323822384369,30331,de,ADP,11144093025662894627,29378
68,of,ADP,886050111519832510,30331,en,ADP,14626626061804382878,29378
69,a,DET,11901859001352538922,30331,línea,NOUN,4206860300322802285,29378
70,sudden,ADJ,15511947069657670040,30331,;,PUNCT,631425121691394544,29378
71,noticed,ADJ,16682126538620412122,32891,mientras,CONJ,124324163226638110,30861
72,got,VERB,12579384389446384672,32891,que,SCONJ,11474801393294414462,30861
73,a,DET,11901859001352538922,32891,las,DET,6526950402091386798,30861
74,things,NOUN,3586418546468265269,32891,mujeres,NOUN,6031852908672387504,30861
75,0,0,0,0,de,ADP,11144093025662894627,30861
76,lot,NOUN,6920515201346452032,32891,raza,NOUN,1675401086599712494,30861
77,more,ADJ,2160362229054775535,32891,negra,ADJ,4559356623406819032,30861
78,them,PRON,7976265300568155021,32891,",",PUNCT,2593208677638477497,30861
79,for,ADP,16037325823156266367,32891,de,ADP,11144093025662894627,30861
80,pleasant,NOUN,15995406542343837478,32891,repente,NOUN,7385051208898963780,30861
81,.,PUNCT,12646065887601541794,32891,",",PUNCT,2593208677638477497,30861
82,Now,ADV,13923566239961886281,35962,mucho,ADV,3038928633385455635,34406
83,",",PUNCT,2593208677638477497,35962,0,0,0,0
84,if,SCONJ,12446819118446800910,35962,más,ADV,13805553149795463782,34406
85,you,PRON,7624161793554793053,35962,ellas,PRON,12245127034231534016,34406
86,'re,AUX,523464648099722843,35962,eran,AUX,7736182706194854552,34406
87,my,DET,227504873216781231,35962,para,ADP,17491956544424926374,34406
88,five,NUM,12866751920382582095,35962,0,0,0,0
89,-,PUNCT,9153284864653046197,35962,.,PUNCT,12646065887601541794,34406
90,year,NOUN,14889849580704678361,35962,0,0,0,0
91,-,PUNCT,9153284864653046197,35962,0,0,0,0
92,old,ADJ,2483095116303079762,35962,agradables,ADJ,14497027694298736440,34406
93,",",PUNCT,2593208677638477497,35962,0,0,0,0
94,your,DET,1572612192562026184,37897,tu,DET,17788273122503907059,37897
95,Internet,NOUN,8006197966488148988,37897,Internet,PROPN,8006197966488148988,37897
96,consists,VERB,4027550187197975819,37897,es,AUX,10343076919720641053,37897
97,mostly,ADV,11042110576038795586,37897,sobre,ADP,11374976834714679510,37897
98,0,0,0,0,todo,PRON,1039296168925561739,37897
99,of,ADP,886050111519832510,37897,de,ADP,11144093025662894627,37897
100,puppies,NOUN,13192779106523156987,37897,cachorros,NOUN,9984619285541709726,37897
101,and,CCONJ,2283656566040971221,37897,y,CONJ,9409450202036847209,37897
102,fairies,NOUN,17761847701026722476,37897,hadas,NOUN,3744337649777319247,37897
103,and,CCONJ,2283656566040971221,41130,y,CONJ,9409450202036847209,41130
104,occasionally,ADV,17594411588208633804,41130,en,ADP,14626626061804382878,41130
105,fairies,VERB,17761847701026722476,41130,ocasiones,NOUN,6120616857836667588,41130
106,riding,VERB,9907198610324385862,41130,montan,VERB,13156017592863688992,41130
107,puppies,NOUN,13192779106523156987,41130,hadas,NOUN,3744337649777319247,41130
108,.,PUNCT,12646065887601541794,41130,",",PUNCT,2593208677638477497,41130
109,That,DET,4759254855483594167,43285,las,DET,6526950402091386798,41130
110,'s,AUX,16428057658620181782,43285,0,0,0,0
111,a,DET,11901859001352538922,43285,0,0,0,0
112,thing,NOUN,2473243759842082748,43285,cachorros,NOUN,9984619285541709726,41130
113,.,PUNCT,12646065887601541794,43285,.,PUNCT,12646065887601541794,41130
114,Google,PROPN,11578853341595296054,43285,0,0,0,0
115,it,PRON,10239237003504588839,43285,0,0,0,0
116,.,PUNCT,12646065887601541794,43285,0,0,0,0
117,But,CCONJ,18004243461113809161,46030,Pero,CONJ,3012608552889114327,46030
118,the,DET,7425985699627899538,46030,el,DET,11488171005156075516,46030
119,rest,NOUN,10960894369163974213,46030,resto,NOUN,16269702270088081628,46030
120,of,ADP,886050111519832510,46030,de,ADP,11144093025662894627,46030
121,us,PRON,4950757572332304006,46030,nosotros,PRON,8669422429569711216,46030
122,know,VERB,7743033266031195906,46030,sabemos,VERB,3360380393913261411,46030
123,that,SCONJ,4380130941430378203,46030,que,SCONJ,11474801393294414462,46030
124,the,DET,7425985699627899538,46030,Internet,PROPN,8006197966488148988,46030
125,Internet,NOUN,8006197966488148988,46030,0,0,0,0
126,can,VERB,6635067063807956629,48324,puede,AUX,15014026304111728540,48324
127,be,AUX,10382539506755952630,48324,ser,AUX,940341820454552972,48324
128,a,DET,11901859001352538922,48324,un,DET,12188161997964598936,48324
129,really,ADV,14653600329166397554,48324,muy,ADV,16868253375141016776,48324
130,ugly,ADJ,16436453966031807653,48324,feo,ADJ,7658813073335372565,48324
131,place,NOUN,7512738811199700769,48324,lugar,NOUN,10339038341064447979,48324
132,.,PUNCT,12646065887601541794,48324,.,PUNCT,12646065887601541794,48324
133,I,PRON,4690420944186131903,51182,No,ADV,9692231336188541085,51182
134,'m,AUX,8504683628951808721,51182,0,0,0,0
135,not,PART,447765159362469301,51182,clase,NOUN,5546977650764052488,51182
136,talking,VERB,3577425109143670181,51182,hablo,VERB,15776664324866988717,51182
137,about,ADP,942632335873952620,51182,de,ADP,11144093025662894627,51182
138,the,DET,7425985699627899538,51182,la,DET,6804705863737483857,51182
139,kind,NOUN,11997309252971546427,51182,debates,NOUN,16026564516260861487,51182
140,of,ADP,886050111519832510,51182,de,ADP,11144093025662894627,51182
141,colorful,ADJ,9306951126003165228,51182,coloridos,ADJ,10811633626728924,51182
142,debates,NOUN,16026564516260861487,51182,",",PUNCT,2593208677638477497,51182
143,that,SCONJ,4380130941430378203,54157,que,SCONJ,11474801393294414462,54047
144,I,PRON,4690420944186131903,54157,0,0,0,0
145,think,VERB,16875814820671380748,54157,creo,VERB,16439760446226872124,54047
146,are,AUX,5012629990875267006,54157,son,AUX,2555790282192608669,54047
147,healthy,ADJ,5379644128261274187,54157,saludables,ADJ,387382187969899278,54047
148,for,ADP,16037325823156266367,54157,para,ADP,17491956544424926374,54047
149,our,DET,17577015140245084783,54157,nuestra,DET,6434645427240457100,54047
150,democracy,NOUN,9159172889970741801,54157,democracia,NOUN,7393422862294835861,54047
151,.,PUNCT,12646065887601541794,54157,",",PUNCT,2593208677638477497,54047
152,I,PRON,4690420944186131903,56445,0,0,0,0
153,'m,AUX,8504683628951808721,56445,0,0,0,0
154,talking,VERB,3577425109143670181,56445,0,0,0,0
155,about,ADP,942632335873952620,56445,0,0,0,0
156,nasty,ADJ,114514566756091865,56445,0,0,0,0
157,personal,ADJ,861244163374911113,56445,0,0,0,0
158,attacks,NOUN,11589554899301416004,56445,0,0,0,0
159,.,PUNCT,12646065887601541794,56445,0,0,0,0
160,Maybe,ADV,2411557000688341021,59823,Tal,NOUN,5456240038276239557,59823
161,it,PRON,10239237003504588839,59823,vez,NOUN,8246815288216585998,59823
162,'s,AUX,16428057658620181782,59823,haya,AUX,7808022084878902490,59823
163,happened,VERB,1466554851141776122,59823,pasado,VERB,14617614854182988322,59823
164,to,ADP,3791531372978436496,59823,0,0,0,0
165,you,PRON,7624161793554793053,59823,les,PRON,5902437463952755554,59823
166,",",PUNCT,2593208677638477497,59823,",",PUNCT,2593208677638477497,59823
167,but,CCONJ,14560795576765492085,59823,pero,CONJ,4949779210556390094,59823
168,it,PRON,10239237003504588839,59823,lo,DET,12507729120330568444,59823
169,'s,AUX,16428057658620181782,59823,es,AUX,10343076919720641053,59823
170,at,ADP,11667289587015813222,59823,por,ADP,18244196334509357400,59823
171,least,ADJ,12059514183285037132,59823,0,0,0,0
172,twice,ADV,12432145235342457793,61947,menos,ADV,1658803086761645025,59823
173,as,ADV,7437575085468336610,61947,0,0,0,0
174,likely,ADJ,6740298879949941214,61947,0,0,0,0
175,to,PART,3791531372978436496,61947,0,0,0,0
176,happen,VERB,193386613490856276,61947,0,0,0,0
177,",",PUNCT,2593208677638477497,61947,0,0,0,0
178,and,CCONJ,2283656566040971221,61947,0,0,0,0
179,be,AUX,10382539506755952630,61947,0,0,0,0
180,worse,ADJ,15932487760797679903,61947,0,0,0,0
181,",",PUNCT,2593208677638477497,61947,0,0,0,0
182,if,SCONJ,12446819118446800910,64738,si,SCONJ,13884469947995795204,64738
183,you,PRON,7624161793554793053,64738,0,0,0,0
184,'re,AUX,523464648099722843,64738,eres,AUX,17607333514782880172,64738
185,a,DET,11901859001352538922,64738,una,DET,1019041181156623609,64738
186,woman,NOUN,18308318389743014884,64738,mujer,NOUN,2865383744470792204,64738
187,",",PUNCT,2593208677638477497,64738,",",PUNCT,2593208677638477497,64738
188,a,DET,11901859001352538922,64738,una,DET,1019041181156623609,64738
189,person,NOUN,14800503047316267216,64738,persona,NOUN,17688060688588333503,64738
190,of,ADP,886050111519832510,64738,de,ADP,11144093025662894627,64738
191,color,NOUN,7045580820573707335,64738,color,NOUN,7045580820573707335,64738
192,",",PUNCT,2593208677638477497,64738,",",PUNCT,2593208677638477497,64738
193,or,CCONJ,3740602843040177340,64738,gay,PROPN,5754201015754630361,64738
194,gay,NOUN,5754201015754630361,64738,o,CONJ,1489474827855109852,64738
195,",",PUNCT,2593208677638477497,64738,",",PUNCT,2593208677638477497,64738
196,or,CCONJ,3740602843040177340,66741,0,0,0,0
197,more,ADJ,2160362229054775535,66741,0,0,0,0
198,than,SCONJ,10794458019344880855,66741,0,0,0,0
199,one,NUM,17454115351911680600,66741,0,0,0,0
200,at,ADP,11667289587015813222,66741,0,0,0,0
201,the,DET,7425985699627899538,66741,0,0,0,0
202,same,ADJ,7488871353255107396,66741,0,0,0,0
203,time,NOUN,8885804376230376864,66741,0,0,0,0
204,.,PUNCT,12646065887601541794,66741,0,0,0,0
205,In,ADP,17831099778462416609,68675,De,ADP,9709023768673339208,68675
206,fact,NOUN,3814049101131682695,68675,hecho,NOUN,12144731232849489260,68675
207,",",PUNCT,2593208677638477497,68675,",",PUNCT,2593208677638477497,68675
208,just,ADV,7148522813498185515,68675,justo,ADV,4783493462113517186,68675
209,as,SCONJ,7437575085468336610,68675,cuando,SCONJ,10847943810515898149,68675
210,I,PRON,4690420944186131903,68675,0,0,0,0
211,was,AUX,9921686513378912864,68675,estaba,AUX,14917719296641627475,68675
212,writing,VERB,9147119992364589469,68675,escribiendo,VERB,11927150492867919985,68675
213,this,DET,1995909169258310477,68675,esta,DET,5821559423218928566,68675
214,talk,NOUN,13939146775466599234,68675,charla,NOUN,17937607406850051373,68675
215,",",PUNCT,2593208677638477497,68675,",",PUNCT,2593208677638477497,68675
216,I,PRON,4690420944186131903,71364,encontré,PROPN,15476270622207129785,71364
217,found,VERB,602335199165703938,71364,de,ADP,11144093025662894627,71364
218,a,DET,11901859001352538922,71364,la,DET,6804705863737483857,71364
219,Twitter,PROPN,7346769842919679806,71364,Twitter,PROPN,7346769842919679806,71364
220,account,NOUN,16051117652154763083,71364,cuenta,NOUN,3545150841059450590,71364
221,called,VERB,3125235652374451650,71364,@SallyKohnSucks,PROPN,16100379084820750025,71364
222,@SallyKohnSucks,NOUN,16100379084820750025,71364,0,0,0,0
223,.,PUNCT,12646065887601541794,71364,.,PUNCT,12646065887601541794,71364
224,The,DET,5059648917813135842,76343,La,DET,6239908149323985340,76343
225,bio,NOUN,12962392644711165149,76343,semblanza,NOUN,15474591630238050050,76343
226,says,VERB,4123438333428864925,76343,dice,VERB,14840232511926861974,76343
227,that,SCONJ,4380130941430378203,76343,que,SCONJ,11474801393294414462,76343
228,I,PRON,4690420944186131903,76343,0,0,0,0
229,'m,AUX,8504683628951808721,76343,soy,AUX,17522542327445150890,76343
230,a,DET,11901859001352538922,76343,0,0,0,0
231,"""",PUNCT,15884554869126768810,79215,"""",PUNCT,15884554869126768810,78705
232,man,NOUN,3104811030673030468,79215,misántropa,NOUN,6287400152363487364,78705
233,-,PUNCT,9153284864653046197,79215,de,ADP,11144093025662894627,78705
234,hater,NOUN,13417661034204438903,79215,hombres,NOUN,15683330346129067872,78705
235,and,CCONJ,2283656566040971221,79215,y,CONJ,9409450202036847209,78705
236,a,DET,11901859001352538922,79215,una,DET,1019041181156623609,78705
237,bull,NOUN,14744197954752937931,79215,lesbiana,PROPN,5451264158225196917,78705
238,dyke,NOUN,10648981842496550697,79215,ultranza,NOUN,12262821465600941475,78705
239,and,CCONJ,2283656566040971221,79215,a,ADP,11901859001352538922,78705
240,the,DET,7425985699627899538,79215,0,0,0,0
241,only,ADJ,13398675276606405380,79215,0,0,0,0
242,thing,NOUN,2473243759842082748,79215,0,0,0,0
243,I,PRON,4690420944186131903,79215,0,0,0,0
244,'ve,AUX,2989924464908128948,79215,0,0,0,0
245,ever,ADV,6231102377460051108,79215,0,0,0,0
246,accomplished,VERB,2060189028350195771,79215,0,0,0,0
247,with,ADP,12510949447758279278,79215,0,0,0,0
248,my,DET,227504873216781231,79215,0,0,0,0
249,career,NOUN,16267834800013645067,79215,0,0,0,0
250,0,0,0,0,y,CONJ,9409450202036847209,81239
251,my,DET,227504873216781231,82724,lo,DET,12507729120330568444,81239
252,perverse,ADJ,13465183054185121866,82724,único,ADJ,292497849896629376,81239
253,0,0,0,0,que,PRON,11474801393294414462,81239
254,is,AUX,3411606890003347522,82724,he,AUX,1655312771067108281,81239
255,spreading,VERB,10503015920241131695,82724,logrado,VERB,5336135701115549906,81239
256,"""",PUNCT,15884554869126768810,82724,en,ADP,14626626061804382878,81239
257,.,PUNCT,12646065887601541794,82724,mi,DET,8676063341920465065,81239
258,sexuality,NOUN,12958126581610961365,82724,carrera,NOUN,17410845618979305672,81239
259,Which,DET,926517018282820098,85289,Lo,DET,3892584616005055440,85289
260,",",PUNCT,2593208677638477497,85289,",",PUNCT,2593208677638477497,85289
261,incidentally,ADV,8419182778609531243,85289,cual,PRON,7565172673427434311,85289
262,",",PUNCT,2593208677638477497,85289,por,ADP,18244196334509357400,85289
263,is,AUX,3411606890003347522,85289,es,AUX,10343076919720641053,85289
264,only,ADV,13398675276606405380,85289,cierto,ADJ,7125988886725757465,85289
265,a,DET,11901859001352538922,85289,una,DET,1019041181156623609,85289
266,third,ADJ,6297298663477291791,85289,correcto,ADJ,16554939987007159951,85289
267,correct,NOUN,14081323110006835451,85289,solo,NOUN,3505255310390259426,85289
268,.,PUNCT,12646065887601541794,85289,",",PUNCT,2593208677638477497,85289
269,I,PRON,4690420944186131903,87466,1/3,NUM,6810673748792931610,85289
270,mean,VERB,15580274710609099813,87466,0,0,0,0
271,",",PUNCT,2593208677638477497,87466,.,PUNCT,12646065887601541794,85289
272,lies,NOUN,14803739740077803148,87466,parte,NOUN,16514593513853944747,85289
273,!,PUNCT,17494803046312582752,87466,0,0,0,0
274,(,PUNCT,12638816674900267446,87466,0,0,0,0
275,Laughter,NOUN,9911806888783028371,87466,0,0,0,0
276,),PUNCT,3842344029291005339,87466,0,0,0,0
277,But,CCONJ,18004243461113809161,93000,Pero,CONJ,3012608552889114327,93000
278,seriously,ADV,6593976590948586841,93000,en,ADP,14626626061804382878,93000
279,",",PUNCT,2593208677638477497,93000,",",PUNCT,2593208677638477497,93000
280,we,PRON,16064069575701507746,93000,todos,PRON,5361417614589746890,93000
281,all,DET,13409319323822384369,93000,serio,NOUN,1339092195000448245,93000
282,say,VERB,8685289367999165211,93000,decimos,VERB,11247134518208511443,93000
283,we,PRON,16064069575701507746,93000,que,SCONJ,11474801393294414462,93000
284,hate,VERB,8706232279129489120,93000,odiamos,VERB,2741913224048768009,93000
285,this,DET,1995909169258310477,93000,esta,DET,5821559423218928566,93000
286,crap,NOUN,13278693729518646161,93000,basura,NOUN,4338283108695410972,93000
287,.,PUNCT,12646065887601541794,93000,",",PUNCT,2593208677638477497,93000
288,The,DET,5059648917813135842,95113,0,0,0,0
289,question,NOUN,10779227342117629034,95113,0,0,0,0
290,is,AUX,3411606890003347522,95113,0,0,0,0
291,whether,SCONJ,4099315622432746663,95113,0,0,0,0
292,you,PRON,7624161793554793053,95113,0,0,0,0
293,'re,AUX,523464648099722843,95113,0,0,0,0
294,willing,ADJ,9510057520540763910,95113,0,0,0,0
295,to,PART,3791531372978436496,95113,0,0,0,0
296,make,VERB,9614445426764226664,95113,0,0,0,0
297,a,DET,11901859001352538922,96930,la,DET,6804705863737483857,95693
298,sacrifice,NOUN,14898778281677100512,96930,pregunta,NOUN,4649682638661680852,95693
299,0,0,0,0,es,AUX,10343076919720641053,95693
300,to,PART,3791531372978436496,96930,si,SCONJ,13884469947995795204,95693
301,it,PRON,10239237003504588839,96930,uno,PRON,8171375619591740969,95693
302,0,0,0,0,está,AUX,4858725201161983290,95693
303,personal,ADJ,861244163374911113,96930,dispuesto,ADJ,8493695005942947568,95693
304,.,PUNCT,12646065887601541794,96930,a,ADP,11901859001352538922,95693
305,change,VERB,3979101002134440957,96930,hacer,VERB,17672920047749692400,95693
306,I,PRON,4690420944186131903,100118,me,PRON,18197037023634208128,100118
307,do,AUX,2158845516055552166,100118,No,ADV,9692231336188541085,100118
308,n't,PART,2043519015752540944,100118,a,ADP,11901859001352538922,100118
309,mean,VERB,15580274710609099813,100118,refiero,VERB,4176440523212514273,100118
310,giving,VERB,10623166193762383800,100118,renunciar,VERB,15420664438230089576,100118
311,up,ADP,2199259611705938403,100118,a,ADP,11901859001352538922,100118
312,the,DET,7425985699627899538,100118,la,DET,6804705863737483857,100118
313,Internet,NOUN,8006197966488148988,100118,Internet,PROPN,8006197966488148988,100118
314,.,PUNCT,12646065887601541794,100118,",",PUNCT,2593208677638477497,100118
315,I,PRON,4690420944186131903,101980,0,0,0,0
316,mean,VERB,15580274710609099813,101980,0,0,0,0
317,changing,VERB,2306089721827548330,101980,0,0,0,0
318,the,DET,7425985699627899538,101980,0,0,0,0
319,way,NOUN,6878210874361030284,101980,0,0,0,0
320,you,PRON,7624161793554793053,101980,0,0,0,0
321,click,VERB,16737171721823744534,101980,0,0,0,0
322,",",PUNCT,2593208677638477497,101980,0,0,0,0
323,because,SCONJ,16950148841647037698,104182,me,PRON,18197037023634208128,102240
324,clicking,VERB,16486659277948004491,104182,refiero,VERB,4176440523212514273,102240
325,is,AUX,3411606890003347522,104182,a,ADP,11901859001352538922,102240
326,0,0,0,0,cambiar,VERB,10581023033480433208,102240
327,a,DET,11901859001352538922,104182,la,DET,6804705863737483857,102240
328,act,NOUN,4330217062942772869,104182,forma,NOUN,16527481731563555432,102240
329,0,0,0,0,de,ADP,11144093025662894627,102240
330,0,0,0,0,hacer,VERB,17672920047749692400,102240
331,public,ADJ,12612542014536453279,104182,clic,ADJ,14675405961015736423,102240
332,.,PUNCT,12646065887601541794,104182,",",PUNCT,2593208677638477497,102240
333,It,PRON,7859011591137717335,107037,",",PUNCT,2593208677638477497,107037
334,'s,AUX,16428057658620181782,107037,es,AUX,10343076919720641053,107037
335,no,ADV,13055779130471031426,107037,no,ADV,13055779130471031426,107037
336,longer,ADV,2041435544530518504,107037,Ya,ADV,7497900188702657289,107037
337,the,DET,7425985699627899538,107037,el,DET,11488171005156075516,107037
338,case,NOUN,8110129090154140942,107037,caso,NOUN,9069133829606729899,107037
339,that,SCONJ,4380130941430378203,108710,que,SCONJ,11474801393294414462,108480
340,a,DET,11901859001352538922,108710,unas,DET,18208435281000627741,108480
341,few,ADJ,11866476999679706272,108710,0,0,0,0
342,powerful,ADJ,12699150645881488834,108710,poderosas,ADJ,1233907191163355779,108480
343,elites,NOUN,14609660474004523363,108710,élites,NOUN,1733266319801638880,108480
344,control,VERB,572204754761179701,108710,0,0,0,0
345,all,DET,13409319323822384369,108710,pocas,DET,3916783725080461771,108480
346,the,DET,7425985699627899538,108710,0,0,0,0
347,media,NOUN,5618787183034738284,108710,0,0,0,0
348,and,CCONJ,2283656566040971221,111121,controlan,VERB,10595198786551750219,110080
349,the,DET,7425985699627899538,111121,todos,DET,5361417614589746890,110080
350,rest,NOUN,10960894369163974213,111121,medios,NOUN,8252448307256786886,110080
351,of,ADP,886050111519832510,111121,los,DET,7307884290799599686,110080
352,us,PRON,4950757572332304006,111121,0,0,0,0
353,are,AUX,5012629990875267006,111121,0,0,0,0
354,just,ADV,7148522813498185515,111121,0,0,0,0
355,passive,ADJ,4749088698021217294,111121,0,0,0,0
356,receivers,NOUN,5050158801284135449,111121,0,0,0,0
357,.,PUNCT,12646065887601541794,111121,0,0,0,0
358,Increasingly,ADV,11664382090646983786,113360,y,CONJ,9409450202036847209,111810
359,all,DET,13409319323822384369,113360,el,DET,11488171005156075516,111810
360,",",PUNCT,2593208677638477497,113360,resto,NOUN,16269702270088081628,111810
361,0,0,0,0,de,ADP,11144093025662894627,111810
362,we,PRON,16064069575701507746,113360,nosotros,PRON,8669422429569711216,111810
363,'re,AUX,523464648099722843,113360,somos,AUX,7668595767991993784,111810
364,the,DET,7425985699627899538,113360,solo,ADJ,3505255310390259426,111810
365,media,NOUN,5618787183034738284,113360,receptores,NOUN,9447451944576235765,111810
366,0,0,0,0,pasivos,ADJ,1503083927078824620,111810
367,.,PUNCT,12646065887601541794,113360,.,PUNCT,12646065887601541794,111810
368,I,PRON,4690420944186131903,116172,Solía,AUX,1652316130752704822,116172
369,used,VERB,17544535479879614370,116172,pensar,VERB,2464981911360723565,116172
370,to,PART,3791531372978436496,116172,0,0,0,0
371,think,VERB,16875814820671380748,116172,está,AUX,4858725201161983290,116172
372,",",PUNCT,2593208677638477497,116172,",",PUNCT,2593208677638477497,116172
373,oh,INTJ,5503414810468166232,116172,oh,INTJ,5503414810468166232,116172
374,",",PUNCT,2593208677638477497,116172,",",PUNCT,2593208677638477497,116172
375,okay,INTJ,6434282243460496691,116172,bien,ADV,8265441118321635764,116172
376,",",PUNCT,2593208677638477497,116172,",",PUNCT,2593208677638477497,116172
377,I,PRON,4690420944186131903,116172,me,PRON,18197037023634208128,116172
378,get,VERB,2013399242189103424,116172,visto,VERB,7249354072924073641,116172
379,dressed,VERB,11212324635147856725,116172,0,0,0,0
380,up,ADP,2199259611705938403,116172,0,0,0,0
381,",",PUNCT,2593208677638477497,116172,",",PUNCT,2593208677638477497,116172
382,I,PRON,4690420944186131903,119332,me,PRON,18197037023634208128,119332
383,put,VERB,11532405253426108718,119332,pongo,VERB,3275535213861290915,119332
384,on,ADP,5640369432778651323,119332,0,0,0,0
385,a,DET,11901859001352538922,119332,mucho,DET,3038928633385455635,119332
386,lot,NOUN,6920515201346452032,119332,maquillaje,NOUN,16514999269853494778,119332
387,of,ADP,886050111519832510,119332,0,0,0,0
388,makeup,NOUN,1280561570596535245,119332,0,0,0,0
389,",",PUNCT,2593208677638477497,119332,",",PUNCT,2593208677638477497,119332
390,I,PRON,4690420944186131903,121238,la,DET,6804705863737483857,121238
391,go,VERB,8004577259940138793,121238,voy,VERB,17358577988603276780,121238
392,on,ADP,5640369432778651323,121238,de,ADP,11144093025662894627,121238
393,television,NOUN,3403785101479364457,121238,televisión,NOUN,13272485329931178610,121238
394,",",PUNCT,2593208677638477497,121238,",",PUNCT,2593208677638477497,121238
395,I,PRON,4690420944186131903,121238,hablo,NOUN,15776664324866988717,121238
396,talk,VERB,13939146775466599234,121238,0,0,0,0
397,about,ADP,942632335873952620,121238,de,ADP,11144093025662894627,121238
398,the,DET,7425985699627899538,121238,la,DET,6804705863737483857,121238
399,news,NOUN,7614825220766900367,121238,noticias,NOUN,3180388641408970422,121238
400,.,PUNCT,12646065887601541794,121238,.,PUNCT,12646065887601541794,121238
401,0,0,0,0,Eso,PRON,4568893308372095616,123116
402,is,AUX,3411606890003347522,123116,es,AUX,10343076919720641053,123116
403,a,DET,11901859001352538922,123116,un,DET,12188161997964598936,123116
404,act,NOUN,4330217062942772869,123116,acto,NOUN,9763063099327340419,123116
405,public,ADJ,12612542014536453279,123116,público,ADJ,10024981358365153720,123116
406,of,ADP,886050111519832510,123116,de,ADP,11144093025662894627,123116
407,making,VERB,200141916689428108,123116,hacer,VERB,17672920047749692400,123116
408,That,DET,4759254855483594167,123116,los,DET,7307884290799599686,123116
409,media,NOUN,5618787183034738284,123116,medios,NOUN,8252448307256786886,123116
410,0,0,0,0,de,ADP,11144093025662894627,123116
411,0,0,0,0,comunicación,NOUN,13491236727020250542,123116
412,.,PUNCT,12646065887601541794,123116,.,PUNCT,12646065887601541794,123116
413,And,CCONJ,12172435438170721471,126457,a,ADP,11901859001352538922,126457
414,then,ADV,2630753287402592467,126457,Luego,ADV,12469601405544975109,126457
415,I,PRON,4690420944186131903,126457,me,PRON,18197037023634208128,126457
416,go,VERB,8004577259940138793,126457,voy,VERB,17358577988603276780,126457
417,home,ADV,12006852138382633966,126457,casa,NOUN,749505760248740847,126457
418,and,CCONJ,2283656566040971221,126457,y,CONJ,9409450202036847209,126457
419,I,PRON,4690420944186131903,126457,navego,NOUN,14479488525198028505,126457
420,browse,VERB,6730751802107412412,126457,por,ADP,18244196334509357400,126457
421,the,DET,7425985699627899538,126457,la,DET,6804705863737483857,126457
422,web,NOUN,2420254652822703211,126457,web,NOUN,2420254652822703211,126457
423,and,CCONJ,2283656566040971221,128516,y,CONJ,9409450202036847209,128516
424,I,PRON,4690420944186131903,128516,leo,PROPN,2725285778202814672,128516
425,'m,AUX,8504683628951808721,128516,0,0,0,0
426,reading,VERB,6597542354426545486,128516,0,0,0,0
427,Twitter,PROPN,7346769842919679806,128516,Twitter,PROPN,7346769842919679806,128516
428,",",PUNCT,2593208677638477497,128516,",",PUNCT,2593208677638477497,128516
429,and,CCONJ,2283656566040971221,129652,y,CONJ,9409450202036847209,129652
430,that,DET,4380130941430378203,129652,eso,PRON,12716495710533357957,129652
431,'s,AUX,16428057658620181782,129652,es,AUX,10343076919720641053,129652
432,a,DET,11901859001352538922,129652,un,DET,12188161997964598936,129652
433,act,NOUN,4330217062942772869,129652,acto,NOUN,9763063099327340419,129652
434,private,ADJ,2647242751256194409,129652,privado,ADJ,14460779596923814684,129652
435,of,ADP,886050111519832510,129652,de,ADP,11144093025662894627,129652
436,consuming,VERB,17769153289138845659,129652,consumo,NOUN,6799949872990870278,129652
437,0,0,0,0,de,ADP,11144093025662894627,129652
438,media,NOUN,5618787183034738284,129652,medios,NOUN,8252448307256786886,129652
439,.,PUNCT,12646065887601541794,129652,.,PUNCT,12646065887601541794,129652
440,I,PRON,4690420944186131903,131769,decir,AUX,8511968184309850901,131729
441,mean,VERB,15580274710609099813,131769,Quiero,VERB,1587359813573428015,131729
442,",",PUNCT,2593208677638477497,131769,",",PUNCT,2593208677638477497,131729
443,of,ADP,886050111519832510,131769,claro,ADV,6793065022737864972,131729
444,course,NOUN,2739140241061867786,131769,que,SCONJ,11474801393294414462,131729
445,it,PRON,10239237003504588839,131769,lo,PRON,12507729120330568444,131729
446,is,AUX,3411606890003347522,131769,es,AUX,10343076919720641053,131729
447,.,PUNCT,12646065887601541794,131769,",",PUNCT,2593208677638477497,131729
448,I,PRON,4690420944186131903,131769,0,0,0,0
449,'m,AUX,8504683628951808721,131769,estoy,AUX,14706404543211496139,131729
450,in,ADP,3002984154512732771,131769,en,ADP,14626626061804382878,131729
451,my,DET,227504873216781231,131769,mi,DET,8676063341920465065,131729
452,pajamas,NOUN,6943646053918035307,131769,pijamas,NOUN,8384742213213853014,131729
453,.,PUNCT,12646065887601541794,131769,.,PUNCT,12646065887601541794,131729
454,Wrong,ADJ,1553820175538124950,134326,0,0,0,0
455,.,PUNCT,12646065887601541794,134326,0,0,0,0
456,Everything,PRON,5983311214872295403,136152,Todo,DET,1127858486081597420,136152
457,we,PRON,16064069575701507746,136152,lo,DET,12507729120330568444,136152
458,everything,PRON,9410232112791000120,136152,que,PRON,11474801393294414462,136152
459,blog,VERB,15165348605937479383,136152,blogueamos,VERB,7493834295236006921,136152
460,",",PUNCT,2593208677638477497,136152,",",PUNCT,2593208677638477497,136152
461,0,0,0,0,todo,DET,1039296168925561739,136152
462,Tweet,PROPN,7171765103887950110,136152,lo,DET,12507729120330568444,136152
463,we,PRON,16064069575701507746,136152,que,PRON,11474801393294414462,136152
464,0,0,0,0,tuiteamos,VERB,16249328693249852998,136152
465,",",PUNCT,2593208677638477497,136152,",",PUNCT,2593208677638477497,136152
466,and,CCONJ,2283656566040971221,138266,y,CONJ,9409450202036847209,138266
467,0,0,0,0,a,ADP,11901859001352538922,138266
468,we,PRON,16064069575701507746,138266,todo,PRON,1039296168925561739,138266
469,0,0,0,0,a,ADP,11901859001352538922,138266
470,0,0,0,0,lo,DET,12507729120330568444,138266
471,everything,PRON,9410232112791000120,138266,que,PRON,11474801393294414462,138266
472,click,VERB,16737171721823744534,138266,hacemos,VERB,3144093053378516910,138266
473,0,0,0,0,clic,NOUN,14675405961015736423,138266
474,is,AUX,3411606890003347522,141621,es,AUX,10343076919720641053,141621
475,a,DET,11901859001352538922,141621,un,DET,12188161997964598936,141621
476,act,NOUN,4330217062942772869,141621,acto,NOUN,9763063099327340419,141621
477,public,ADJ,12612542014536453279,141621,público,ADJ,10024981358365153720,141621
478,of,ADP,886050111519832510,141621,de,ADP,11144093025662894627,141621
479,making,VERB,200141916689428108,141621,estar,VERB,6576417655588717493,141621
480,0,0,0,0,en,ADP,14626626061804382878,141621
481,0,0,0,0,los,DET,7307884290799599686,141621
482,media,NOUN,5618787183034738284,141621,medios,NOUN,8252448307256786886,141621
483,.,PUNCT,12646065887601541794,141621,.,PUNCT,12646065887601541794,141621
484,We,PRON,15667417291854480293,144937,0,0,0,0
485,are,AUX,5012629990875267006,144937,Somos,AUX,16570482840273579618,144937
486,the,DET,7425985699627899538,144937,los,DET,7307884290799599686,144937
487,new,ADJ,4753564829687343602,144937,nuevos,ADJ,5997882555910684786,144937
488,editors,NOUN,6081780000180152742,144937,editores,NOUN,5415163059647346718,144937
489,.,PUNCT,12646065887601541794,144937,.,PUNCT,12646065887601541794,144937
490,We,PRON,15667417291854480293,146481,Nosotros,PRON,11120162301777470116,146481
491,decide,VERB,3634000357447379468,146481,decidimos,VERB,2732568530812456228,146481
492,0,0,0,0,lo,DET,12507729120330568444,146481
493,what,PRON,5865838185239622912,146481,que,PRON,11474801393294414462,146481
494,gets,VERB,15696715460206213879,146481,llama,VERB,10178042602320072607,146481
495,0,0,0,0,la,DET,6804705863737483857,146481
496,attention,NOUN,3758689755797932712,146481,atención,NOUN,4278380448285736899,146481
497,based,VERB,13565241290225188665,148313,base,NOUN,4715552063986449646,148313
498,on,ADP,5640369432778651323,148313,con,ADP,6945313634251781056,148313
499,what,PRON,5865838185239622912,148313,que,PRON,11474801393294414462,148313
500,we,PRON,16064069575701507746,148313,le,PRON,13361843836202591494,148313
501,give,VERB,11640825575873464194,148313,damos,VERB,6213586612219557050,148313
502,our,DET,17577015140245084783,148313,lo,DET,12507729120330568444,148313
503,attention,NOUN,3758689755797932712,148313,atención,NOUN,4278380448285736899,148313
504,to,ADP,3791531372978436496,148313,a,ADP,11901859001352538922,148313
505,.,PUNCT,12646065887601541794,148313,.,PUNCT,12646065887601541794,148313
506,That,DET,4759254855483594167,151110,como,SCONJ,3817173063683202752,151110
507,'s,AUX,16428057658620181782,151110,es,AUX,10343076919720641053,151110
508,how,ADV,16331095434822636218,151110,Así,ADV,13115577326766121063,151110
509,the,DET,7425985699627899538,151110,los,DET,7307884290799599686,151110
510,media,NOUN,5618787183034738284,151110,medios,NOUN,8252448307256786886,151110
511,works,VERB,13033479285224918482,151110,funcionan,VERB,529716772703559592,151110
512,now,ADV,17157488710739566268,151110,ahora,ADV,12999935214748759028,151110
513,.,PUNCT,12646065887601541794,151110,.,PUNCT,12646065887601541794,151110
514,There,PRON,6090035477591592277,152457,que,PRON,11474801393294414462,152457
515,'s,AUX,16428057658620181782,152457,Hay,AUX,5266732711504564964,152457
516,all,DET,13409319323822384369,152457,estos,DET,10436838843398290757,152457
517,these,DET,6459564349623679250,152457,todos,DET,5361417614589746890,152457
518,hidden,VERB,830457246522405261,152457,ocultos,ADJ,3002243261205722235,152457
519,algorithms,NOUN,17871777411560780215,152457,algoritmos,NOUN,4831996595118272004,152457
520,that,DET,4380130941430378203,152457,0,0,0,0
521,decide,VERB,3634000357447379468,152457,deciden,VERB,1126808314946680466,152457
522,what,PRON,5865838185239622912,154870,que,PRON,11474801393294414462,154870
523,you,PRON,7624161793554793053,154870,se,PRON,9839690450034771972,154870
524,see,VERB,11925638236994514241,154870,ve,VERB,10105644630884274164,154870
525,more,ADJ,2160362229054775535,154870,lo,DET,12507729120330568444,154870
526,of,ADP,886050111519832510,154870,más,ADV,13805553149795463782,154870
527,and,CCONJ,2283656566040971221,154870,y,CONJ,9409450202036847209,154870
528,what,PRON,5865838185239622912,154870,que,PRON,11474801393294414462,154870
529,we,PRON,16064069575701507746,154870,todos,PRON,5361417614589746890,154870
530,all,DET,13409319323822384369,154870,lo,DET,12507729120330568444,154870
531,see,VERB,11925638236994514241,154870,vemos,VERB,12055921169188878450,154870
532,more,ADJ,2160362229054775535,154870,más,ADV,13805553149795463782,154870
533,of,ADP,886050111519832510,154870,0,0,0,0
534,based,VERB,13565241290225188665,157133,basados,ADJ,16981297245474336405,157133
535,on,ADP,5640369432778651323,157133,en,ADP,14626626061804382878,157133
536,what,PRON,5865838185239622912,157133,lo,DET,12507729120330568444,157133
537,you,PRON,7624161793554793053,157133,que,PRON,11474801393294414462,157133
538,click,VERB,16737171721823744534,157133,hacemos,VERB,3144093053378516910,157133
539,on,ADP,5640369432778651323,157133,clic,ADV,14675405961015736423,157133
540,",",PUNCT,2593208677638477497,157133,",",PUNCT,2593208677638477497,157133
541,that,SCONJ,4380130941430378203,158890,que,SCONJ,11474801393294414462,158890
542,in,ADP,3002984154512732771,158890,a,ADP,11901859001352538922,158890
543,and,CCONJ,2283656566040971221,158890,su,DET,14248009254309298022,158890
544,turn,NOUN,7124218691546400199,158890,vez,NOUN,8246815288216585998,158890
545,shapes,VERB,7036309577762690867,158890,da,VERB,17784187696877778905,158890
546,culture,NOUN,6807689115566132187,158890,forma,NOUN,16527481731563555432,158890
547,whole,ADJ,16948554243429412012,158890,a,ADP,11901859001352538922,158890
548,our,DET,17577015140245084783,158890,toda,DET,6406953881253465916,158890
549,0,0,0,0,nuestra,DET,6434645427240457100,158890
550,0,0,0,0,cultura,NOUN,7029956933174437374,158890
551,.,PUNCT,12646065887601541794,158890,.,PUNCT,12646065887601541794,158890
552,Over,ADP,11459459833442753935,162956,de,ADP,11144093025662894627,162776
553,three,NUM,8241648526530492509,162956,Tres,NUM,10179527863393043694,162776
554,out,SCONJ,1696981056005371314,162956,que,SCONJ,11474801393294414462,162776
555,of,ADP,886050111519832510,162956,estadounidenses,NOUN,10367370712714650749,162776
556,five,NUM,12866751920382582095,162956,5,NUM,2090661578966068036,162776
557,Americans,PROPN,11011508796349597242,162956,piensan,VERB,7328092445825530554,162776
558,think,VERB,16875814820671380748,162956,tenemos,VERB,15443725945600917365,162776
559,we,PRON,16064069575701507746,162956,0,0,0,0
560,have,AUX,14692702688101715474,162956,0,0,0,0
561,a,DET,11901859001352538922,164911,0,0,0,0
562,major,ADJ,8334407161178086546,164911,0,0,0,0
563,incivility,NOUN,647395943777585882,164911,0,0,0,0
564,problem,NOUN,4473158105997569131,164911,0,0,0,0
565,in,ADP,3002984154512732771,164911,0,0,0,0
566,our,DET,17577015140245084783,164911,0,0,0,0
567,country,NOUN,12290671265767728302,164911,0,0,0,0
568,right,ADV,5943797630011647483,164911,0,0,0,0
569,now,ADV,17157488710739566268,164911,0,0,0,0
570,",",PUNCT,2593208677638477497,164911,0,0,0,0
571,but,CCONJ,14560795576765492085,168901,pero,CONJ,4949779210556390094,168901
572,I,PRON,4690420944186131903,168901,a,ADP,11901859001352538922,168901
573,'m,AUX,8504683628951808721,168901,voy,AUX,17358577988603276780,168901
574,going,VERB,14242014708739787450,168901,suponer,VERB,6475242323706459577,168901
575,to,PART,3791531372978436496,168901,al,ADP,8222700718889469974,168901
576,guess,VERB,1399273842756378753,168901,",",PUNCT,2593208677638477497,168901
577,that,SCONJ,4380130941430378203,168901,que,SCONJ,11474801393294414462,168901
578,at,ADV,11667289587015813222,168901,menos,ADV,1658803086761645025,168901
579,least,ADV,12059514183285037132,168901,",",PUNCT,2593208677638477497,168901
580,three,NUM,8241648526530492509,168901,3,NUM,602994839685422785,168901
581,out,SCONJ,1696981056005371314,168901,cada,NUM,9828466699353315767,168901
582,of,ADP,886050111519832510,168901,de,ADP,11144093025662894627,168901
583,five,NUM,12866751920382582095,168901,5,NUM,2090661578966068036,168901
584,Americans,PROPN,11011508796349597242,170635,clic,ADV,14675405961015736423,170635
585,are,AUX,5012629990875267006,170635,están,AUX,9329291831938041508,170635
586,clicking,VERB,16486659277948004491,170635,haciendo,VERB,13728506546301763949,170635
587,on,ADP,5640369432778651323,170635,en,ADP,14626626061804382878,170635
588,the,DET,7425985699627899538,170635,el,DET,11488171005156075516,170635
589,same,ADJ,7488871353255107396,170635,estadounidenses,ADJ,10367370712714650749,170635
590,insult,NOUN,8684206574059381032,170635,insulto,NOUN,10626622842278576725,170635
591,-,PUNCT,9153284864653046197,170635,mismo,DET,12984459046605325283,170635
592,oriented,VERB,12466555865644986555,170635,0,0,0,0
593,",",PUNCT,2593208677638477497,170635,",",PUNCT,2593208677638477497,170635
594,rumor,NOUN,16771570077472698255,174655,rumor,NOUN,16771570077472698255,174655
595,-,PUNCT,9153284864653046197,174655,0,0,0,0
596,mongering,VERB,4381747732712318107,174655,difundiendo,VERB,4702724934263479529,174655
597,trash,NOUN,3220905859265055540,174655,que,PRON,11474801393294414462,174655
598,that,DET,4380130941430378203,174655,el,DET,11488171005156075516,174655
599,feeds,VERB,9673259329426728161,174655,alimenta,VERB,3924108453913805879,174655
600,the,DET,7425985699627899538,176803,los,DET,7307884290799599686,176803
601,impulses,NOUN,58069691321955545,176803,impulsos,NOUN,1529042052530497587,176803
602,0,0,0,0,más,ADV,13805553149795463782,176803
603,nastiest,ADJ,5679487404310382878,176803,repugnantes,ADJ,17734479503301191742,176803
604,in,ADP,3002984154512732771,176803,de,ADP,11144093025662894627,176803
605,our,DET,17577015140245084783,176803,nuestra,DET,6434645427240457100,176803
606,society,NOUN,6115211683563355926,176803,sociedad,NOUN,137503196612391965,176803
607,.,PUNCT,12646065887601541794,176803,.,PUNCT,12646065887601541794,176803
608,In,ADP,17831099778462416609,179860,En,ADP,11159992760278512227,179860
609,an,DET,15099054000809333061,179860,un,DET,12188161997964598936,179860
610,media,NOUN,5618787183034738284,179860,panorama,NOUN,12860773524036892341,179860
611,noisy,ADJ,5527247695594041383,179860,mediático,ADJ,7770517756988210700,179860
612,0,0,0,0,cada,DET,9828466699353315767,179860
613,landscape,NOUN,5369216858408164426,179860,vez,NOUN,8246815288216585998,179860
614,increasingly,ADV,2326915202511957355,179860,más,ADV,13805553149795463782,179860
615,0,0,0,0,ruidoso,ADJ,10285619728868868052,179860
616,",",PUNCT,2593208677638477497,179860,",",PUNCT,2593208677638477497,179860
617,the,DET,7425985699627899538,183833,el,DET,11488171005156075516,183833
618,incentive,NOUN,4506879206716021486,183833,incentivo,NOUN,15660236403415201754,183833
619,is,AUX,3411606890003347522,183833,es,AUX,10343076919720641053,183833
620,to,PART,3791531372978436496,183833,0,0,0,0
621,make,VERB,9614445426764226664,183833,hacer,VERB,17672920047749692400,183833
622,more,ADJ,2160362229054775535,183833,más,ADV,13805553149795463782,183833
623,noise,NOUN,9047636790693523221,183833,ruido,NOUN,5641689291747680806,183833
624,to,PART,3791531372978436496,183833,para,ADP,17491956544424926374,183833
625,be,AUX,10382539506755952630,183833,ser,AUX,940341820454552972,183833
626,heard,VERB,12882971233254586938,183833,oído,VERB,359500221894984476,183833
627,",",PUNCT,2593208677638477497,183833,",",PUNCT,2593208677638477497,183833
628,and,CCONJ,2283656566040971221,187213,y,CONJ,9409450202036847209,187213
629,that,SCONJ,4380130941430378203,187213,esa,DET,12150002208949237779,187213
630,tyranny,NOUN,7645153046612934598,187213,tiranía,NOUN,18184975085986020666,187213
631,of,ADP,886050111519832510,187213,de,ADP,11144093025662894627,187213
632,the,DET,7425985699627899538,187213,lo,DET,12507729120330568444,187213
633,loud,ADJ,11807223555663610132,187213,escandaloso,ADJ,11341032438444523945,187213
634,encourages,VERB,5192788644928052476,190140,alienta,VERB,9211796344574077924,190140
635,the,DET,7425985699627899538,190140,la,DET,6804705863737483857,190140
636,tyranny,NOUN,7645153046612934598,190140,tiranía,NOUN,18184975085986020666,190140
637,of,ADP,886050111519832510,190140,de,ADP,11144093025662894627,190140
638,the,DET,7425985699627899538,190140,lo,DET,12507729120330568444,190140
639,nasty,ADJ,114514566756091865,190140,desagradable,ADJ,3781891458063917787,190140
640,.,PUNCT,12646065887601541794,190140,.,PUNCT,12646065887601541794,190140
641,It,PRON,7859011591137717335,193477,qué,PRON,2438889091638947136,193477
642,does,AUX,1818273248662495384,193477,tiene,AUX,12773169655925470509,193477
643,not,PART,447765159362469301,193477,por,ADP,18244196334509357400,193477
644,have,AUX,14692702688101715474,193477,ser,AUX,940341820454552972,193477
645,to,PART,3791531372978436496,193477,No,ADV,9692231336188541085,193477
646,be,AUX,10382539506755952630,193477,así,ADV,13388538489347049961,193477
647,that,DET,4380130941430378203,193477,0,0,0,0
648,way,NOUN,6878210874361030284,193477,0,0,0,0
649,.,PUNCT,12646065887601541794,193477,.,PUNCT,12646065887601541794,193477
650,0,0,0,0,No,ADV,9692231336188541085,196395
651,does,AUX,1818273248662495384,196395,tiene,AUX,12773169655925470509,196395
652,not,PART,447765159362469301,196395,por,ADP,18244196334509357400,196395
653,It,PRON,7859011591137717335,196395,qué,PRON,2438889091638947136,196395
654,.,PUNCT,12646065887601541794,196395,.,PUNCT,12646065887601541794,196395
655,We,PRON,15667417291854480293,197957,Podemos,AUX,14937822610883008360,197957
656,can,VERB,6635067063807956629,197957,cambiar,VERB,10581023033480433208,197957
657,change,VERB,3979101002134440957,197957,0,0,0,0
658,the,DET,7425985699627899538,197957,el,DET,11488171005156075516,197957
659,incentive,NOUN,4506879206716021486,197957,incentivo,NOUN,15660236403415201754,197957
660,.,PUNCT,12646065887601541794,197957,.,PUNCT,12646065887601541794,197957
661,For,ADP,423185678490233567,200832,Para,ADP,10333969874311743441,200832
662,starters,NOUN,3716413675640969706,200832,empezar,VERB,14534773321647898875,200832
663,",",PUNCT,2593208677638477497,200832,",",PUNCT,2593208677638477497,200832
664,there,PRON,2112642640949226496,200832,que,PRON,11474801393294414462,200832
665,are,AUX,5012629990875267006,200832,hay,AUX,7335652051276811590,200832
666,two,NUM,11711838292424000352,200832,dos,NUM,14014603652905717938,200832
667,things,NOUN,3586418546468265269,200832,cosas,NOUN,399513973913231652,200832
668,we,PRON,16064069575701507746,200832,todos,PRON,5361417614589746890,200832
669,can,VERB,6635067063807956629,200832,hacer,VERB,17672920047749692400,200832
670,all,DET,13409319323822384369,200832,0,0,0,0
671,do,AUX,2158845516055552166,200832,podemos,AUX,8521574907144439556,200832
672,.,PUNCT,12646065887601541794,200832,.,PUNCT,12646065887601541794,200832
673,First,ADV,16629723108568963832,202452,0,0,0,0
674,",",PUNCT,2593208677638477497,202452,0,0,0,0
675,do,AUX,2158845516055552166,202452,0,0,0,0
676,n't,PART,2043519015752540944,202452,0,0,0,0
677,just,ADV,7148522813498185515,202452,0,0,0,0
678,stand,VERB,16121235759125543490,202452,0,0,0,0
679,by,ADP,16764210730586636600,202452,0,0,0,0
680,the,DET,7425985699627899538,202452,0,0,0,0
681,sidelines,NOUN,9609085619823211934,202452,0,0,0,0
682,when,ADV,15807309897752499399,202452,0,0,0,0
683,you,PRON,7624161793554793053,202452,0,0,0,0
684,see,VERB,11925638236994514241,202452,0,0,0,0
685,someone,PRON,18024645270525013057,202452,0,0,0,0
686,getting,VERB,1385318218384692368,202452,0,0,0,0
687,hurt,VERB,5918664492005718706,202452,0,0,0,0
688,.,PUNCT,12646065887601541794,202452,0,0,0,0
689,If,SCONJ,9698320431655714481,206385,Si,SCONJ,17232677785023700288,206385
690,someone,PRON,18024645270525013057,206385,alguien,PRON,8221925569234736850,206385
691,is,AUX,3411606890003347522,206385,es,AUX,10343076919720641053,206385
692,being,AUX,3899131925553995529,206385,víctima,NOUN,4443290620514904085,206385
693,0,0,0,0,de,ADP,11144093025662894627,206385
694,online,ADV,16939458712515879433,206385,acoso,NOUN,586401619366475283,206385
695,0,0,0,0,en,ADP,14626626061804382878,206385
696,do,AUX,2158845516055552166,206385,línea,NOUN,4206860300322802285,206385
697,",",PUNCT,2593208677638477497,206385,",",PUNCT,2593208677638477497,206385
698,.,PUNCT,12646065887601541794,206385,¡,PUNCT,2520741703198981157,206385
699,abused,VERB,9737404892087964633,206385,hagan,VERB,12336340994754208448,206385
700,something,PRON,17370494668576369452,206385,algo,PRON,16528986040643271495,206385
701,0,0,0,0,!,PUNCT,17494803046312582752,206385
702,Be,AUX,3503697206246672715,210065,Sean,AUX,17055742167495155209,210065
703,a,DET,11901859001352538922,210065,0,0,0,0
704,hero,NOUN,4640963589946621993,210065,héroes,NOUN,7823617048544413131,210065
705,.,PUNCT,12646065887601541794,210065,.,PUNCT,12646065887601541794,210065
706,This,DET,12943039165150086467,210065,Esta,PRON,17550470709053160143,210065
707,is,AUX,3411606890003347522,210065,es,AUX,10343076919720641053,210065
708,your,DET,1572612192562026184,210065,su,DET,14248009254309298022,210065
709,chance,NOUN,3164149041490098205,210065,oportunidad,NOUN,5032943597530437384,210065
710,.,PUNCT,12646065887601541794,210065,.,PUNCT,12646065887601541794,210065
711,Speak,VERB,2914484226851064547,212194,Hablen,VERB,12053008847574568304,212194
712,up,ADP,2199259611705938403,212194,0,0,0,0
713,.,PUNCT,12646065887601541794,212194,.,PUNCT,12646065887601541794,212194
714,Speak,VERB,2914484226851064547,212194,Hablen,VERB,12053008847574568304,212194
715,out,ADP,1696981056005371314,212194,0,0,0,0
716,.,PUNCT,12646065887601541794,212194,.,PUNCT,12646065887601541794,212194
717,Be,AUX,3503697206246672715,212194,Sean,AUX,17055742167495155209,212194
718,a,DET,11901859001352538922,212194,0,0,0,0
719,good,ADJ,5711639017775284443,212194,buenas,ADJ,14992345775221652571,212194
720,person,NOUN,14800503047316267216,212194,personas,NOUN,1891828540174324529,212194
721,.,PUNCT,12646065887601541794,212194,.,PUNCT,12646065887601541794,212194
722,Drown,VERB,1195570173340414629,214545,Ahoguen,VERB,13053689788833948313,214545
723,out,ADP,1696981056005371314,214545,negativo,ADJ,5445479575834862174,214545
724,the,DET,7425985699627899538,214545,lo,DET,12507729120330568444,214545
725,negative,NOUN,11803922482410560765,214545,0,0,0,0
726,with,ADP,12510949447758279278,214545,con,ADP,6945313634251781056,214545
727,the,DET,7425985699627899538,214545,lo,DET,12507729120330568444,214545
728,positive,ADJ,8177200212695065927,214545,positivo,ADJ,15416336101326552937,214545
729,.,PUNCT,12646065887601541794,214545,.,PUNCT,12646065887601541794,214545
730,And,CCONJ,12172435438170721471,216841,Y,CONJ,16961793518281001049,216841
731,second,ADV,18193336062778529705,216841,en,ADP,14626626061804382878,216841
732,",",PUNCT,2593208677638477497,216841,",",PUNCT,2593208677638477497,216841
733,we,PRON,16064069575701507746,216841,lugar,NOUN,10339038341064447979,216841
734,'ve,AUX,2989924464908128948,216841,dejemos,AUX,10286791665395484122,216841
735,got,VERB,12579384389446384672,216841,segundo,ADJ,8839963191358427389,216841
736,to,PART,3791531372978436496,216841,de,ADP,11144093025662894627,216841
737,stop,VERB,8369783199685603043,216841,hacer,VERB,17672920047749692400,216841
738,clicking,VERB,16486659277948004491,216841,clic,NOUN,14675405961015736423,216841
739,on,ADP,5640369432778651323,220230,en,ADP,14626626061804382878,220020
740,the,DET,7425985699627899538,220230,el,DET,11488171005156075516,220020
741,-,PUNCT,9153284864653046197,220230,más,ADV,13805553149795463782,220020
742,lowest,ADJ,16406334500736089167,220230,bajo,ADJ,11323699158333276267,220020
743,-,PUNCT,9153284864653046197,220230,-,PUNCT,9153284864653046197,220020
744,common,ADJ,12010910475078340588,220230,común,ADJ,4500350802469696520,220020
745,",",PUNCT,2593208677638477497,220230,-,PUNCT,9153284864653046197,220020
746,denominator,NOUN,9107495506214570422,220230,denominador,NOUN,15196744455434451545,220020
747,bottom,NOUN,13703911000820534741,220230,del,ADP,14178434899903659559,220020
748,feeding,NOUN,9376892693972790949,220230,botón,NOUN,7086252316815767025,220020
749,-,PUNCT,9153284864653046197,220230,que,PRON,11474801393294414462,220020
750,0,0,0,0,alimenta,VERB,3924108453913805879,220020
751,linkbait,PROPN,4835303196175498661,222633,al,ADP,8222700718889469974,222633
752,0,0,0,0,enlace,NOUN,230041229722685332,222633
753,0,0,0,0,señuelo,NOUN,838144864036502831,222633
754,.,PUNCT,12646065887601541794,222633,.,PUNCT,12646065887601541794,222633
755,If,SCONJ,9698320431655714481,223999,Si,SCONJ,17232677785023700288,223999
756,you,PRON,7624161793554793053,223999,les,PRON,5902437463952755554,223999
757,do,AUX,2158845516055552166,223999,no,ADV,13055779130471031426,223999
758,n't,PART,2043519015752540944,223999,',SYM,11221368173670222813,223999
759,like,VERB,18194338103975822726,223999,gusta,VERB,9342077789922592292,223999
760,the,DET,7425985699627899538,223999,toda,DET,6406953881253465916,223999
761,24/7,NUM,14824452974497879837,223999,0,0,0,0
762,all,DET,13409319323822384369,223999,la,DET,6804705863737483857,223999
763,Kardashian,PROPN,7627642986688040448,223999,programación,NOUN,2137445214904991102,223999
764,all,DET,13409319323822384369,227571,todo,DET,1039296168925561739,227221
765,the,DET,7425985699627899538,227571,Kardashian,PROPN,7627642986688040448,227221
766,time,NOUN,8885804376230376864,227571,24/7,NUM,14824452974497879837,227221
767,programming,NOUN,17860067660221736314,227571,',SYM,11221368173670222813,227221
768,",",PUNCT,2593208677638477497,227571,",",PUNCT,2593208677638477497,227221
769,you,PRON,7624161793554793053,229253,que,SCONJ,11474801393294414462,229253
770,'ve,AUX,2989924464908128948,229253,dejar,AUX,10137495284736717373,229253
771,got,VERB,12579384389446384672,229253,tienen,VERB,2033244237142066090,229253
772,to,PART,3791531372978436496,229253,de,ADP,11144093025662894627,229253
773,stop,VERB,8369783199685603043,229253,hacer,VERB,17672920047749692400,229253
774,clicking,VERB,16486659277948004491,229253,clic,NOUN,14675405961015736423,229253
775,on,ADP,5640369432778651323,229253,en,ADP,14626626061804382878,229253
776,the,DET,7425985699627899538,229253,las,DET,6526950402091386798,229253
777,stories,NOUN,17024789678871039140,229253,historias,NOUN,15868718464784501436,229253
778,about,ADP,942632335873952620,231127,sobre,ADP,11374976834714679510,231127
779,Kim,PROPN,18334181510072437471,231127,las,DET,6526950402091386798,231127
780,0,0,0,0,fotos,NOUN,11000907112420350475,231127
781,'s,PART,16428057658620181782,231127,de,ADP,11144093025662894627,231127
782,0,0,0,0,los,DET,7307884290799599686,231127
783,sideboob,NOUN,13389616200092131984,231127,senos,NOUN,3713712435816404471,231127
784,0,0,0,0,de,ADP,11144093025662894627,231127
785,Kardashian,PROPN,7627642986688040448,231127,Kim,PROPN,18334181510072437471,231127
786,0,0,0,0,Kardashian,PROPN,7627642986688040448,231127
787,.,PUNCT,12646065887601541794,231127,.,PUNCT,12646065887601541794,231127
788,I,PRON,4690420944186131903,235070,que,SCONJ,11474801393294414462,235070
789,know,VERB,7743033266031195906,235070,hacen,VERB,13940557011682758216,235070
790,you,PRON,7624161793554793053,235070,lo,PRON,12507729120330568444,235070
791,do,AUX,2158845516055552166,235070,Sé,AUX,2303771216197516909,235070
792,it,PRON,10239237003504588839,235070,0,0,0,0
793,.,PUNCT,12646065887601541794,235070,(,PUNCT,12638816674900267446,235070
794,(,PUNCT,12638816674900267446,235070,.,PUNCT,12646065887601541794,235070
795,Applause,NOUN,8922310725892301193,235070,Aplausos,PROPN,5625793903345412492,235070
796,),PUNCT,3842344029291005339,235070,),PUNCT,3842344029291005339,235070
797,You,PRON,4678963469726251353,237874,Ud.,PROPN,1404373474500892445,237714
798,too,ADV,12286903790479710773,237874,también,ADV,18236539777431520510,237714
799,",",PUNCT,2593208677638477497,237874,",",PUNCT,2593208677638477497,237714
800,apparently,ADV,3032277038203448767,237874,al,ADP,8222700718889469974,237714
801,0,0,0,0,parecer,NOUN,4745823865919372956,237714
802,.,PUNCT,12646065887601541794,237874,.,PUNCT,12646065887601541794,237714
803,I,PRON,4690420944186131903,239814,De,ADP,9709023768673339208,239814
804,mean,VERB,15580274710609099813,239814,verdad,NOUN,7775753967344835232,239814
805,",",PUNCT,2593208677638477497,239814,",",PUNCT,2593208677638477497,239814
806,really,ADV,14653600329166397554,239814,el,DET,11488171005156075516,239814
807,",",PUNCT,2593208677638477497,239814,mismo,DET,12984459046605325283,239814
808,same,ADJ,7488871353255107396,239814,0,0,0,0
809,example,NOUN,899618643364689362,239814,ejemplo,NOUN,7343501568198578495,239814
810,:,PUNCT,11532473245541075862,239814,:,PUNCT,11532473245541075862,239814
811,if,SCONJ,12446819118446800910,240939,si,SCONJ,13884469947995795204,240779
812,you,PRON,7624161793554793053,240939,les,PRON,5902437463952755554,240779
813,do,AUX,2158845516055552166,240939,andan,AUX,1694640834820757550,240779
814,n't,PART,2043519015752540944,240939,no,ADV,13055779130471031426,240779
815,like,VERB,18194338103975822726,240939,gustan,VERB,1218652744987480078,240779
816,politicians,NOUN,14123226393137035974,240939,políticos,NOUN,10421840022848096574,240779
817,calling,VERB,8006877779156746716,240939,que,PRON,11474801393294414462,240779
818,each,DET,5379624210385286023,240939,los,DET,7307884290799599686,240779
819,other,ADJ,1176656782636220709,240939,se,PRON,9839690450034771972,240779
820,names,NOUN,10418055189834494426,240939,0,0,0,0
821,",",PUNCT,2593208677638477497,240939,0,0,0,0
822,stop,VERB,8369783199685603043,243436,insultando,VERB,11705250436869989547,240779
823,clicking,VERB,16486659277948004491,243436,0,0,0,0
824,on,ADP,5640369432778651323,243436,0,0,0,0
825,the,DET,7425985699627899538,243436,0,0,0,0
826,stories,NOUN,17024789678871039140,243436,0,0,0,0
827,about,ADP,942632335873952620,245147,del,ADP,14178434899903659559,245147
828,what,PRON,5865838185239622912,245147,que,PRON,11474801393294414462,245147
829,one,NUM,17454115351911680600,245147,acerca,ADV,4355306406960221317,245147
830,guy,NOUN,13296119330568554208,245147,tipo,NOUN,4791739812770415521,245147
831,in,ADP,3002984154512732771,245147,de,ADP,11144093025662894627,245147
832,one,NUM,17454115351911680600,245147,0,0,0,0
833,party,NOUN,12938509253927915405,245147,partido,NOUN,5254969296215430677,245147
834,called,VERB,3125235652374451650,245147,insultó,VERB,11080129792786795783,245147
835,the,DET,7425985699627899538,245147,un,DET,12188161997964598936,245147
836,other,ADJ,1176656782636220709,245147,al,ADP,8222700718889469974,245147
837,guy,NOUN,13296119330568554208,245147,partido,NOUN,5254969296215430677,245147
838,in,ADP,3002984154512732771,245147,del,ADP,14178434899903659559,245147
839,the,DET,7425985699627899538,245147,otro,DET,2936243016579165257,245147
840,other,ADJ,1176656782636220709,245147,0,0,0,0
841,party,NOUN,12938509253927915405,245147,0,0,0,0
842,.,PUNCT,12646065887601541794,245147,.,PUNCT,12646065887601541794,245147
843,Clicking,VERB,12456786581942483683,248207,Hacer,VERB,441854699956016452,248207
844,on,ADP,5640369432778651323,248207,en,ADP,14626626061804382878,248207
845,a,DET,11901859001352538922,248207,un,DET,12188161997964598936,248207
846,train,NOUN,810618180531611251,248207,clic,NOUN,14675405961015736423,248207
847,wreck,NOUN,29871813533935582,248207,choque,NOUN,18095267773433866979,248207
848,just,ADV,7148522813498185515,248207,solo,ADJ,3505255310390259426,248207
849,pours,VERB,16671540499163311100,248207,vierte,PROPN,4652516862851077309,248207
850,gasoline,NOUN,304721130876186452,248207,trenes,NOUN,1451121148782693774,248207
851,on,ADP,5640369432778651323,248207,de,ADP,11144093025662894627,248207
852,it,PRON,10239237003504588839,248207,gasolina,ADJ,8292619425569158823,248207
853,.,PUNCT,12646065887601541794,248207,.,PUNCT,12646065887601541794,248207
854,It,PRON,7859011591137717335,250998,que,SCONJ,11474801393294414462,250998
855,makes,VERB,13268885963146728493,250998,Hacen,VERB,4266357108975376797,250998
856,it,PRON,10239237003504588839,250998,sea,AUX,3315219263181363146,250998
857,worse,ADJ,15932487760797679903,250998,peor,ADJ,16171748565850799409,250998
858,",",PUNCT,2593208677638477497,250998,",",PUNCT,2593208677638477497,250998
859,the,DET,7425985699627899538,250998,el,DET,11488171005156075516,250998
860,fire,NOUN,136626128350750948,250998,fuego,NOUN,15138422145523364958,250998
861,spreads,VERB,7069831826433700299,250998,extiende,VERB,15403951105791174739,250998
862,.,PUNCT,12646065887601541794,250998,.,PUNCT,12646065887601541794,250998
863,Our,DET,10852253267983130536,252920,se,PRON,9839690450034771972,250998
864,whole,ADJ,16948554243429412012,252920,0,0,0,0
865,culture,NOUN,6807689115566132187,252920,0,0,0,0
866,gets,VERB,15696715460206213879,252920,0,0,0,0
867,burned,VERB,11950104842821708101,252920,0,0,0,0
868,.,PUNCT,12646065887601541794,252920,0,0,0,0
869,If,SCONJ,9698320431655714481,256917,Si,SCONJ,17232677785023700288,256917
870,0,0,0,0,el,DET,11488171005156075516,256917
871,what,PRON,5865838185239622912,256917,que,PRON,11474801393294414462,256917
872,gets,VERB,15696715460206213879,256917,obtiene,VERB,11945161457685000213,256917
873,the,DET,7425985699627899538,256917,el,DET,11488171005156075516,256917
874,most,ADJ,11104729984170784471,256917,mayor,ADJ,1079668927252362454,256917
875,clicks,NOUN,7830989392151576161,256917,número,NOUN,2596223071726183620,256917
876,0,0,0,0,de,ADP,11144093025662894627,256917
877,0,0,0,0,clics,PROPN,12888085886737743251,256917
878,wins,VERB,2428581233062009310,256917,gana,VERB,15793048362126641267,256917
879,",",PUNCT,2593208677638477497,256917,",",PUNCT,2593208677638477497,256917
880,then,ADV,2630753287402592467,260050,entonces,ADV,2260322170557434109,260050
881,we,PRON,16064069575701507746,260050,que,SCONJ,11474801393294414462,260050
882,have,AUX,14692702688101715474,260050,empezar,AUX,14534773321647898875,260050
883,to,PART,3791531372978436496,260050,a,ADP,11901859001352538922,260050
884,start,VERB,6480458294193393462,260050,tenemos,VERB,15443725945600917365,260050
885,shaping,VERB,6479422383652019059,260050,dar,VERB,3476482575950729294,260050
886,the,DET,7425985699627899538,260050,0,0,0,0
887,world,NOUN,1703489418272052182,260050,forma,NOUN,16527481731563555432,260050
888,we,PRON,16064069575701507746,260050,que,PRON,11474801393294414462,260050
889,want,VERB,7597692042947428029,260050,queremos,VERB,13823187890429037213,260050
890,with,ADP,12510949447758279278,262921,al,ADP,8222700718889469974,260050
891,our,DET,17577015140245084783,262921,0,0,0,0
892,clicks,NOUN,7830989392151576161,262921,mundo,NOUN,4571220300153094564,260050
893,",",PUNCT,2593208677638477497,262921,0,0,0,0
894,because,SCONJ,16950148841647037698,264890,porque,SCONJ,5757082442330786044,264890
895,clicking,VERB,16486659277948004491,264890,hacer,VERB,17672920047749692400,264890
896,0,0,0,0,clic,NOUN,14675405961015736423,264890
897,is,AUX,3411606890003347522,264890,es,AUX,10343076919720641053,264890
898,a,DET,11901859001352538922,264890,un,DET,12188161997964598936,264890
899,act,NOUN,4330217062942772869,264890,acto,NOUN,9763063099327340419,264890
900,public,ADJ,12612542014536453279,264890,público,ADJ,10024981358365153720,264890
901,.,PUNCT,12646065887601541794,264890,.,PUNCT,12646065887601541794,264890
902,So,CCONJ,3893465145528745987,268776,Entonces,ADV,1871212532239362114,268776
903,click,VERB,16737171721823744534,268776,hagan,VERB,12336340994754208448,268776
904,responsibly,ADV,7219681877595319698,268776,clic,ADV,14675405961015736423,268776
905,.,PUNCT,12646065887601541794,268776,en,ADP,14626626061804382878,268776
906,Thank,VERB,11061341230758823191,268776,forma,NOUN,16527481731563555432,268776
907,you,PRON,7624161793554793053,268776,responsable,ADJ,3480042803019351635,268776
908,.,PUNCT,12646065887601541794,268776,.,PUNCT,12646065887601541794,268776
909,Applause,NOUN,8922310725892301193,271256,Gracias,NOUN,13343105967155848449,268776
910,(,PUNCT,12638816674900267446,271256,.,PUNCT,12646065887601541794,268776
911,),PUNCT,3842344029291005339,271256,(,PUNCT,12638816674900267446,271255
912,0,0,0,0,Aplausos,PROPN,5625793903345412492,271255
913,0,0,0,0,),PUNCT,3842344029291005339,271255
