,0,1,2,3,4,5,6,7
0,He,PRON,1692983299745037067,15260,Les,PRON,16238897526868850703,15260
1,Meet,PROPN,5732936060107625057,15260,presento,VERB,18154598815278496812,15260
2,0,0,0,0,a,ADP,11901859001352538922,15260
3,Tony,PROPN,6264788433036469392,15260,Tony,PROPN,6264788433036469392,15260
4,.,PUNCT,12646065887601541794,15260,.,PUNCT,12646065887601541794,15260
5,'s,AUX,16428057658620181782,15260,Es,AUX,13491050862432847103,15260
6,my,DET,227504873216781231,15260,mi,DET,8676063341920465065,15260
7,student,NOUN,8980609300697527695,15260,estudiante,NOUN,14191725237961073122,15260
8,.,PUNCT,12646065887601541794,15260,.,PUNCT,12646065887601541794,15260
9,He,PRON,1692983299745037067,17260,Tiene,VERB,1052669242959216370,17260
10,'s,AUX,16428057658620181782,17260,más,ADV,13805553149795463782,17260
11,about,ADP,942632335873952620,17260,o,CONJ,1489474827855109852,17260
12,0,0,0,0,menos,ADV,1658803086761645025,17260
13,my,DET,227504873216781231,17260,mi,DET,8676063341920465065,17260
14,age,NOUN,10400321950887182855,17260,edad,NOUN,5172566164835187494,17260
15,",",PUNCT,2593208677638477497,17260,.,PUNCT,12646065887601541794,17260
16,and,CCONJ,2283656566040971221,19260,y,CONJ,9409450202036847209,19260
17,he,PRON,1655312771067108281,19260,está,VERB,4858725201161983290,19260
18,in,ADP,3002984154512732771,19260,en,ADP,14626626061804382878,19260
19,'s,AUX,16428057658620181782,19260,la,DET,6804705863737483857,19260
20,San,PROPN,3773977487523899267,19260,prisión,NOUN,4286537370485861601,19260
21,Quentin,PROPN,12331904701433567392,19260,estatal,ADJ,1576647885939009147,19260
22,0,0,0,0,de,ADP,11144093025662894627,19260
23,Prison,PROPN,731185803171984966,19260,San,PROPN,3773977487523899267,19260
24,State,PROPN,3438489356621435858,19260,Quentin,PROPN,12331904701433567392,19260
25,.,PUNCT,12646065887601541794,19260,.,PUNCT,12646065887601541794,19260
26,When,ADV,10109588199364727116,22260,Cuando,SCONJ,15264642694225760754,22260
27,Tony,PROPN,6264788433036469392,22260,Tony,PROPN,6264788433036469392,22260
28,was,AUX,9921686513378912864,22260,tenía,VERB,9004033731572856802,22260
29,16,NUM,4206877449096176963,22260,16,NUM,4206877449096176963,22260
30,years,NOUN,9492612516460955585,22260,años,NOUN,8746864843512539013,22260
31,old,ADJ,2483095116303079762,22260,0,0,0,0
32,",",PUNCT,2593208677638477497,22260,",",PUNCT,2593208677638477497,22260
33,one,NUM,17454115351911680600,25260,un,DET,12188161997964598936,25260
34,day,NOUN,1608482186128794349,25260,día,NOUN,10320613927756879670,25260
35,",",PUNCT,2593208677638477497,25260,",",PUNCT,2593208677638477497,25260
36,one,NUM,17454115351911680600,25260,un,DET,12188161997964598936,25260
37,moment,NOUN,12670099585788978990,25260,momento,NOUN,7830912342853916375,25260
38,",",PUNCT,2593208677638477497,25260,",",PUNCT,2593208677638477497,25260
39,"""",PUNCT,15884554869126768810,28260,"""",PUNCT,15884554869126768810,28260
40,It,PRON,7859011591137717335,28260,la,DET,6804705863737483857,28260
41,was,AUX,9921686513378912864,28260,Era,AUX,16977074426817811479,28260
42,mom,NOUN,13669990404442017371,28260,pistola,NOUN,15411792642621745163,28260
43,'s,PART,16428057658620181782,28260,de,ADP,11144093025662894627,28260
44,gun,NOUN,13147270921823205662,28260,mamá,PROPN,16667376263355119416,28260
45,.,PUNCT,12646065887601541794,28260,.,PUNCT,12646065887601541794,28260
46,Just,ADV,1627781620377393522,30260,sólo,ADV,1731802597531206513,30260
47,flash,VERB,12419743338797368056,30260,muéstrala,VERB,9094255916483370255,30260
48,it,PRON,10239237003504588839,30260,asusta,NOUN,11512091210721396230,30260
49,",",PUNCT,2593208677638477497,30260,",",PUNCT,2593208677638477497,30260
50,scare,VERB,11215537710704286927,30260,al,ADP,8222700718889469974,30260
51,the,DET,7425985699627899538,30260,0,0,0,0
52,guy,NOUN,13296119330568554208,30260,tipo,NOUN,4791739812770415521,30260
53,.,PUNCT,12646065887601541794,30260,.,PUNCT,12646065887601541794,30260
54,He,PRON,1692983299745037067,30260,0,0,0,0
55,'s,AUX,16428057658620181782,30260,Es,AUX,13491050862432847103,30260
56,a,DET,11901859001352538922,30260,un,DET,12188161997964598936,30260
57,punk,NOUN,3094707084607787081,30260,vándalo,NOUN,5660761252910978170,30260
58,.,PUNCT,12646065887601541794,30260,.,PUNCT,12646065887601541794,30260
59,He,PRON,1692983299745037067,32260,nosotros,PRON,8669422429569711216,32260
60,took,VERB,1524062747651706878,32260,tomó,VERB,15274977929225699295,32260
61,some,DET,7000492816108906599,32260,El,DET,2536664749893722438,32260
62,money,NOUN,14917444839815175757,32260,dinero,NOUN,13356274629815975018,32260
63,;,PUNCT,631425121691394544,32260,;,PUNCT,631425121691394544,32260
64,we,PRON,16064069575701507746,32260,Eso,PRON,4568893308372095616,32260
65,'ll,VERB,5816706412157836887,32260,tomaremos,VERB,829302430269083085,32260
66,take,VERB,6789454535283781228,32260,0,0,0,0
67,his,DET,2661093235354845946,32260,su,DET,14248009254309298022,32260
68,money,NOUN,14917444839815175757,32260,dinero,NOUN,13356274629815975018,32260
69,.,PUNCT,12646065887601541794,32260,.,PUNCT,12646065887601541794,32260
70,That,DET,4759254855483594167,32260,0,0,0,0
71,'ll,VERB,5816706412157836887,32260,enseñará,VERB,936925396354652273,32260
72,teach,VERB,9298866405196777311,32260,0,0,0,0
73,him,PRON,1739263527992748485,32260,le,PRON,13361843836202591494,32260
74,.,PUNCT,12646065887601541794,32260,.,PUNCT,12646065887601541794,32260
75,Then,ADV,3636093925232013737,34260,Luego,ADV,12469601405544975109,34260
76,last,ADJ,10321518907502812892,34260,último,ADJ,14999529052226772459,34260
77,minute,NOUN,11139402979604626973,34260,minuto,NOUN,550470379937037463,34260
78,",",PUNCT,2593208677638477497,34260,",",PUNCT,2593208677638477497,34260
79,I,PRON,4690420944186131903,34260,el,DET,11488171005156075516,34260
80,'m,AUX,8504683628951808721,34260,en,ADP,14626626061804382878,34260
81,thinking,VERB,10346293177613240481,34260,pienso,VERB,4173452786608630139,34260
82,",",PUNCT,2593208677638477497,34260,.,PUNCT,12646065887601541794,34260
83,',PUNCT,11221368173670222813,34260,"""",PUNCT,15884554869126768810,34260
84,Ca,VERB,17798231790394214103,34260,hacerlo,VERB,6668681168260901574,34260
85,n't,PART,2043519015752540944,34260,No,ADV,9692231336188541085,34260
86,do,AUX,2158845516055552166,34260,puedo,AUX,12531986228534493661,34260
87,this,DET,1995909169258310477,34260,0,0,0,0
88,.,PUNCT,12646065887601541794,34260,.,PUNCT,12646065887601541794,34260
89,This,DET,12943039165150086467,34260,mal,ADV,17891639207125098893,34260
90,is,AUX,3411606890003347522,34260,Está,AUX,9379993730034426059,34260
91,wrong,ADJ,6602569202175044994,34260,0,0,0,0
92,.,PUNCT,12646065887601541794,34260,.,PUNCT,12646065887601541794,34260
93,',PUNCT,11221368173670222813,34260,"""",PUNCT,15884554869126768810,34260
94,My,DET,16248400320781648534,37260,Mi,DET,16281271840332988529,37260
95,buddy,NOUN,4595025788825382753,37260,compañero,NOUN,15165260771266397096,37260
96,says,VERB,4123438333428864925,37260,dice,VERB,14840232511926861974,37260
97,",",PUNCT,2593208677638477497,37260,:,PUNCT,11532473245541075862,37260
98,',PUNCT,11221368173670222813,37260,"""",PUNCT,15884554869126768810,37260
99,C'mon,PROPN,7568282227522443924,37260,hagámoslo,PROPN,5677024878441626943,37260
100,",",PUNCT,2593208677638477497,37260,",",PUNCT,2593208677638477497,37260
101,let,VERB,278066919066513387,37260,Vamos,VERB,5849653612638319215,37260
102,'s,PRON,16428057658620181782,37260,0,0,0,0
103,do,AUX,2158845516055552166,37260,0,0,0,0
104,this,DET,1995909169258310477,37260,0,0,0,0
105,.,PUNCT,12646065887601541794,37260,.,PUNCT,12646065887601541794,37260
106,',PUNCT,11221368173670222813,37260,"""",PUNCT,15884554869126768810,37260
107,I,PRON,4690420944186131903,39260,Yo,PRON,2551954419372217230,39260
108,say,VERB,8685289367999165211,39260,digo,VERB,9475697744358372104,39260
109,",",PUNCT,2593208677638477497,39260,:,PUNCT,11532473245541075862,39260
110,',PUNCT,11221368173670222813,39260,"""",PUNCT,15884554869126768810,39260
111,Let,VERB,16084663469996431762,39260,0,0,0,0
112,'s,PRON,16428057658620181782,39260,bien,ADV,8265441118321635764,39260
113,do,AUX,2158845516055552166,39260,Está,AUX,9379993730034426059,39260
114,this,DET,1995909169258310477,39260,hagámoslo,ADJ,5677024878441626943,39260
115,.,PUNCT,12646065887601541794,39260,.,PUNCT,12646065887601541794,39260
116,',PUNCT,11221368173670222813,39260,"""",PUNCT,15884554869126768810,39260
117,"""",PUNCT,15884554869126768810,39260,0,0,0,0
118,And,CCONJ,12172435438170721471,44260,Y,CONJ,16961793518281001049,44260
119,those,DET,5224941539530611462,44260,esas,DET,10655423642715274542,44260
120,three,NUM,8241648526530492509,44260,tres,NUM,12263923104162374949,44260
121,words,NOUN,10289140944597012527,44260,palabras,NOUN,3921818150534016708,44260
122,",",PUNCT,2593208677638477497,44260,",",PUNCT,2593208677638477497,44260
123,Tony,PROPN,6264788433036469392,44260,Tony,PROPN,6264788433036469392,44260
124,'s,AUX,16428057658620181782,44260,las,PRON,6526950402091386798,44260
125,going,VERB,14242014708739787450,44260,recordaría,VERB,14044151635657666410,44260
126,to,PART,3791531372978436496,44260,0,0,0,0
127,remember,VERB,11373740451506967222,44260,0,0,0,0
128,",",PUNCT,2593208677638477497,44260,.,PUNCT,12646065887601541794,44260
129,because,SCONJ,16950148841647037698,46260,porque,SCONJ,5757082442330786044,46260
130,the,DET,7425985699627899538,46260,lo,DET,12507729120330568444,46260
131,next,ADJ,5589923990388768802,46260,siguiente,ADJ,4459599829713956026,46260
132,thing,NOUN,2473243759842082748,46260,0,0,0,0
133,he,PRON,1655312771067108281,46260,que,PRON,11474801393294414462,46260
134,knows,VERB,12482542522143860250,46260,sabe,VERB,3542421993745559064,46260
135,",",PUNCT,2593208677638477497,46260,",",PUNCT,2593208677638477497,46260
136,he,PRON,1655312771067108281,46260,que,SCONJ,11474801393294414462,46260
137,hears,VERB,13190438641743681104,46260,escucha,VERB,16914211219463419068,46260
138,the,DET,7425985699627899538,46260,es,AUX,10343076919720641053,46260
139,pop,NOUN,2092884534626628341,46260,pop,NOUN,2092884534626628341,46260
140,.,PUNCT,12646065887601541794,46260,.,PUNCT,12646065887601541794,46260
141,There,PRON,6090035477591592277,48260,Y,CONJ,16961793518281001049,48260
142,'s,AUX,16428057658620181782,48260,ahí,ADV,4140609571907907820,48260
143,0,0,0,0,está,VERB,4858725201161983290,48260
144,the,DET,7425985699627899538,48260,el,DET,11488171005156075516,48260
145,punk,NOUN,3094707084607787081,48260,vándalo,NOUN,5660761252910978170,48260
146,on,ADP,5640369432778651323,48260,en,ADP,14626626061804382878,48260
147,the,DET,7425985699627899538,48260,el,DET,11488171005156075516,48260
148,ground,NOUN,4892022129125508466,48260,suelo,NOUN,10850167587271018282,48260
149,",",PUNCT,2593208677638477497,48260,",",PUNCT,2593208677638477497,48260
150,of,ADP,886050111519832510,48260,en,ADP,14626626061804382878,48260
151,0,0,0,0,un,DET,12188161997964598936,48260
152,blood,NOUN,2077320337565082816,48260,charco,NOUN,7226993991368391362,48260
153,0,0,0,0,de,ADP,11144093025662894627,48260
154,puddle,NOUN,10439383344038018109,48260,sangre,NOUN,6837531816263214071,48260
155,.,PUNCT,12646065887601541794,48260,.,PUNCT,12646065887601541794,48260
156,And,CCONJ,12172435438170721471,50260,Y,CONJ,16961793518281001049,50260
157,that,DET,4380130941430378203,50260,esto,PRON,1761747332550045118,50260
158,'s,AUX,16428057658620181782,50260,es,AUX,10343076919720641053,50260
159,felony,NOUN,11343342261938952781,50260,homicidio,NOUN,4904629414027760396,50260
160,murder,NOUN,730091238969817242,50260,0,0,0,0
161,--,PUNCT,10501404726543969396,50260,.,PUNCT,12646065887601541794,50260
162,25,NUM,4522981160172931067,52260,25,NUM,4522981160172931067,52260
163,life,NOUN,16477424308483498569,52260,años,NOUN,8746864843512539013,52260
164,to,ADP,3791531372978436496,52260,a,ADP,11901859001352538922,52260
165,parole,NOUN,6458725759389187107,52260,prisión,NOUN,4286537370485861601,52260
166,",",PUNCT,2593208677638477497,52260,",",PUNCT,2593208677638477497,52260
167,at,ADP,11667289587015813222,52260,con,ADP,6945313634251781056,52260
168,0,0,0,0,suerte,NOUN,4784263400011316319,52260
169,if,SCONJ,12446819118446800910,52260,",",PUNCT,2593208677638477497,52260
170,you,PRON,7624161793554793053,52260,libertad,NOUN,5404866684894160663,52260
171,lucky,ADJ,12044165502431558930,52260,condicional,ADJ,13927969922438795483,52260
172,'re,AUX,523464648099722843,52260,a,ADP,11901859001352538922,52260
173,0,0,0,0,los,DET,7307884290799599686,52260
174,50,NUM,16774477578904899363,52260,50,NUM,16774477578904899363,52260
175,",",PUNCT,2593208677638477497,52260,.,PUNCT,12646065887601541794,52260
176,and,CCONJ,2283656566040971221,54260,y,CONJ,9409450202036847209,54260
177,Tony,PROPN,6264788433036469392,54260,Tony,PROPN,6264788433036469392,54260
178,very,ADV,9548244504980166557,54260,no,ADV,13055779130471031426,54260
179,not,PART,447765159362469301,54260,se,PRON,9839690450034771972,54260
180,feeling,VERB,15873186554868950905,54260,siente,VERB,10441545326106892997,54260
181,'s,AUX,16428057658620181782,54260,con,ADP,6945313634251781056,54260
182,lucky,ADJ,12044165502431558930,54260,mucha,DET,4628243562065350568,54260
183,0,0,0,0,suerte,NOUN,4784263400011316319,54260
184,.,PUNCT,12646065887601541794,54260,.,PUNCT,12646065887601541794,54260
185,So,ADV,3893465145528745987,57260,Así,ADV,13115577326766121063,57260
186,when,ADV,15807309897752499399,57260,que,SCONJ,11474801393294414462,57260
187,we,PRON,16064069575701507746,57260,al,ADP,8222700718889469974,57260
188,meet,VERB,6880656908171229526,57260,conocernos,NOUN,4288591982234810465,57260
189,in,ADP,3002984154512732771,57260,en,ADP,14626626061804382878,57260
190,my,DET,227504873216781231,57260,mi,DET,8676063341920465065,57260
191,philosophy,NOUN,6837708876254048417,57260,clase,NOUN,5546977650764052488,57260
192,class,NOUN,12859657019542931961,57260,filosofía,NOUN,9107160351437058120,57260
193,in,ADP,3002984154512732771,57260,de,ADP,11144093025662894627,57260
194,his,DET,2661093235354845946,57260,en,ADP,14626626061804382878,57260
195,prison,NOUN,10632972090972181056,57260,prisión,NOUN,4286537370485861601,57260
196,and,CCONJ,2283656566040971221,60260,y,CONJ,9409450202036847209,60260
197,I,PRON,4690420944186131903,60260,0,0,0,0
198,say,VERB,8685289367999165211,60260,digo,VERB,9475697744358372104,60260
199,",",PUNCT,2593208677638477497,60260,"""",PUNCT,15884554869126768810,60260
200,"""",PUNCT,15884554869126768810,60260,",",PUNCT,2593208677638477497,60260
201,In,ADP,17831099778462416609,60260,En,ADP,11159992760278512227,60260
202,this,DET,1995909169258310477,60260,esta,DET,5821559423218928566,60260
203,class,NOUN,12859657019542931961,60260,clase,NOUN,5546977650764052488,60260
204,",",PUNCT,2593208677638477497,60260,",",PUNCT,2593208677638477497,60260
205,we,PRON,16064069575701507746,60260,las,DET,6526950402091386798,60260
206,will,VERB,18307573501153647118,60260,discutiremos,VERB,16574071538995640478,60260
207,discuss,VERB,16126717917923522431,60260,0,0,0,0
208,the,DET,7425985699627899538,60260,la,DET,6804705863737483857,60260
209,foundations,NOUN,3539019268509151221,60260,ética,NOUN,11386382831100901619,60260
210,of,ADP,886050111519832510,60260,de,ADP,11144093025662894627,60260
211,ethics,NOUN,16788735439020655133,60260,bases,NOUN,15880453941256707505,60260
212,",",PUNCT,2593208677638477497,60260,"""",PUNCT,15884554869126768810,60260
213,"""",PUNCT,15884554869126768810,60260,",",PUNCT,2593208677638477497,60260
214,Tony,PROPN,6264788433036469392,64260,Tony,PROPN,6264788433036469392,64260
215,interrupts,VERB,14357906676255261561,64260,interrumpe,VERB,7777934033761461370,64260
216,me,PRON,18197037023634208128,64260,me,PRON,18197037023634208128,64260
217,.,PUNCT,12646065887601541794,64260,.,PUNCT,12646065887601541794,64260
218,"""",PUNCT,15884554869126768810,66260,"""",PUNCT,15884554869126768810,66260
219,What,PRON,5931147113347055926,66260,¿,PUNCT,3095673970880011110,66260
220,are,AUX,5012629990875267006,66260,0,0,0,0
221,you,PRON,7624161793554793053,66260,Me,PRON,17688641098104964042,66260
222,going,VERB,14242014708739787450,66260,enseñará,VERB,936925396354652273,66260
223,to,PART,3791531372978436496,66260,el,DET,11488171005156075516,66260
224,teach,VERB,9298866405196777311,66260,bien,NOUN,8265441118321635764,66260
225,me,PRON,18197037023634208128,66260,y,CONJ,9409450202036847209,66260
226,about,ADP,942632335873952620,66260,sobre,ADP,11374976834714679510,66260
227,right,NOUN,5943797630011647483,66260,mal,NOUN,17891639207125098893,66260
228,and,CCONJ,2283656566040971221,66260,el,DET,11488171005156075516,66260
229,wrong,ADJ,6602569202175044994,66260,0,0,0,0
230,?,PUNCT,8205403955989537350,66260,?,PUNCT,8205403955989537350,66260
231,I,PRON,4690420944186131903,68260,Yo,PRON,2551954419372217230,68260
232,know,VERB,7743033266031195906,68260,sé,VERB,18088742645042924186,68260
233,0,0,0,0,lo,DET,12507729120330568444,68260
234,what,PRON,5865838185239622912,68260,que,PRON,11474801393294414462,68260
235,is,AUX,3411606890003347522,68260,está,AUX,4858725201161983290,68260
236,wrong,ADJ,6602569202175044994,68260,mal,ADV,17891639207125098893,68260
237,.,PUNCT,12646065887601541794,68260,.,PUNCT,12646065887601541794,68260
238,I,PRON,4690420944186131903,68260,Yo,PRON,2551954419372217230,68260
239,have,AUX,14692702688101715474,68260,he,AUX,1655312771067108281,68260
240,done,VERB,14395066107632849789,68260,hecho,VERB,12144731232849489260,68260
241,wrong,ADV,6602569202175044994,68260,mal,ADV,17891639207125098893,68260
242,.,PUNCT,12646065887601541794,68260,.,PUNCT,12646065887601541794,68260
243,I,PRON,4690420944186131903,71260,Me,PRON,17688641098104964042,71260
244,am,AUX,959164148857638496,71260,lo,PRON,12507729120330568444,71260
245,told,VERB,1245643389253732868,71260,dicen,VERB,8884198959759046866,71260
246,every,DET,2739543297294151269,71260,todos,DET,5361417614589746890,71260
247,0,0,0,0,los,DET,7307884290799599686,71260
248,day,NOUN,1608482186128794349,71260,días,NOUN,601239994617328157,71260
249,",",PUNCT,2593208677638477497,71260,",",PUNCT,2593208677638477497,71260
250,by,ADP,16764210730586636600,73260,en,ADP,14626626061804382878,73260
251,every,DET,2739543297294151269,73260,cada,DET,9828466699353315767,73260
252,face,NOUN,17395397334214475556,73260,cara,NOUN,1999594971758685158,73260
253,I,PRON,4690420944186131903,73260,que,PRON,11474801393294414462,73260
254,see,VERB,11925638236994514241,73260,veo,VERB,8030303041022474943,73260
255,",",PUNCT,2593208677638477497,73260,",",PUNCT,2593208677638477497,73260
256,every,DET,2739543297294151269,73260,cada,DET,9828466699353315767,73260
257,wall,NOUN,14432890480967458232,73260,pared,NOUN,13797449642392062498,73260
258,I,PRON,4690420944186131903,73260,que,PRON,11474801393294414462,73260
259,face,VERB,17395397334214475556,73260,miro,VERB,6820024236585901087,73260
260,",",PUNCT,2593208677638477497,73260,",",PUNCT,2593208677638477497,73260
261,I,PRON,4690420944186131903,73260,veo,VERB,8030303041022474943,73260
262,that,SCONJ,4380130941430378203,73260,que,SCONJ,11474801393294414462,73260
263,am,AUX,959164148857638496,73260,he,AUX,1655312771067108281,73260
264,wrong,ADJ,6602569202175044994,73260,hecho,VERB,12144731232849489260,73260
265,0,0,0,0,mal,ADV,17891639207125098893,73260
266,.,PUNCT,12646065887601541794,73260,.,PUNCT,12646065887601541794,73260
267,If,SCONJ,9698320431655714481,76260,si,SCONJ,13884469947995795204,76260
268,I,PRON,4690420944186131903,76260,alguna,DET,9476533234829010752,76260
269,ever,ADV,6231102377460051108,76260,vez,NOUN,8246815288216585998,76260
270,get,VERB,2013399242189103424,76260,salgo,ADJ,12708408771681254713,76260
271,out,SCONJ,1696981056005371314,76260,acá,PROPN,14838236398336775319,76260
272,of,ADP,886050111519832510,76260,de,ADP,11144093025662894627,76260
273,here,ADV,411390626470654571,76260,siempre,ADV,15391811626801301543,76260
274,",",PUNCT,2593208677638477497,76260,",",PUNCT,2593208677638477497,76260
275,there,PRON,2112642640949226496,76260,0,0,0,0
276,will,VERB,18307573501153647118,76260,0,0,0,0
277,always,ADV,17471638809377599778,76260,0,0,0,0
278,be,AUX,10382539506755952630,76260,habrá,AUX,149044321496415450,76260
279,a,DET,11901859001352538922,76260,mi,DET,8676063341920465065,76260
280,mark,NOUN,423,76260,nombre,NOUN,12257680091557213891,76260
281,by,ADP,16764210730586636600,76260,en,ADP,14626626061804382878,76260
282,my,DET,227504873216781231,76260,una,DET,1019041181156623609,76260
283,name,NOUN,18309932012808971453,76260,marca,NOUN,266395107410667581,76260
284,.,PUNCT,12646065887601541794,76260,.,PUNCT,12646065887601541794,76260
285,I,PRON,4690420944186131903,79260,convicto,ADJ,14690545600882503387,79260
286,'m,AUX,8504683628951808721,79260,soy,AUX,17522542327445150890,79260
287,a,DET,11901859001352538922,79260,0,0,0,0
288,convict,NOUN,15376193126744996173,79260,marcado,ADJ,9356075402968207777,79260
289,;,PUNCT,631425121691394544,79260,;,PUNCT,631425121691394544,79260
290,I,PRON,4690420944186131903,79260,como,SCONJ,3817173063683202752,79260
291,am,AUX,959164148857638496,79260,estoy,AUX,14706404543211496139,79260
292,branded,VERB,14105111062058039717,79260,malo,ADJ,11676691495569935364,79260
293,',PUNCT,11221368173670222813,79260,"""",PUNCT,15884554869126768810,79260
294,wrong,NOUN,6602569202175044994,79260,0,0,0,0
295,.,PUNCT,12646065887601541794,79260,.,PUNCT,12646065887601541794,79260
296,',PUNCT,11221368173670222813,79260,"""",PUNCT,15884554869126768810,79260
297,going,VERB,14242014708739787450,81260,¿,PUNCT,3095673970880011110,81260
298,What,PRON,5931147113347055926,81260,Qué,PRON,15959444434087193889,81260
299,you,PRON,7624161793554793053,81260,me,PRON,18197037023634208128,81260
300,are,AUX,5012629990875267006,81260,va,AUX,15817334002654144152,81260
301,to,PART,3791531372978436496,81260,a,ADP,11901859001352538922,81260
302,tell,VERB,63172552626595070,81260,decir,VERB,8511968184309850901,81260
303,about,ADP,942632335873952620,81260,sobre,ADP,11374976834714679510,81260
304,me,PRON,18197037023634208128,81260,el,DET,11488171005156075516,81260
305,right,NOUN,5943797630011647483,81260,bien,NOUN,8265441118321635764,81260
306,and,CCONJ,2283656566040971221,81260,y,CONJ,9409450202036847209,81260
307,wrong,ADJ,6602569202175044994,81260,el,DET,11488171005156075516,81260
308,0,0,0,0,mal,NOUN,17891639207125098893,81260
309,"""",PUNCT,15884554869126768810,81260,?,PUNCT,8205403955989537350,81260
310,?,PUNCT,8205403955989537350,81260,"""",PUNCT,15884554869126768810,81260
311,So,ADV,3893465145528745987,84260,Así,ADV,13115577326766121063,84260
312,0,0,0,0,que,SCONJ,11474801393294414462,84260
313,I,PRON,4690420944186131903,84260,le,PRON,13361843836202591494,84260
314,say,VERB,8685289367999165211,84260,digo,VERB,9475697744358372104,84260
315,to,ADP,3791531372978436496,84260,a,ADP,11901859001352538922,84260
316,Tony,PROPN,6264788433036469392,84260,Tony,PROPN,6264788433036469392,84260
317,",",PUNCT,2593208677638477497,84260,",",PUNCT,2593208677638477497,84260
318,"""",PUNCT,15884554869126768810,87260,"""",PUNCT,15884554869126768810,87260
319,it,PRON,10239237003504588839,87260,Lo,PRON,3892584616005055440,87260
320,Sorry,INTJ,9553721191032347100,87260,siento,VERB,16665256539256324142,87260
321,",",PUNCT,2593208677638477497,87260,",",PUNCT,2593208677638477497,87260
322,but,CCONJ,14560795576765492085,87260,pero,CONJ,4949779210556390094,87260
323,'s,AUX,16428057658620181782,87260,es,AUX,10343076919720641053,87260
324,worse,ADJ,15932487760797679903,87260,peor,ADJ,16171748565850799409,87260
325,than,SCONJ,10794458019344880855,87260,de,ADP,11144093025662894627,87260
326,0,0,0,0,lo,DET,12507729120330568444,87260
327,you,PRON,7624161793554793053,87260,que,PRON,11474801393294414462,87260
328,think,VERB,16875814820671380748,87260,piensas,VERB,15245107748314371558,87260
329,.,PUNCT,12646065887601541794,87260,.,PUNCT,12646065887601541794,87260
330,You,PRON,4678963469726251353,90260,¿,PUNCT,3095673970880011110,90260
331,think,VERB,16875814820671380748,90260,Crees,NOUN,11687185468572382391,90260
332,you,PRON,7624161793554793053,90260,que,SCONJ,11474801393294414462,90260
333,know,VERB,7743033266031195906,90260,conoces,VERB,209089504778049641,90260
334,right,INTJ,5943797630011647483,90260,el,DET,11488171005156075516,90260
335,and,CCONJ,2283656566040971221,90260,bien,NOUN,8265441118321635764,90260
336,wrong,ADJ,6602569202175044994,90260,y,CONJ,9409450202036847209,90260
337,0,0,0,0,el,DET,11488171005156075516,90260
338,0,0,0,0,mal,NOUN,17891639207125098893,90260
339,?,PUNCT,8205403955989537350,90260,?,PUNCT,8205403955989537350,90260
340,Then,ADV,3636093925232013737,92260,Entonces,ADV,1871212532239362114,92260
341,can,VERB,6635067063807956629,92260,",",PUNCT,2593208677638477497,92260
342,you,PRON,7624161793554793053,92260,¿,PUNCT,3095673970880011110,92260
343,me,PRON,18197037023634208128,92260,me,PRON,18197037023634208128,92260
344,tell,VERB,63172552626595070,92260,puedes,AUX,12287827022390844383,92260
345,what,DET,5865838185239622912,92260,decir,AUX,8511968184309850901,92260
346,wrong,NOUN,6602569202175044994,92260,que,SCONJ,11474801393294414462,92260
347,is,AUX,3411606890003347522,92260,está,AUX,4858725201161983290,92260
348,0,0,0,0,mal,ADV,17891639207125098893,92260
349,?,PUNCT,8205403955989537350,92260,?,PUNCT,8205403955989537350,92260
350,No,INTJ,9692231336188541085,94260,No,ADV,9692231336188541085,94260
351,",",PUNCT,2593208677638477497,94260,",",PUNCT,2593208677638477497,94260
352,do,AUX,2158845516055552166,94260,no,ADV,13055779130471031426,94260
353,n't,PART,2043519015752540944,94260,des,ADP,6923696665978021163,94260
354,just,ADV,7148522813498185515,94260,sólo,ADV,1731802597531206513,94260
355,give,VERB,11640825575873464194,94260,0,0,0,0
356,me,PRON,18197037023634208128,94260,me,PRON,18197037023634208128,94260
357,an,DET,15099054000809333061,94260,un,DET,12188161997964598936,94260
358,example,NOUN,899618643364689362,94260,ejemplo,NOUN,7343501568198578495,94260
359,.,PUNCT,12646065887601541794,94260,.,PUNCT,12646065887601541794,94260
360,I,PRON,4690420944186131903,96260,sobre,ADP,11374976834714679510,96260
361,want,VERB,7597692042947428029,96260,quiero,VERB,6447749186237085781,96260
362,to,PART,3791531372978436496,96260,el,DET,11488171005156075516,96260
363,know,VERB,7743033266031195906,96260,saber,VERB,17611604145141490645,96260
364,about,ADP,942632335873952620,96260,en,ADP,14626626061804382878,96260
365,wrongness,NOUN,14385339931078547303,96260,mal,NOUN,17891639207125098893,96260
366,itself,PRON,12490679957485934169,96260,sí,PRON,12296321025590094647,96260
367,",",PUNCT,2593208677638477497,96260,",",PUNCT,2593208677638477497,96260
368,the,DET,7425985699627899538,96260,la,DET,6804705863737483857,96260
369,idea,NOUN,5566782022517605861,96260,idea,NOUN,5566782022517605861,96260
370,of,ADP,886050111519832510,96260,del,ADP,14178434899903659559,96260
371,wrong,NOUN,6602569202175044994,96260,mal,NOUN,17891639207125098893,96260
372,.,PUNCT,12646065887601541794,96260,.,PUNCT,12646065887601541794,96260
373,0,0,0,0,¿,PUNCT,3095673970880011110,99260
374,What,PRON,5931147113347055926,99260,Cuál,PRON,12631543369083646602,99260
375,is,AUX,3411606890003347522,99260,es,AUX,10343076919720641053,99260
376,that,DET,4380130941430378203,99260,esa,DET,12150002208949237779,99260
377,idea,NOUN,5566782022517605861,99260,idea,NOUN,5566782022517605861,99260
378,?,PUNCT,8205403955989537350,99260,?,PUNCT,8205403955989537350,99260
379,0,0,0,0,¿,PUNCT,3095673970880011110,101260
380,What,PRON,5931147113347055926,101260,Qué,PRON,15959444434087193889,101260
381,makes,VERB,13268885963146728493,101260,hace,VERB,12135968124517883173,101260
382,0,0,0,0,que,SCONJ,11474801393294414462,101260
383,something,PRON,17370494668576369452,101260,algo,PRON,16528986040643271495,101260
384,0,0,0,0,sea,AUX,3315219263181363146,101260
385,wrong,ADJ,6602569202175044994,101260,malo,ADJ,11676691495569935364,101260
386,?,PUNCT,8205403955989537350,101260,?,PUNCT,8205403955989537350,101260
387,do,AUX,2158845516055552166,103260,¿,PUNCT,3095673970880011110,103260
388,we,PRON,16064069575701507746,103260,Cómo,PRON,6525486184658562481,103260
389,know,VERB,7743033266031195906,103260,sabemos,VERB,3360380393913261411,103260
390,that,SCONJ,4380130941430378203,103260,lo,DET,12507729120330568444,103260
391,it,PRON,10239237003504588839,103260,que,PRON,11474801393294414462,103260
392,'s,AUX,16428057658620181782,103260,está,AUX,4858725201161983290,103260
393,How,ADV,16762307017182994292,103260,mal,ADV,17891639207125098893,103260
394,?,PUNCT,8205403955989537350,103260,?,PUNCT,8205403955989537350,103260
395,wrong,ADJ,6602569202175044994,103260,Tal,NOUN,5456240038276239557,103260
396,0,0,0,0,vez,NOUN,8246815288216585998,103260
397,you,PRON,7624161793554793053,103260,tú,PRON,2637324099291509865,103260
398,and,CCONJ,2283656566040971221,103260,y,CONJ,9409450202036847209,103260
399,I,PRON,4690420944186131903,103260,yo,PRON,8387856443177761115,103260
400,Maybe,ADV,2411557000688341021,103260,no,ADV,13055779130471031426,103260
401,disagree,VERB,13793665050036562513,103260,estamos,AUX,1184969735604598245,103260
402,0,0,0,0,de,ADP,11144093025662894627,103260
403,0,0,0,0,acuerdo,NOUN,11791469020735905910,103260
404,.,PUNCT,12646065887601541794,103260,.,PUNCT,12646065887601541794,103260
405,Maybe,ADV,2411557000688341021,106260,erróneamente,ADV,11072427410611840347,106260
406,one,NUM,17454115351911680600,106260,vez,NOUN,8246815288216585998,106260
407,of,ADP,886050111519832510,106260,Tal,NOUN,5456240038276239557,106260
408,us,PRON,4950757572332304006,106260,uno,PRON,8171375619591740969,106260
409,is,AUX,3411606890003347522,106260,piensa,VERB,4079176075524373178,106260
410,wrong,ADJ,6602569202175044994,106260,acerca,ADV,4355306406960221317,106260
411,about,ADP,942632335873952620,106260,del,ADP,14178434899903659559,106260
412,the,DET,7425985699627899538,106260,0,0,0,0
413,wrong,NOUN,6602569202175044994,106260,mal,NOUN,17891639207125098893,106260
414,.,PUNCT,12646065887601541794,106260,.,PUNCT,12646065887601541794,106260
415,Maybe,ADV,2411557000688341021,108259,Tal,NOUN,5456240038276239557,108259
416,it,PRON,10239237003504588839,108259,vez,NOUN,8246815288216585998,108259
417,'s,AUX,16428057658620181782,108259,tal,NOUN,7511447687758208619,108259
418,you,PRON,7624161793554793053,108259,tú,PRON,2637324099291509865,108259
419,",",PUNCT,2593208677638477497,108259,",",PUNCT,2593208677638477497,108259
420,maybe,ADV,15871822984945374680,108259,no,ADV,13055779130471031426,108259
421,it,PRON,10239237003504588839,108259,yo,PRON,8387856443177761115,108259
422,'s,AUX,16428057658620181782,108259,vez,NOUN,8246815288216585998,108259
423,me,PRON,18197037023634208128,108259,pero,CONJ,4949779210556390094,108259
424,--,PUNCT,10501404726543969396,108259,",",PUNCT,2593208677638477497,108259
425,but,CCONJ,14560795576765492085,108259,estamos,VERB,1184969735604598245,108259
426,we,PRON,16064069575701507746,108259,0,0,0,0
427,'re,AUX,523464648099722843,108259,para,ADP,17491956544424926374,108259
428,not,PART,447765159362469301,108259,0,0,0,0
429,here,ADV,411390626470654571,108259,aquí,ADV,11304695278136339124,108259
430,to,PART,3791531372978436496,108259,0,0,0,0
431,trade,VERB,14704457583367611984,108259,intercambiar,VERB,11979960716732810293,108259
432,opinions,NOUN,197675281377163669,108259,opiniones,NOUN,12204076762858876328,108259
433,;,PUNCT,631425121691394544,108259,;,PUNCT,631425121691394544,108259
434,everyone,PRON,8336247396359886285,110260,uno,PRON,8171375619591740969,110260
435,'s,AUX,16428057658620181782,110260,cada,DET,9828466699353315767,110260
436,got,VERB,12579384389446384672,110260,tiene,VERB,12773169655925470509,110260
437,an,DET,15099054000809333061,110260,su,DET,14248009254309298022,110260
438,opinion,NOUN,14536103007527724270,110260,opinión,NOUN,10642610346872205388,110260
439,.,PUNCT,12646065887601541794,110260,.,PUNCT,12646065887601541794,110260
440,We,PRON,15667417291854480293,112260,Estamos,VERB,26823624463265950,112260
441,are,AUX,5012629990875267006,112260,el,DET,11488171005156075516,112260
442,here,ADV,411390626470654571,112260,aquí,ADV,11304695278136339124,112260
443,for,ADP,16037325823156266367,112260,por,ADP,18244196334509357400,112260
444,knowledge,NOUN,841909098595075712,112260,conocimiento,NOUN,5879418985679109793,112260
445,.,PUNCT,12646065887601541794,112260,.,PUNCT,12646065887601541794,112260
446,Our,DET,10852253267983130536,114260,Nuestro,DET,10498438242590878365,114260
447,enemy,NOUN,8332290854527054145,114260,enemigo,NOUN,7141510690468686854,114260
448,is,AUX,3411606890003347522,114260,es,AUX,10343076919720641053,114260
449,thoughtlessness,ADJ,16871769075638534410,114260,irreflexión,NOUN,6332794548143593071,114260
450,.,PUNCT,12646065887601541794,114260,.,PUNCT,12646065887601541794,114260
451,This,DET,12943039165150086467,114260,la,DET,6804705863737483857,114260
452,is,AUX,3411606890003347522,114260,es,AUX,10343076919720641053,114260
453,philosophy,NOUN,6837708876254048417,114260,filosofía,NOUN,9107160351437058120,114260
454,.,PUNCT,12646065887601541794,114260,Esto,PRON,15115217180518400449,114260
455,"""",PUNCT,15884554869126768810,114260,.,PUNCT,12646065887601541794,114260
456,And,CCONJ,12172435438170721471,118260,Y,CONJ,16961793518281001049,118260
457,something,PRON,17370494668576369452,118260,algo,PRON,16528986040643271495,118260
458,changes,NOUN,15480839544985997196,118260,cambia,VERB,18380499248374787970,118260
459,for,ADP,16037325823156266367,118260,para,ADP,17491956544424926374,118260
460,Tony,PROPN,6264788433036469392,118260,Tony,PROPN,6264788433036469392,118260
461,.,PUNCT,12646065887601541794,118260,.,PUNCT,12646065887601541794,118260
462,"""",PUNCT,15884554869126768810,123260,"""",PUNCT,15884554869126768810,123260
463,Could,VERB,3144809143026779574,123260,0,0,0,0
464,be,AUX,10382539506755952630,123260,estar,AUX,6576417655588717493,123260
465,I,PRON,4690420944186131903,123260,0,0,0,0
466,'m,AUX,8504683628951808721,123260,Podría,AUX,12132060358174127529,123260
467,wrong,ADJ,6602569202175044994,123260,equivocado,ADJ,11004690499672443638,123260
468,.,PUNCT,12646065887601541794,123260,.,PUNCT,12646065887601541794,123260
469,I,PRON,4690420944186131903,123260,equivocarme,NOUN,9238042276599416843,123260
470,'m,AUX,8504683628951808721,123260,Estoy,AUX,17107300623539537124,123260
471,tired,ADJ,5385938557125278891,123260,cansado,ADJ,13205991698470524012,123260
472,of,ADP,886050111519832510,123260,de,ADP,11144093025662894627,123260
473,being,AUX,3899131925553995529,123260,0,0,0,0
474,wrong,ADJ,6602569202175044994,123260,0,0,0,0
475,.,PUNCT,12646065887601541794,123260,.,PUNCT,12646065887601541794,123260
476,I,PRON,4690420944186131903,126260,saber,AUX,17611604145141490645,126260
477,want,VERB,7597692042947428029,126260,quiero,VERB,6447749186237085781,126260
478,to,PART,3791531372978436496,126260,que,SCONJ,11474801393294414462,126260
479,know,VERB,7743033266031195906,126260,0,0,0,0
480,what,PRON,5865838185239622912,126260,mal,ADV,17891639207125098893,126260
481,is,AUX,3411606890003347522,126260,está,AUX,4858725201161983290,126260
482,wrong,ADJ,6602569202175044994,126260,0,0,0,0
483,.,PUNCT,12646065887601541794,126260,.,PUNCT,12646065887601541794,126260
484,I,PRON,4690420944186131903,128259,0,0,0,0
485,want,VERB,7597692042947428029,128259,saber,VERB,17611604145141490645,128259
486,to,PART,3791531372978436496,128259,lo,DET,12507729120330568444,128259
487,know,VERB,7743033266031195906,128259,quiero,VERB,6447749186237085781,128259
488,what,PRON,5865838185239622912,128259,que,PRON,11474801393294414462,128259
489,I,PRON,4690420944186131903,128259,0,0,0,0
490,know,VERB,7743033266031195906,128259,sé,VERB,18088742645042924186,128259
491,.,PUNCT,12646065887601541794,128259,.,PUNCT,12646065887601541794,128259
492,"""",PUNCT,15884554869126768810,128259,"""",PUNCT,15884554869126768810,128259
493,0,0,0,0,Lo,DET,3892584616005055440,130260
494,What,PRON,5931147113347055926,130260,que,PRON,11474801393294414462,130260
495,Tony,PROPN,6264788433036469392,130260,Tony,PROPN,6264788433036469392,130260
496,sees,VERB,5827844717026459123,130260,ve,VERB,10105644630884274164,130260
497,in,ADP,3002984154512732771,130260,en,ADP,14626626061804382878,130260
498,that,DET,4380130941430378203,130260,ese,DET,17080020411610877296,130260
499,moment,NOUN,12670099585788978990,130260,momento,NOUN,7830912342853916375,130260
500,is,AUX,3411606890003347522,130260,es,AUX,10343076919720641053,130260
501,the,DET,7425985699627899538,130260,el,DET,11488171005156075516,130260
502,project,NOUN,10994073736148868485,130260,proyecto,NOUN,14521790044710818011,130260
503,of,ADP,886050111519832510,130260,de,ADP,11144093025662894627,130260
504,philosophy,NOUN,6837708876254048417,130260,filosofía,NOUN,9107160351437058120,130260
505,",",PUNCT,2593208677638477497,130260,",",PUNCT,2593208677638477497,130260
506,the,DET,7425985699627899538,133260,el,DET,11488171005156075516,133260
507,project,NOUN,10994073736148868485,133260,proyecto,NOUN,14521790044710818011,133260
508,that,DET,4380130941430378203,133260,que,PRON,11474801393294414462,133260
509,begins,VERB,16855300407794689134,133260,comienza,VERB,8198468517588344232,133260
510,in,ADP,3002984154512732771,133260,con,ADP,6945313634251781056,133260
511,wonder,NOUN,17230765341337091640,133260,preguntarse,NOUN,14460742999811270578,133260
512,--,PUNCT,10501404726543969396,133260,",",PUNCT,2593208677638477497,133260
513,0,0,0,0,lo,DET,12507729120330568444,135260
514,what,PRON,5865838185239622912,135260,que,PRON,11474801393294414462,135260
515,Kant,PROPN,14039497994701628996,135260,Kant,PROPN,14039497994701628996,135260
516,called,VERB,3125235652374451650,135260,llamó,VERB,15799076983786182326,135260
517,"""",PUNCT,15884554869126768810,135260,"""",PUNCT,15884554869126768810,135260
518,admiration,NOUN,15662421291574549702,135260,admiración,NOUN,1726405295700099496,135260
519,and,CCONJ,2283656566040971221,135260,y,CONJ,9409450202036847209,135260
520,awe,NOUN,846307356162530010,135260,sobrecogimiento,NOUN,17046209168738137094,135260
521,at,ADP,11667289587015813222,137260,en,ADP,14626626061804382878,137260
522,the,DET,7425985699627899538,137260,el,DET,11488171005156075516,137260
523,sky,NOUN,4480337019333565584,137260,cielo,NOUN,3328891157788863988,137260
524,starry,PROPN,17594240882415089580,137260,estrellado,ADJ,8821320528552250733,137260
525,above,ADV,12552628610781381849,137260,arriba,ADV,529739582425485912,137260
526,and,CCONJ,2283656566040971221,137260,y,CONJ,9409450202036847209,137260
527,the,DET,7425985699627899538,137260,la,DET,6804705863737483857,137260
528,law,NOUN,12630948021571808299,137260,ley,NOUN,2516309641798068117,137260
529,moral,ADJ,8489066790985724950,137260,moral,ADJ,8489066790985724950,137260
530,within,ADV,7666004699573636134,137260,que,PRON,11474801393294414462,137260
531,0,0,0,0,contiene,VERB,10926006263568066128,137260
532,"""",PUNCT,15884554869126768810,137260,"""",PUNCT,15884554869126768810,137260
533,.,PUNCT,12646065887601541794,137260,.,PUNCT,12646065887601541794,137260
534,0,0,0,0,¿,PUNCT,3095673970880011110,140260
535,What,PRON,5931147113347055926,140260,Qué,PRON,15959444434087193889,140260
536,can,VERB,6635067063807956629,140260,podemos,AUX,8521574907144439556,140260
537,creatures,NOUN,4206045693466475769,140260,criaturas,NOUN,15983747789089008647,140260
538,like,SCONJ,18194338103975822726,140260,como,SCONJ,3817173063683202752,140260
539,us,PRON,4950757572332304006,140260,nosotros,PRON,8669422429569711216,140260
540,know,VERB,7743033266031195906,140260,saber,VERB,17611604145141490645,140260
541,of,ADP,886050111519832510,140260,de,ADP,11144093025662894627,140260
542,such,ADJ,13040105543478938413,140260,esas,DET,10655423642715274542,140260
543,things,NOUN,3586418546468265269,140260,cosas,NOUN,399513973913231652,140260
544,?,PUNCT,8205403955989537350,140260,?,PUNCT,8205403955989537350,140260
545,It,PRON,7859011591137717335,142260,que,PRON,11474801393294414462,142260
546,is,AUX,3411606890003347522,142260,Es,AUX,13491050862432847103,142260
547,the,DET,7425985699627899538,142260,el,DET,11488171005156075516,142260
548,project,NOUN,10994073736148868485,142260,proyecto,NOUN,14521790044710818011,142260
549,that,DET,4380130941430378203,142260,0,0,0,0
550,always,ADV,17471638809377599778,142260,siempre,ADV,15391811626801301543,142260
551,takes,VERB,3533144986688408731,142260,devuelve,VERB,72566354148722716,142260
552,us,PRON,4950757572332304006,142260,nos,PRON,6968452539944589995,142260
553,back,ADV,15255859468896132977,142260,0,0,0,0
554,to,ADP,3791531372978436496,142260,a,ADP,11901859001352538922,142260
555,the,DET,7425985699627899538,142260,la,DET,6804705863737483857,142260
556,condition,NOUN,15050408803291667128,142260,existencia,NOUN,14630649432619109894,142260
557,of,ADP,886050111519832510,142260,de,ADP,11144093025662894627,142260
558,existence,NOUN,4708766880135230039,142260,condición,NOUN,16334267184296839295,142260
559,--,PUNCT,10501404726543969396,142260,",",PUNCT,2593208677638477497,142260
560,0,0,0,0,lo,DET,12507729120330568444,145260
561,what,PRON,5865838185239622912,145260,que,PRON,11474801393294414462,145260
562,Heidegger,PROPN,16027947898663656791,145260,Heidegger,PROPN,16027947898663656791,145260
563,called,VERB,3125235652374451650,145260,llamó,VERB,15799076983786182326,145260
564,"""",PUNCT,15884554869126768810,145260,"""",PUNCT,15884554869126768810,145260
565,the,DET,7425985699627899538,145260,lo,DET,12507729120330568444,145260
566,always,ADV,17471638809377599778,145260,que,PRON,11474801393294414462,145260
567,there,ADV,2112642640949226496,145260,siempre,ADV,15391811626801301543,145260
568,0,0,0,0,está,VERB,4858725201161983290,145260
569,already,ADV,12647358837591399640,145260,ahí,ADV,4140609571907907820,145260
570,"""",PUNCT,15884554869126768810,145260,"""",PUNCT,15884554869126768810,145260
571,.,PUNCT,12646065887601541794,145260,.,PUNCT,12646065887601541794,145260
572,It,PRON,7859011591137717335,148260,proyecto,NOUN,14521790044710818011,148260
573,is,AUX,3411606890003347522,148260,Es,AUX,13491050862432847103,148260
574,the,DET,7425985699627899538,148260,el,DET,11488171005156075516,148260
575,project,NOUN,10994073736148868485,148260,cuestionarnos,NOUN,13378277096285959496,148260
576,of,ADP,886050111519832510,148260,de,ADP,11144093025662894627,148260
577,questioning,VERB,499652317108459091,148260,lo,DET,12507729120330568444,148260
578,what,PRON,5865838185239622912,148260,que,PRON,11474801393294414462,148260
579,we,PRON,16064069575701507746,148260,y,CONJ,9409450202036847209,148260
580,believe,VERB,7936246238499659209,148260,creemos,VERB,7889451696844183603,148260
581,and,CCONJ,2283656566040971221,148260,por,ADP,18244196334509357400,148260
582,why,ADV,16315412628806490806,148260,0,0,0,0
583,we,PRON,16064069575701507746,148260,qué,PRON,2438889091638947136,148260
584,believe,VERB,7936246238499659209,148260,creemos,VERB,7889451696844183603,148260
585,it,PRON,10239237003504588839,148260,lo,PRON,12507729120330568444,148260
586,--,PUNCT,10501404726543969396,148260,",",PUNCT,2593208677638477497,148260
587,0,0,0,0,lo,DET,12507729120330568444,151260
588,what,PRON,5865838185239622912,151260,que,PRON,11474801393294414462,151260
589,Socrates,PROPN,6735162338905172418,151260,Sócrates,PROPN,5793638326756297317,151260
590,called,VERB,3125235652374451650,151260,llamó,VERB,15799076983786182326,151260
591,"""",PUNCT,15884554869126768810,151260,"""",PUNCT,15884554869126768810,151260
592,the,DET,7425985699627899538,151260,la,DET,6804705863737483857,151260
593,life,NOUN,16477424308483498569,151260,vida,NOUN,16889263832523057820,151260
594,examined,VERB,15282224634967800253,151260,examinada,ADJ,12884824043357853871,151260
595,"""",PUNCT,15884554869126768810,151260,"""",PUNCT,15884554869126768810,151260
596,.,PUNCT,12646065887601541794,151260,.,PUNCT,12646065887601541794,151260
597,Socrates,PROPN,6735162338905172418,153260,Sócrates,PROPN,5793638326756297317,153260
598,",",PUNCT,2593208677638477497,153260,",",PUNCT,2593208677638477497,153260
599,a,DET,11901859001352538922,153260,un,DET,12188161997964598936,153260
600,man,NOUN,3104811030673030468,153260,hombre,NOUN,2496179279000154333,153260
601,wise,ADJ,1716070729102715479,153260,sabio,ADJ,10519509438066058910,153260
602,enough,ADV,5083403373732563023,153260,suficientemente,ADV,9586085586093840404,153260
603,to,PART,3791531372978436496,153260,para,ADP,17491956544424926374,153260
604,know,VERB,7743033266031195906,153260,saber,AUX,17611604145141490645,153260
605,that,SCONJ,4380130941430378203,153260,que,SCONJ,11474801393294414462,153260
606,he,PRON,1655312771067108281,153260,no,ADV,13055779130471031426,153260
607,knows,VERB,12482542522143860250,153260,sabía,VERB,12332234671511129413,153260
608,nothing,PRON,13695514059466747455,153260,nada,PRON,6229618345694008059,153260
609,.,PUNCT,12646065887601541794,153260,.,PUNCT,12646065887601541794,153260
610,Socrates,NOUN,6735162338905172418,156260,Sócrates,PROPN,5793638326756297317,156260
611,died,VERB,1228720749737493560,156260,murió,VERB,3161759974861458435,156260
612,in,ADP,3002984154512732771,156260,en,ADP,14626626061804382878,156260
613,prison,NOUN,10632972090972181056,156260,prisión,NOUN,4286537370485861601,156260
614,",",PUNCT,2593208677638477497,156260,",",PUNCT,2593208677638477497,156260
615,his,DET,2661093235354845946,159260,su,DET,14248009254309298022,159260
616,philosophy,NOUN,6837708876254048417,159260,filosofía,NOUN,9107160351437058120,159260
617,0,0,0,0,sigue,VERB,17092799365005061838,159260
618,intact,ADJ,4614450754165583228,159260,intacta,ADJ,10954219871519278715,159260
619,.,PUNCT,12646065887601541794,159260,.,PUNCT,12646065887601541794,159260
620,So,ADV,3893465145528745987,162260,Así,ADV,13115577326766121063,162260
621,starts,VERB,12594746099441336468,162260,que,SCONJ,11474801393294414462,162260
622,Tony,PROPN,6264788433036469392,162260,Tony,PROPN,6264788433036469392,162260
623,0,0,0,0,empieza,AUX,14131488516682627472,162260
624,0,0,0,0,a,ADP,11901859001352538922,162260
625,doing,VERB,10515043043501955111,162260,hacer,VERB,17672920047749692400,162260
626,his,DET,2661093235354845946,162260,su,DET,14248009254309298022,162260
627,homework,NOUN,3095191718870704323,162260,tarea,NOUN,1230726605035656148,162260
628,.,PUNCT,12646065887601541794,162260,.,PUNCT,12646065887601541794,162260
629,He,PRON,1692983299745037067,164260,0,0,0,0
630,learns,VERB,13977208024103261858,164260,Aprende,VERB,11058160032675985281,164260
631,his,DET,2661093235354845946,164260,sus,DET,11087495102510657763,164260
632,why,ADV,16315412628806490806,164260,porqués,ADV,11497622110759432025,164260
633,s,PROPN,16978132545290669629,164260,y,CONJ,9409450202036847209,164260
634,and,CCONJ,2283656566040971221,164260,0,0,0,0
635,wherefores,NOUN,308475406533664134,164260,cómos,NOUN,899624160492057368,164260
636,",",PUNCT,2593208677638477497,164260,",",PUNCT,2593208677638477497,164260
637,his,DET,2661093235354845946,164260,sus,DET,11087495102510657763,164260
638,causes,NOUN,9621670666534845071,164260,correlaciones,NOUN,15991692509014615618,164260
639,and,CCONJ,2283656566040971221,164260,y,CONJ,9409450202036847209,164260
640,correlations,NOUN,16311034949524028078,164260,causas,NOUN,12704210277747930445,164260
641,",",PUNCT,2593208677638477497,164260,",",PUNCT,2593208677638477497,164260
642,his,DET,2661093235354845946,166260,su,DET,14248009254309298022,166260
643,logic,NOUN,9471218585867826525,166260,lógica,NOUN,16529000482012243502,166260
644,",",PUNCT,2593208677638477497,166260,",",PUNCT,2593208677638477497,166260
645,his,DET,2661093235354845946,166260,sus,DET,11087495102510657763,166260
646,fallacies,NOUN,11027830404419035843,166260,falacias,NOUN,13843103822259807228,166260
647,.,PUNCT,12646065887601541794,166260,.,PUNCT,12646065887601541794,166260
648,Turns,VERB,15530000629960539508,168260,Resulta,VERB,13819871581412071764,168260
649,out,ADP,1696981056005371314,168260,que,SCONJ,11474801393294414462,168260
650,",",PUNCT,2593208677638477497,168260,",",PUNCT,2593208677638477497,168260
651,Tony,PROPN,6264788433036469392,168260,Tony,PROPN,6264788433036469392,168260
652,'s,PART,16428057658620181782,168260,0,0,0,0
653,got,VERB,12579384389446384672,168260,tiene,VERB,12773169655925470509,168260
654,the,DET,7425985699627899538,168260,la,DET,6804705863737483857,168260
655,philosophy,NOUN,6837708876254048417,168260,filosófica,ADJ,3116350594828027124,168260
656,muscle,NOUN,5696371170262675356,168260,vena,NOUN,17291379765151979396,168260
657,.,PUNCT,12646065887601541794,168260,.,PUNCT,12646065887601541794,168260
658,His,DET,8103380966236401981,170260,Su,DET,12656951229320878559,170260
659,body,NOUN,12275956947298454125,170260,cuerpo,NOUN,12698382914908554617,170260
660,is,AUX,3411606890003347522,170260,está,VERB,4858725201161983290,170260
661,in,ADP,3002984154512732771,170260,en,ADP,14626626061804382878,170260
662,prison,NOUN,10632972090972181056,170260,prisión,NOUN,4286537370485861601,170260
663,",",PUNCT,2593208677638477497,170260,",",PUNCT,2593208677638477497,170260
664,but,CCONJ,14560795576765492085,170260,pero,CONJ,4949779210556390094,170260
665,his,DET,2661093235354845946,170260,su,DET,14248009254309298022,170260
666,mind,NOUN,8811887512194128535,170260,mente,NOUN,534530165151678232,170260
667,is,AUX,3411606890003347522,170260,está,AUX,4858725201161983290,170260
668,free,ADJ,17712913731469760764,170260,libre,ADJ,7815601540079999255,170260
669,.,PUNCT,12646065887601541794,170260,.,PUNCT,12646065887601541794,170260
670,Tony,PROPN,6264788433036469392,172260,Tony,PROPN,6264788433036469392,172260
671,learns,VERB,13977208024103261858,172260,aprende,VERB,14141427364093918192,172260
672,about,ADP,942632335873952620,172260,sobre,ADP,11374976834714679510,172260
673,the,DET,7425985699627899538,172260,lo,DET,12507729120330568444,172260
674,ontologically,ADV,5094404920784535047,172260,ontológicamente,ADV,2528684847636232049,172260
675,promiscuous,ADJ,3066743320639923082,172260,promiscuo,NOUN,13639351280164283072,172260
676,",",PUNCT,2593208677638477497,172260,",",PUNCT,2593208677638477497,172260
677,the,DET,7425985699627899538,174260,lo,DET,12507729120330568444,174260
678,epistemologically,ADV,13819752555319661946,174260,epistemológicamente,ADV,1696908604621038959,174260
679,anxious,ADJ,17666472240380234790,174260,ansioso,ADJ,13410979598205859987,174260
680,",",PUNCT,2593208677638477497,174260,",",PUNCT,2593208677638477497,174260
681,the,DET,7425985699627899538,176260,lo,DET,12507729120330568444,176260
682,ethically,ADV,4561060226241960338,176260,éticamente,NOUN,12403844431367732285,176260
683,dubious,ADJ,11298976971529146443,176260,dudoso,ADJ,12301886666425475846,176260
684,",",PUNCT,2593208677638477497,176260,",",PUNCT,2593208677638477497,176260
685,the,DET,7425985699627899538,176260,lo,DET,12507729120330568444,176260
686,metaphysically,ADV,17030990308465966700,176260,metafísicamente,ADV,16544062006987319059,176260
687,ridiculous,ADJ,10595077177392105327,176260,ridículo,ADJ,4495532272530180328,176260
688,.,PUNCT,12646065887601541794,176260,.,PUNCT,12646065887601541794,176260
689,That,DET,4759254855483594167,179260,Acerca,ADV,11647830745317117007,179260
690,'s,AUX,16428057658620181782,179260,de,ADP,11144093025662894627,179260
691,Plato,PROPN,461994078423827430,179260,Platón,PROPN,1078872794821631147,179260
692,",",PUNCT,2593208677638477497,179260,",",PUNCT,2593208677638477497,179260
693,Descartes,PROPN,12925943563608574927,179260,Descartes,PROPN,12925943563608574927,179260
694,",",PUNCT,2593208677638477497,179260,",",PUNCT,2593208677638477497,179260
695,Nietzsche,PROPN,11175333990974604744,179260,Nietzsche,PROPN,11175333990974604744,179260
696,and,CCONJ,2283656566040971221,181260,y,CONJ,9409450202036847209,181260
697,Bill,PROPN,64021084765094941,181260,Joel,PROPN,11291896755298801677,181260
698,Clinton,PROPN,15434521323102227106,181260,Clinton,PROPN,15434521323102227106,181260
699,.,PUNCT,12646065887601541794,181260,.,PUNCT,12646065887601541794,181260
700,So,ADV,3893465145528745987,183260,Así,ADV,13115577326766121063,183260
701,when,ADV,15807309897752499399,183260,que,SCONJ,11474801393294414462,183260
702,he,PRON,1655312771067108281,183260,al,ADP,8222700718889469974,183260
703,gives,VERB,12441437977721762335,183260,entregarme,NOUN,18173603005487187496,183260
704,me,PRON,18197037023634208128,183260,0,0,0,0
705,his,DET,2661093235354845946,183260,su,DET,14248009254309298022,183260
706,final,ADJ,17941709405052808741,183260,final,ADJ,17941709405052808741,183260
707,paper,NOUN,6616736274174531496,183260,trabajo,NOUN,1376217758131583815,183260
708,",",PUNCT,2593208677638477497,183260,",",PUNCT,2593208677638477497,183260
709,in,ADP,3002984154512732771,186260,en,ADP,14626626061804382878,186260
710,which,DET,7063653163634019529,186260,el,DET,11488171005156075516,186260
711,he,PRON,1655312771067108281,186260,que,PRON,11474801393294414462,186260
712,argues,VERB,14504489324906422817,186260,argumenta,VERB,17154220277997080015,186260
713,that,SCONJ,4380130941430378203,186260,que,SCONJ,11474801393294414462,186260
714,the,DET,7425985699627899538,186260,el,DET,11488171005156075516,186260
715,categorical,ADJ,15524276164715933729,186260,categórico,ADJ,16296992190380980104,186260
716,imperative,NOUN,5718813555563224523,186260,imperativo,NOUN,2572010969048312697,186260
717,is,AUX,3411606890003347522,188260,es,AUX,10343076919720641053,188260
718,0,0,0,0,tal,NOUN,7511447687758208619,188260
719,uncompromising,ADJ,5800745804170773901,188260,vez,NOUN,8246815288216585998,188260
720,perhaps,ADV,1559552927328850413,188260,muy,ADV,16868253375141016776,188260
721,too,ADV,12286903790479710773,188260,intransigente,ADV,8895444027688728276,188260
722,to,PART,3791531372978436496,190260,para,ADP,17491956544424926374,190260
723,deal,VERB,17362570071365074306,190260,lidiar,VERB,61151020968789221,190260
724,with,ADP,12510949447758279278,190260,con,ADP,6945313634251781056,190260
725,the,DET,7425985699627899538,190260,el,DET,11488171005156075516,190260
726,conflict,NOUN,1656665257010592753,190260,conflicto,NOUN,9513205965096357589,190260
727,that,DET,4380130941430378203,190260,que,PRON,11474801393294414462,190260
728,0,0,0,0,nos,PRON,6968452539944589995,190260
729,affects,VERB,4009658445475159419,190260,afecta,VERB,9398742385026627206,190260
730,our,DET,17577015140245084783,190260,cada,DET,9828466699353315767,190260
731,everyday,NOUN,12502803309396265471,190260,día,NOUN,10320613927756879670,190260
732,and,CCONJ,2283656566040971221,192260,y,CONJ,9409450202036847209,192260
733,me,PRON,18197037023634208128,192260,me,PRON,18197037023634208128,192260
734,challenges,VERB,8090824503329981713,192260,reta,VERB,4988642120994253528,192260
735,to,PART,3791531372978436496,192260,para,ADP,17491956544424926374,192260
736,0,0,0,0,que,SCONJ,11474801393294414462,192260
737,him,PRON,1739263527992748485,192260,le,PRON,13361843836202591494,192260
738,tell,VERB,63172552626595070,192260,diga,VERB,13684430656964528272,192260
739,whether,SCONJ,4099315622432746663,194260,si,SCONJ,13884469947995795204,194260
740,therefore,ADV,12493256107732116026,194260,moralmente,ADV,12963142043583248496,194260
741,we,PRON,16064069575701507746,194260,por,ADP,18244196334509357400,194260
742,are,AUX,5012629990875267006,194260,estamos,AUX,1184969735604598245,194260
743,condemned,VERB,18020371768679219753,194260,fallar,VERB,4774430416809254176,194260
744,to,ADP,3791531372978436496,194260,a,ADP,11901859001352538922,194260
745,moral,ADJ,8489066790985724950,194260,condenados,ADJ,6724649469560791647,194260
746,failure,NOUN,15426004448993860593,194260,consiguiente,NOUN,95544021822390695,194260
747,",",PUNCT,2593208677638477497,194260,",",PUNCT,2593208677638477497,194260
748,0,0,0,0,Y,CONJ,16961793518281001049,196260
749,I,PRON,4690420944186131903,196260,yo,PRON,8387856443177761115,196260
750,I,PRON,4690420944186131903,196260,le,PRON,13361843836202591494,196260
751,say,VERB,8685289367999165211,196260,digo,VERB,9475697744358372104,196260
752,"""",PUNCT,15884554869126768810,196260,",",PUNCT,2593208677638477497,196260
753,",",PUNCT,2593208677638477497,196260,"""",PUNCT,15884554869126768810,196260
754,n't,PART,2043519015752540944,196260,No,ADV,9692231336188541085,196260
755,do,AUX,2158845516055552166,196260,lo,PRON,12507729120330568444,196260
756,know,VERB,7743033266031195906,196260,sé,VERB,18088742645042924186,196260
757,.,PUNCT,12646065887601541794,196260,.,PUNCT,12646065887601541794,196260
758,Let,VERB,16084663469996431762,198260,Pensémoslo,PROPN,17618475757776722099,198260
759,us,PRON,4950757572332304006,198260,0,0,0,0
760,think,VERB,16875814820671380748,198260,0,0,0,0
761,about,ADP,942632335873952620,198260,0,0,0,0
762,that,DET,4380130941430378203,198260,0,0,0,0
763,.,PUNCT,12646065887601541794,198260,.,PUNCT,12646065887601541794,198260
764,"""",PUNCT,15884554869126768810,198260,"""",PUNCT,15884554869126768810,198260
765,Because,SCONJ,7282171399268585372,200260,Porque,SCONJ,1494708899001105432,200260
766,in,ADP,3002984154512732771,200260,en,ADP,14626626061804382878,200260
767,that,DET,4380130941430378203,200260,ese,DET,17080020411610877296,200260
768,moment,NOUN,12670099585788978990,200260,momento,NOUN,7830912342853916375,200260
769,",",PUNCT,2593208677638477497,200260,",",PUNCT,2593208677638477497,200260
770,there,PRON,2112642640949226496,200260,ya,ADV,7831648150548777939,200260
771,'s,AUX,16428057658620181782,200260,está,AUX,4858725201161983290,200260
772,no,DET,13055779130471031426,200260,el,DET,11488171005156075516,200260
773,mark,NOUN,423,200260,nombre,NOUN,12257680091557213891,200260
774,by,ADP,16764210730586636600,200260,de,ADP,11144093025662894627,200260
775,Tony,PROPN,6264788433036469392,200260,Tony,PROPN,6264788433036469392,200260
776,'s,PART,16428057658620181782,200260,no,ADV,13055779130471031426,200260
777,name,NOUN,18309932012808971453,200260,marcado,ADJ,9356075402968207777,200260
778,;,PUNCT,631425121691394544,200260,;,PUNCT,631425121691394544,200260
779,it,PRON,10239237003504588839,202260,0,0,0,0
780,'s,AUX,16428057658620181782,202260,estamos,AUX,1184969735604598245,202260
781,just,ADV,7148522813498185515,202260,sólo,ADV,1731802597531206513,202260
782,the,DET,7425985699627899538,202260,los,DET,7307884290799599686,202260
783,two,NUM,11711838292424000352,202260,dos,NUM,14014603652905717938,202260
784,of,ADP,886050111519832510,202260,de,ADP,11144093025662894627,202260
785,us,PRON,4950757572332304006,202260,pie,NOUN,4596647267086746846,202260
786,standing,VERB,9952048187561374808,202260,0,0,0,0
787,there,ADV,2112642640949226496,202260,aquí,ADV,11304695278136339124,202260
788,.,PUNCT,12646065887601541794,202260,.,PUNCT,12646065887601541794,202260
789,It,PRON,7859011591137717335,204260,no,ADV,13055779130471031426,204260
790,is,AUX,3411606890003347522,204260,es,AUX,10343076919720641053,204260
791,not,PART,447765159362469301,204260,el,DET,11488171005156075516,204260
792,professor,NOUN,7906319851862027918,204260,profesor,NOUN,7870254519970093974,204260
793,and,CCONJ,2283656566040971221,204260,y,CONJ,9409450202036847209,204260
794,convict,VERB,15376193126744996173,204260,el,DET,11488171005156075516,204260
795,0,0,0,0,convicto,NOUN,14690545600882503387,204260
796,",",PUNCT,2593208677638477497,204260,",",PUNCT,2593208677638477497,204260
797,it,PRON,10239237003504588839,206260,0,0,0,0
798,is,AUX,3411606890003347522,206260,0,0,0,0
799,just,ADV,7148522813498185515,206260,sólo,ADV,1731802597531206513,206260
800,two,NUM,11711838292424000352,206260,dos,NUM,14014603652905717938,206260
801,minds,NOUN,5581874906841091721,206260,mentes,NOUN,16281305756593660317,206260
802,ready,ADJ,16376148581985464650,206260,preparadas,ADJ,565850037984627040,206260
803,to,PART,3791531372978436496,206260,para,ADP,17491956544424926374,206260
804,do,AUX,2158845516055552166,206260,filosofar,PROPN,12041593683564339218,206260
805,philosophy,NOUN,6837708876254048417,206260,0,0,0,0
806,.,PUNCT,12646065887601541794,206260,.,PUNCT,12646065887601541794,206260
807,And,CCONJ,12172435438170721471,208260,Y,CONJ,16961793518281001049,208260
808,I,PRON,4690420944186131903,208260,yo,PRON,8387856443177761115,208260
809,0,0,0,0,le,PRON,13361843836202591494,208260
810,say,VERB,8685289367999165211,208260,digo,VERB,9475697744358372104,208260
811,to,ADP,3791531372978436496,208260,a,ADP,11901859001352538922,208260
812,Tony,PROPN,6264788433036469392,208260,Tony,PROPN,6264788433036469392,208260
813,",",PUNCT,2593208677638477497,208260,",",PUNCT,2593208677638477497,208260
814,"""",PUNCT,15884554869126768810,210260,"""",PUNCT,15884554869126768810,210260
815,Let,VERB,16084663469996431762,210260,Hagámoslo,PROPN,13432206645915419674,210260
816,'s,PRON,16428057658620181782,210260,0,0,0,0
817,do,AUX,2158845516055552166,210260,0,0,0,0
818,this,DET,1995909169258310477,210260,0,0,0,0
819,.,PUNCT,12646065887601541794,210260,.,PUNCT,12646065887601541794,210260
820,"""",PUNCT,15884554869126768810,210260,"""",PUNCT,15884554869126768810,210260
821,Thank,VERB,11061341230758823191,213260,Gracias,NOUN,13343105967155848449,213260
822,you,PRON,7624161793554793053,213260,0,0,0,0
823,.,PUNCT,12646065887601541794,213260,.,PUNCT,12646065887601541794,213260
824,(,PUNCT,12638816674900267446,215260,.,PUNCT,12646065887601541794,215260
825,Applause,NOUN,8922310725892301193,215260,Aplausos,NOUN,5625793903345412492,215260
826,),PUNCT,3842344029291005339,215260,0,0,0,0
