,0,1,2,3,4,5,6,7
0,I,PRON,4690420944186131903,12760,Apuesto,ADJ,12291127245471735252,12760
1,bet,VERB,17414080376857062269,12760,0,0,0,0
2,all,DET,13409319323822384369,12760,que,SCONJ,11474801393294414462,12760
3,of,ADP,886050111519832510,12760,a,ADP,11901859001352538922,12760
4,you,PRON,7624161793554793053,12760,0,0,0,0
5,are,AUX,5012629990875267006,12760,están,AUX,9329291831938041508,12760
6,familiar,ADJ,5822865963143960024,12760,familiarizados,ADJ,4139992184165276693,12760
7,with,ADP,12510949447758279278,12760,con,ADP,6945313634251781056,12760
8,this,DET,1995909169258310477,12760,esta,DET,5821559423218928566,12760
9,view,NOUN,2608925738682777778,12760,océano,NOUN,18401036721348488790,12760
10,of,ADP,886050111519832510,12760,del,ADP,14178434899903659559,12760
11,the,DET,7425985699627899538,12760,0,0,0,0
12,ocean,NOUN,11641983324036055121,12760,vista,NOUN,14611947950914949354,12760
13,",",PUNCT,2593208677638477497,12760,",",PUNCT,2593208677638477497,12760
14,but,CCONJ,14560795576765492085,17280,pero,CONJ,4949779210556390094,17280
15,the,DET,7425985699627899538,17280,ocurre,VERB,9371221859793320583,17280
16,thing,NOUN,2473243759842082748,17280,que,SCONJ,11474801393294414462,17280
17,is,AUX,3411606890003347522,17280,0,0,0,0
18,",",PUNCT,2593208677638477497,17280,0,0,0,0
19,the,DET,7425985699627899538,18560,la,DET,6804705863737483857,18560
20,most,ADJ,11104729984170784471,18560,mayor,ADJ,1079668927252362454,18560
21,ocean,NOUN,11641983324036055121,18560,parte,NOUN,16514593513853944747,18560
22,of,ADP,886050111519832510,18560,del,ADP,14178434899903659559,18560
23,0,0,0,0,océano,NOUN,18401036721348488790,18560
24,like,SCONJ,18194338103975822726,18560,no,ADV,13055779130471031426,18560
25,nothing,PRON,13695514059466747455,18560,se,PRON,9839690450034771972,18560
26,looks,VERB,7514930894455484064,18560,parece,VERB,16222928339439947282,18560
27,this,DET,1995909169258310477,18560,en,ADP,14626626061804382878,18560
28,0,0,0,0,nada,PRON,6229618345694008059,18560
29,0,0,0,0,a,ADP,11901859001352538922,18560
30,0,0,0,0,esto,PRON,1761747332550045118,18560
31,.,PUNCT,12646065887601541794,18560,.,PUNCT,12646065887601541794,18560
32,Below,ADP,3476621922252581204,21480,Bajo,ADP,13647345841554149608,21480
33,the,DET,7425985699627899538,21480,las,DET,6526950402091386798,21480
34,sunlit,NOUN,4758905499501691535,21480,aguas,NOUN,7804244632659516208,21480
35,surface,NOUN,9335534905066362018,21480,superficiales,ADJ,6066905653857169998,21480
36,waters,NOUN,11428359169546204249,21480,sol,NOUN,8338881580749099160,21480
37,",",PUNCT,2593208677638477497,21480,",",PUNCT,2593208677638477497,21480
38,there,PRON,2112642640949226496,23880,por,ADP,18244196334509357400,21480
39,'s,AUX,16428057658620181782,23880,0,0,0,0
40,an,DET,15099054000809333061,23880,el,DET,11488171005156075516,21480
41,otherworldly,ADJ,14197894020185699517,23880,iluminadas,ADJ,18201226155426237525,21480
42,realm,NOUN,9550380467241433609,23880,0,0,0,0
43,known,VERB,5728469152687233228,25920,conocido,ADJ,6422588915590386435,25920
44,as,SCONJ,7437575085468336610,25920,como,SCONJ,3817173063683202752,25920
45,the,DET,7425985699627899538,25920,la,DET,6804705863737483857,25920
46,twilight,NOUN,5899031745457647590,25920,zona,NOUN,12575086112472059371,25920
47,zone,NOUN,13382239391501194836,25920,crepuscular,ADJ,3426152092386137602,25920
48,.,PUNCT,12646065887601541794,25920,.,PUNCT,12646065887601541794,25920
49,At,ADP,15870926450439012208,28520,Entre,ADP,9912137985669346266,28520
50,0,0,0,0,los,DET,7307884290799599686,28520
51,200,NUM,4266673471014057460,28520,200,NUM,4266673471014057460,28520
52,to,PART,3791531372978436496,28520,y,CONJ,9409450202036847209,28520
53,the,DET,7425985699627899538,28520,los,DET,7307884290799599686,28520
54,"1,000",NUM,18254674181385630108,28520,1000,NUM,7774166239980829945,28520
55,meters,NOUN,3686390750512190727,28520,metros,NOUN,5217392670221390531,28520
56,0,0,0,0,debajo,ADV,789192337984891970,28520
57,below,ADP,13516515296229086732,28520,de,ADP,11144093025662894627,28520
58,0,0,0,0,la,DET,6804705863737483857,28520
59,surface,NOUN,9335534905066362018,28520,superficie,NOUN,15122871733590806538,28520
60,",",PUNCT,2593208677638477497,28520,",",PUNCT,2593208677638477497,28520
61,0,0,0,0,la,DET,6804705863737483857,31800
62,sunlight,NOUN,1395695549118859282,31800,luz,NOUN,4390112325035500097,31800
63,0,0,0,0,solar,ADJ,3825196732376443040,31800
64,is,AUX,3411606890003347522,31800,es,AUX,10343076919720641053,31800
65,barely,ADV,13378890930867954596,31800,apenas,ADV,9985469912007139444,31800
66,a,DET,11901859001352538922,31800,un,DET,12188161997964598936,31800
67,glimmer,NOUN,3447267578582582456,31800,rayo,NOUN,16668323875551687385,31800
68,.,PUNCT,12646065887601541794,31800,.,PUNCT,12646065887601541794,31800
69,Tiny,ADJ,8499985393930755666,34160,Diminutas,ADJ,10552305063837094954,34160
70,particles,NOUN,6804810689925927153,34160,partículas,NOUN,6153901176150821746,34160
71,swirl,VERB,17704253411563352246,34160,arremolinan,VERB,1017381573653139273,34160
72,down,ADP,6421409113692203669,34160,se,PRON,9839690450034771972,34160
73,through,ADP,18216413589307435838,34160,en,ADP,14626626061804382878,34160
74,the,DET,7425985699627899538,34160,la,DET,6804705863737483857,34160
75,darkness,NOUN,5523010817707517989,34160,oscuridad,NOUN,17549175053213098937,34160
76,while,SCONJ,1039541750886098100,37280,mientras,SCONJ,124324163226638110,37280
77,flashes,NOUN,14834145054251958414,37280,destellos,NOUN,3091814285956030616,37280
78,of,ADP,886050111519832510,37280,de,ADP,11144093025662894627,37280
79,bioluminescence,NOUN,15357159787132932919,37280,bioluminiscencia,NOUN,130485061606420015,37280
80,us,PRON,4950757572332304006,39840,nos,PRON,6968452539944589995,39840
81,give,VERB,11640825575873464194,39840,dan,VERB,6114169112215630325,39840
82,a,DET,11901859001352538922,39840,una,DET,1019041181156623609,39840
83,clue,NOUN,682173560715366168,39840,pista,NOUN,937468682174435297,39840
84,that,DET,4380130941430378203,39840,de,ADP,11144093025662894627,39840
85,waters,NOUN,11428359169546204249,39840,que,SCONJ,11474801393294414462,39840
86,these,DET,6459564349623679250,39840,estas,DET,16010204526465958382,39840
87,teem,NOUN,512637049763888904,39840,aguas,NOUN,7804244632659516208,39840
88,0,0,0,0,están,AUX,9329291831938041508,39840
89,0,0,0,0,colmadas,ADJ,11207070012053294029,39840
90,with,ADP,12510949447758279278,39840,de,ADP,11144093025662894627,39840
91,life,NOUN,16477424308483498569,39840,vida,NOUN,16889263832523057820,39840
92,:,PUNCT,11532473245541075862,39840,:,PUNCT,11532473245541075862,39840
93,microbes,PROPN,3889129982793636194,44159,microbios,NOUN,3791255862226299602,44159
94,",",PUNCT,2593208677638477497,44159,",",PUNCT,2593208677638477497,44159
95,plankton,PROPN,3060066819630590215,44159,plancton,PROPN,8653191105939662356,44159
96,",",PUNCT,2593208677638477497,44159,",",PUNCT,2593208677638477497,44159
97,fish,NOUN,7982703119309609807,44159,peces,NOUN,18001958330442280428,44159
98,.,PUNCT,12646065887601541794,44159,.,PUNCT,12646065887601541794,44159
99,0,0,0,0,Todo,DET,1127858486081597420,46600
100,that,DET,4380130941430378203,46600,lo,DET,12507729120330568444,46600
101,Everything,PRON,5983311214872295403,46600,que,PRON,11474801393294414462,46600
102,lives,VERB,11245784847398743405,46600,vive,VERB,15084944806761758121,46600
103,here,ADV,411390626470654571,46600,aquí,ADV,11304695278136339124,46600
104,has,AUX,1248239241591158246,46600,tiene,VERB,12773169655925470509,46600
105,adaptations,NOUN,5921772967386708801,46600,adaptaciones,NOUN,9173186382542616680,46600
106,amazing,ADJ,12968186374132960503,46600,increíbles,ADJ,12156261458116716856,46600
107,for,ADP,16037325823156266367,49880,para,ADP,17491956544424926374,49880
108,the,DET,7425985699627899538,49880,los,DET,7307884290799599686,49880
109,challenges,NOUN,8090824503329981713,49880,desafíos,NOUN,15501329892294128807,49880
110,of,ADP,886050111519832510,49880,de,ADP,11144093025662894627,49880
111,such,DET,13040105543478938413,49880,un,DET,12188161997964598936,49880
112,an,DET,15099054000809333061,49880,tan,ADV,5127631211755802587,49880
113,extreme,ADJ,7331532195515971780,49880,extremo,ADJ,2844904528427420891,49880
114,environment,NOUN,16709044843282783534,49880,entorno,NOUN,10267975141234546036,49880
115,.,PUNCT,12646065887601541794,49880,.,PUNCT,12646065887601541794,49880
116,These,DET,9581245737645370779,54160,Estos,DET,9416231487555861639,54160
117,animals,NOUN,15737394957814893750,54160,animales,NOUN,13507121963393168535,54160
118,help,VERB,17461235395181654430,54160,apoyan,VERB,5719417893987920712,54160
119,support,VERB,5147005412574305164,54160,a,ADP,11901859001352538922,54160
120,predators,NOUN,13857995307290002026,54160,depredadores,NOUN,6421429422554401464,54160
121,top,ADJ,8328343100126676325,54160,superiores,ADJ,11948019656035005588,54160
122,as,SCONJ,7437575085468336610,54160,como,SCONJ,3817173063683202752,54160
123,such,ADJ,13040105543478938413,54160,las,DET,6526950402091386798,54160
124,whales,NOUN,11602711671350953837,54160,ballenas,NOUN,11686963846737313168,54160
125,",",PUNCT,2593208677638477497,54160,",",PUNCT,2593208677638477497,54160
126,0,0,0,0,el,DET,11488171005156075516,54160
127,tuna,NOUN,6636660996132606537,54160,atún,NOUN,5670454172107846707,54160
128,",",PUNCT,2593208677638477497,54160,",",PUNCT,2593208677638477497,54160
129,0,0,0,0,el,DET,11488171005156075516,58000
130,and,CCONJ,2283656566040971221,58000,pez,PROPN,5638743856276225884,58000
131,swordfish,PROPN,4360653030218827878,58000,espada,PROPN,9664524112222359695,58000
132,0,0,0,0,y,CONJ,9409450202036847209,58000
133,0,0,0,0,el,DET,11488171005156075516,58000
134,sharks,NOUN,3848197753280831233,58000,tiburón,NOUN,2457551563416771018,58000
135,.,PUNCT,12646065887601541794,58000,.,PUNCT,12646065887601541794,58000
136,There,PRON,6090035477591592277,60720,Podría,AUX,12132060358174127529,60720
137,could,VERB,7494117911267222209,60720,más,ADV,13805553149795463782,60720
138,be,AUX,10382539506755952630,60720,haber,AUX,3762241338699302399,60720
139,10,NUM,6572986864102252890,60720,10,NUM,6572986864102252890,60720
140,times,NOUN,12380071558262218793,60720,veces,NOUN,18218929533061403504,60720
141,more,ADJ,2160362229054775535,60720,de,ADP,11144093025662894627,60720
142,fish,NOUN,7982703119309609807,60720,biomasa,NOUN,3356840932645292933,60720
143,biomass,NOUN,12462542330111528757,60720,peces,NOUN,18001958330442280428,60720
144,here,ADV,411390626470654571,60720,aquí,ADV,11304695278136339124,60720
145,than,SCONJ,10794458019344880855,63520,de,ADP,11144093025662894627,63520
146,previously,ADV,10624787934019833378,63520,lo,DET,12507729120330568444,63520
147,0,0,0,0,que,PRON,11474801393294414462,63520
148,0,0,0,0,se,PRON,9839690450034771972,63520
149,thought,VERB,9169342766156091463,63520,pensaba,VERB,3039093883342332679,63520
150,.,PUNCT,12646065887601541794,63520,.,PUNCT,12646065887601541794,63520
151,In,ADP,17831099778462416609,65200,De,ADP,9709023768673339208,65200
152,fact,NOUN,3814049101131682695,65200,hecho,NOUN,12144731232849489260,65200
153,",",PUNCT,2593208677638477497,65200,",",PUNCT,2593208677638477497,65200
154,maybe,ADV,15871822984945374680,65200,quizás,ADV,13422865398811622837,65200
155,more,ADJ,2160362229054775535,65200,más,ADV,13805553149795463782,65200
156,than,SCONJ,10794458019344880855,65200,que,SCONJ,11474801393294414462,65200
157,all,DET,13409319323822384369,65200,en,ADP,14626626061804382878,65200
158,the,DET,7425985699627899538,65200,todo,DET,1039296168925561739,65200
159,rest,NOUN,10960894369163974213,65200,resto,NOUN,16269702270088081628,65200
160,of,ADP,886050111519832510,65200,del,ADP,14178434899903659559,65200
161,the,DET,7425985699627899538,65200,el,DET,11488171005156075516,65200
162,ocean,NOUN,11641983324036055121,65200,océano,NOUN,18401036721348488790,65200
163,combined,VERB,15346413385549072673,65200,combinado,ADJ,12293728826767638945,65200
164,.,PUNCT,12646065887601541794,65200,.,PUNCT,12646065887601541794,65200
165,are,AUX,5012629990875267006,70440,Hay,AUX,5266732711504564964,70440
166,There,PRON,6090035477591592277,70440,un,DET,12188161997964598936,70440
167,countless,ADJ,16012476060637190585,70440,sinnúmero,NOUN,15827724047491870009,70440
168,in,ADP,3002984154512732771,70440,de,ADP,11144093025662894627,70440
169,species,NOUN,2873762403814366800,70440,especies,NOUN,4790019474863918280,70440
170,0,0,0,0,no,ADV,13055779130471031426,70440
171,deep,ADJ,12691978708603459222,70440,descubiertas,ADJ,3946634895150646295,70440
172,0,0,0,0,en,ADP,14626626061804382878,70440
173,waters,NOUN,11428359169546204249,70440,aguas,NOUN,7804244632659516208,70440
174,undiscovered,ADJ,16785539334948557070,70440,profundas,ADJ,13896342343183534163,70440
175,",",PUNCT,2593208677638477497,70440,",",PUNCT,2593208677638477497,70440
176,and,CCONJ,2283656566040971221,74880,y,CONJ,9409450202036847209,74880
177,the,DET,7425985699627899538,74880,la,DET,6804705863737483857,74880
178,life,NOUN,16477424308483498569,74880,vida,NOUN,16889263832523057820,74880
179,in,ADP,3002984154512732771,74880,en,ADP,14626626061804382878,74880
180,twilight,NOUN,5899031745457647590,74880,la,DET,6804705863737483857,74880
181,zone,NOUN,13382239391501194836,74880,zona,NOUN,12575086112472059371,74880
182,is,AUX,3411606890003347522,74880,crepuscular,ADJ,3426152092386137602,74880
183,earth,NOUN,2590991477341235994,74880,se,PRON,9839690450034771972,74880
184,intertwined,VERB,16928610035678826557,74880,entrelaza,VERB,4450338624011387589,74880
185,with,ADP,12510949447758279278,74880,con,ADP,6945313634251781056,74880
186,'s,PART,16428057658620181782,74880,el,DET,11488171005156075516,74880
187,climate,NOUN,5337114889637146982,74880,clima,NOUN,17797006365687993999,74880
188,0,0,0,0,terrestre,ADJ,9809797360638789880,74880
189,.,PUNCT,12646065887601541794,74880,.,PUNCT,12646065887601541794,74880
190,Yet,ADV,10150578945572349518,80760,Sin,ADP,16989565700622806292,80760
191,twilight,NOUN,5899031745457647590,80760,embargo,NOUN,18189741886919438293,80760
192,0,0,0,0,",",PUNCT,2593208677638477497,80760
193,the,DET,7425985699627899538,80760,la,DET,6804705863737483857,80760
194,zone,NOUN,13382239391501194836,80760,zona,NOUN,12575086112472059371,80760
195,unexplored,ADJ,6195150754602099155,80760,crepuscular,ADJ,3426152092386137602,80760
196,is,AUX,3411606890003347522,80760,está,AUX,4858725201161983290,80760
197,virtually,ADV,6007297352800533426,80760,prácticamente,ADV,14733451165899653990,80760
198,0,0,0,0,inexplorada,ADJ,13371883991338535246,80760
199,.,PUNCT,12646065887601541794,80760,.,PUNCT,12646065887601541794,80760
200,There,PRON,6090035477591592277,84280,muchas,DET,6566048432034933925,84280
201,are,AUX,5012629990875267006,84280,Hay,AUX,5266732711504564964,84280
202,so,ADV,9781598966686434415,84280,todavía,ADV,10177267277660848382,84280
203,many,ADJ,9720044723474553187,84280,0,0,0,0
204,things,NOUN,3586418546468265269,84280,cosas,NOUN,399513973913231652,84280
205,we,PRON,16064069575701507746,84280,que,PRON,11474801393294414462,84280
206,still,ADV,5937879255812462177,84280,no,ADV,13055779130471031426,84280
207,do,AUX,2158845516055552166,84280,0,0,0,0
208,n't,PART,2043519015752540944,84280,respecto,NOUN,1303091392290979946,84280
209,know,VERB,7743033266031195906,84280,sabemos,VERB,3360380393913261411,84280
210,about,ADP,942632335873952620,84280,al,ADP,8222700718889469974,84280
211,it,PRON,10239237003504588839,84280,0,0,0,0
212,.,PUNCT,12646065887601541794,84280,.,PUNCT,12646065887601541794,84280
213,I,PRON,4690420944186131903,87760,que,SCONJ,11474801393294414462,87760
214,think,VERB,16875814820671380748,87760,Pienso,VERB,7236859206648764908,87760
215,we,PRON,16064069575701507746,87760,eso,PRON,12716495710533357957,87760
216,can,VERB,6635067063807956629,87760,cambiar,VERB,10581023033480433208,87760
217,change,VERB,3979101002134440957,87760,podemos,AUX,8521574907144439556,87760
218,that,DET,4380130941430378203,87760,0,0,0,0
219,.,PUNCT,12646065887601541794,87760,.,PUNCT,12646065887601541794,87760
220,I,PRON,4690420944186131903,90320,me,PRON,18197037023634208128,90320
221,was,AUX,9921686513378912864,90320,fue,AUX,6922200418372124953,90320
222,drawn,VERB,4626310671846552529,90320,este,DET,15654890294676217493,90320
223,to,ADP,3791531372978436496,90320,por,ADP,18244196334509357400,90320
224,oceanography,NOUN,3695538930586089304,90320,desafío,NOUN,7094998471419735969,90320
225,by,ADP,16764210730586636600,90320,que,SCONJ,11474801393294414462,90320
226,just,ADV,7148522813498185515,90320,Precisamente,ADV,14543526991713199347,90320
227,this,DET,1995909169258310477,90320,la,DET,6804705863737483857,90320
228,kind,NOUN,11997309252971546427,90320,atrajo,VERB,4086832769649322306,90320
229,of,ADP,886050111519832510,90320,0,0,0,0
230,challenge,NOUN,8972242473674342607,90320,oceanografía,NOUN,13435280209947547937,90320
231,.,PUNCT,12646065887601541794,90320,.,PUNCT,12646065887601541794,90320
232,To,ADP,7831192797367251337,94320,Para,ADP,10333969874311743441,94320
233,me,PRON,18197037023634208128,94320,mí,PRON,12975109311118457898,94320
234,it,PRON,10239237003504588839,94320,0,0,0,0
235,represents,VERB,15436877995175585985,94320,representa,VERB,11278961240531392741,94320
236,the,DET,7425985699627899538,94320,la,DET,6804705863737483857,94320
237,perfect,ADJ,1665682026658446649,94320,perfecta,ADJ,7936423049464935826,94320
238,intersection,NOUN,11799436820127028793,94320,intersección,NOUN,1146787217658907445,94320
239,of,ADP,886050111519832510,96520,de,ADP,11144093025662894627,96520
240,science,PROPN,15907409978124634296,96520,ciencia,NOUN,7755546493683470704,96520
241,",",PUNCT,2593208677638477497,96520,",",PUNCT,2593208677638477497,96520
242,technology,NOUN,1740049878576065363,96520,tecnología,NOUN,3431151063878907770,96520
243,and,CCONJ,2283656566040971221,96520,y,CONJ,9409450202036847209,96520
244,the,DET,7425985699627899538,96520,lo,DET,12507729120330568444,96520
245,unknown,ADJ,10430439674830883178,96520,desconocido,ADJ,12973088426577538547,96520
246,",",PUNCT,2593208677638477497,96520,;,PUNCT,631425121691394544,96520
247,the,DET,7425985699627899538,99680,la,DET,6804705863737483857,99680
248,spark,NOUN,8934045889402696478,99680,chispa,NOUN,1342383537801476851,99680
249,for,ADP,16037325823156266367,99680,de,ADP,11144093025662894627,99680
250,so,ADV,9781598966686434415,99680,tantos,DET,3825728983952088307,99680
251,many,ADJ,9720044723474553187,99680,0,0,0,0
252,breakthrough,NOUN,17076400796585379323,99680,descubrimientos,NOUN,4731886896658397471,99680
253,discoveries,NOUN,13038206306997326307,99680,la,DET,6804705863737483857,99680
254,about,ADP,942632335873952620,99680,sobre,ADP,11374976834714679510,99680
255,life,NOUN,16477424308483498569,99680,vida,NOUN,16889263832523057820,99680
256,on,ADP,5640369432778651323,99680,en,ADP,14626626061804382878,99680
257,our,DET,17577015140245084783,99680,nuestro,DET,6162416962808358642,99680
258,planet,NOUN,2468667252130234137,99680,planeta,NOUN,10594609896040289612,99680
259,.,PUNCT,12646065887601541794,99680,.,PUNCT,12646065887601541794,99680
260,As,SCONJ,4315396256372657493,106080,Como,SCONJ,4970798220701330131,106080
261,a,DET,11901859001352538922,106080,0,0,0,0
262,college,NOUN,10471029209582944326,106080,universitaria,ADJ,13464768211353234966,106080
263,student,NOUN,8980609300697527695,106080,estudiante,NOUN,14191725237961073122,106080
264,",",PUNCT,2593208677638477497,106080,",",PUNCT,2593208677638477497,106080
265,I,PRON,4690420944186131903,107840,expedición,NOUN,2363234231257904870,107840
266,went,VERB,6077427682057990751,107840,hice,VERB,12340180544994629387,107840
267,on,ADP,5640369432778651323,107840,al,ADP,8222700718889469974,107840
268,an,DET,15099054000809333061,107840,una,DET,1019041181156623609,107840
269,expedition,NOUN,5334420341178585748,107840,lado,NOUN,11663777537566647114,107840
270,across,ADP,12865022372469924430,107840,del,ADP,14178434899903659559,107840
271,the,DET,7425985699627899538,107840,otro,DET,2936243016579165257,107840
272,Atlantic,PROPN,11990389520378046275,107840,Atlántico,PROPN,11583424702007699811,107840
273,with,ADP,12510949447758279278,110560,con,ADP,6945313634251781056,110560
274,a,DET,11901859001352538922,110560,un,DET,12188161997964598936,110560
275,team,NOUN,4303356597303500170,110560,equipo,NOUN,805020249638326934,110560
276,of,ADP,886050111519832510,110560,de,ADP,11144093025662894627,110560
277,scientists,NOUN,15048473210916948367,110560,científicos,NOUN,9068354635756926713,110560
278,0,0,0,0,que,PRON,11474801393294414462,110560
279,using,VERB,16421957100465448365,110560,usaban,VERB,8801773538767351733,110560
280,a,DET,11901859001352538922,110560,un,DET,12188161997964598936,110560
281,high,ADV,8587113882175654237,110560,láser,NOUN,11442465666876882139,110560
282,-,PUNCT,9153284864653046197,110560,de,ADP,11144093025662894627,110560
283,powered,ADJ,6644561162389883984,110560,alta,ADJ,4725859412792640119,110560
284,laser,NOUN,14113734677053834202,110560,potencia,NOUN,16272811348075387149,110560
285,to,PART,3791531372978436496,114160,para,ADP,17491956544424926374,114160
286,measure,VERB,4134526893188418915,114160,medir,VERB,10309035181149721992,114160
287,microscopic,ADJ,17547979608167781056,114160,microscópicas,ADJ,13236689681839650713,114160
288,algae,NOUN,708605425488722179,114160,algas,NOUN,682075562832616225,114160
289,.,PUNCT,12646065887601541794,114160,.,PUNCT,12646065887601541794,114160
290,The,DET,5059648917813135842,117200,ese,DET,17080020411610877296,117200
291,wild,ADJ,10555460509060073467,117200,0,0,0,0
292,thing,NOUN,2473243759842082748,117200,viaje,NOUN,12873751131493332947,117200
293,that,DET,4380130941430378203,117200,algo,PRON,16528986040643271495,117200
294,happened,VERB,1466554851141776122,117200,descubrimos,VERB,15401565315198350751,117200
295,on,ADP,5640369432778651323,117200,En,ADP,11159992760278512227,117200
296,that,DET,4380130941430378203,117200,0,0,0,0
297,trip,NOUN,7583186369227974443,117200,0,0,0,0
298,is,AUX,3411606890003347522,119440,habían,AUX,10153310932123341519,119440
299,that,SCONJ,4380130941430378203,119440,que,SCONJ,11474801393294414462,119440
300,we,PRON,16064069575701507746,119440,todos,PRON,5361417614589746890,119440
301,discovered,VERB,2641920826050476256,119440,pasado,VERB,14617614854182988322,119440
302,what,PRON,5865838185239622912,119440,0,0,0,0
303,everyone,PRON,8336247396359886285,119440,por,ADP,18244196334509357400,119440
304,who,PRON,3876862883474502309,119440,alto,NOUN,18411866999517628997,119440
305,looked,VERB,9478956143088364926,119440,0,0,0,0
306,before,ADV,11320251846592927908,119440,anteriormente,ADV,13924097215790934298,119440
307,had,AUX,12960022596163002503,119440,0,0,0,0
308,completely,ADV,2718831956170789690,119440,0,0,0,0
309,missed,VERB,18163165972514536835,119440,0,0,0,0
310,:,PUNCT,11532473245541075862,119440,:,PUNCT,11532473245541075862,119440
311,cells,NOUN,14136622009518368798,124760,células,NOUN,690813091384766627,124760
312,photosynthetic,ADJ,13026739708341145803,124760,fotosintéticas,ADJ,10554646915496151646,124760
313,0,0,0,0,más,ADV,13805553149795463782,124760
314,smaller,ADJ,3393640411096667683,124760,pequeñas,ADJ,4251861159499588959,124760
315,than,SCONJ,10794458019344880855,124760,de,ADP,11144093025662894627,124760
316,0,0,0,0,lo,DET,12507729120330568444,124760
317,anyone,PRON,444920330522528470,124760,que,PRON,11474801393294414462,124760
318,0,0,0,0,nadie,PRON,3867009624333644193,124760
319,thought,VERB,9169342766156091463,124760,pensó,VERB,15065849153502398880,124760
320,possible,ADJ,1322442146463163273,124760,posible,ADJ,18363385948347440800,124760
321,.,PUNCT,12646065887601541794,124760,.,PUNCT,12646065887601541794,124760
322,We,PRON,15667417291854480293,129680,que,SCONJ,11474801393294414462,129680
323,now,ADV,17157488710739566268,129680,Ahora,ADV,10720993020331908228,129680
324,know,VERB,7743033266031195906,129680,sabemos,VERB,3360380393913261411,129680
325,those,DET,5224941539530611462,129680,esas,DET,10655423642715274542,129680
326,tiny,ADJ,1575413829185678545,129680,pequeñas,ADJ,4251861159499588959,129680
327,cells,NOUN,14136622009518368798,129680,células,NOUN,690813091384766627,129680
328,are,AUX,5012629990875267006,129680,0,0,0,0
329,the,DET,7425985699627899538,129680,0,0,0,0
330,most,ADV,11104729984170784471,129680,0,0,0,0
331,abundant,ADJ,18163518738576030860,129680,0,0,0,0
332,0,0,0,0,son,AUX,2555790282192608669,131710
333,0,0,0,0,los,DET,7307884290799599686,131710
334,organisms,NOUN,14436591089009975822,132640,organismos,NOUN,7505987343038927170,131710
335,photosynthetic,ADJ,13026739708341145803,132640,fotosintéticos,ADJ,10569321942022906038,131710
336,0,0,0,0,más,ADV,13805553149795463782,131710
337,0,0,0,0,abundantes,ADJ,17855057364512186800,131710
338,on,ADP,5640369432778651323,132640,del,ADP,14178434899903659559,131710
339,earth,NOUN,2590991477341235994,132640,planeta,NOUN,10594609896040289612,131710
340,.,PUNCT,12646065887601541794,132640,.,PUNCT,12646065887601541794,131710
341,This,DET,12943039165150086467,135880,Este,DET,5783993104369099660,135880
342,amazing,ADJ,12968186374132960503,135880,asombroso,ADJ,17753118355472634441,135880
343,discovery,NOUN,12125820207137211215,135880,descubrimiento,NOUN,1482492272827024476,135880
344,happened,VERB,1466554851141776122,135880,fue,AUX,6922200418372124953,135880
345,because,SCONJ,16950148841647037698,135880,porque,SCONJ,5757082442330786044,135880
346,we,PRON,16064069575701507746,135880,posible,ADJ,18363385948347440800,135880
347,used,VERB,17544535479879614370,135880,usamos,VERB,17030102081383064761,135880
348,new,ADJ,4753564829687343602,135880,nueva,ADJ,14739082919163515432,135880
349,technology,NOUN,1740049878576065363,135880,tecnología,NOUN,3431151063878907770,135880
350,to,PART,3791531372978436496,140360,para,ADP,17491956544424926374,140360
351,see,VERB,11925638236994514241,140360,ver,VERB,16203534885047373824,140360
352,0,0,0,0,la,DET,6804705863737483857,140360
353,life,NOUN,16477424308483498569,140360,vida,NOUN,16889263832523057820,140360
354,in,ADP,3002984154512732771,140360,en,ADP,14626626061804382878,140360
355,the,DET,7425985699627899538,140360,el,DET,11488171005156075516,140360
356,ocean,NOUN,11641983324036055121,140360,océano,NOUN,18401036721348488790,140360
357,in,ADP,3002984154512732771,140360,de,ADP,11144093025662894627,140360
358,a,DET,11901859001352538922,140360,una,DET,1019041181156623609,140360
359,new,ADJ,4753564829687343602,140360,nueva,ADJ,14739082919163515432,140360
360,way,NOUN,6878210874361030284,140360,manera,NOUN,498987833452431579,140360
361,.,PUNCT,12646065887601541794,140360,.,PUNCT,12646065887601541794,140360
362,am,AUX,959164148857638496,144280,Estoy,AUX,17107300623539537124,144280
363,convinced,ADJ,2177692269620059649,144280,segura,ADJ,9934858585344463973,144280
364,0,0,0,0,de,ADP,11144093025662894627,144280
365,that,SCONJ,4380130941430378203,144280,que,SCONJ,11474801393294414462,144280
366,the,DET,7425985699627899538,144280,los,DET,7307884290799599686,144280
367,discoveries,NOUN,13038206306997326307,144280,descubrimientos,NOUN,4731886896658397471,144280
368,I,PRON,4690420944186131903,144280,que,PRON,11474801393294414462,144280
369,us,PRON,4950757572332304006,144280,nos,PRON,6968452539944589995,144280
370,awaiting,VERB,10339205399073966556,144280,esperan,VERB,5518955824682575334,144280
371,in,ADP,3002984154512732771,144280,en,ADP,14626626061804382878,144280
372,the,DET,7425985699627899538,144280,la,DET,6804705863737483857,144280
373,zone,NOUN,13382239391501194836,144280,zona,NOUN,12575086112472059371,144280
374,twilight,NOUN,5899031745457647590,144280,crepuscular,ADJ,3426152092386137602,144280
375,will,VERB,18307573501153647118,148640,0,0,0,0
376,be,AUX,10382539506755952630,148640,serán,AUX,15617377185759023496,148640
377,just,ADV,7148522813498185515,148640,impresionantes,ADJ,11502331484258981019,148640
378,as,ADV,7437575085468336610,148640,igualmente,ADV,14753493795488224313,148640
379,breathtaking,VERB,14503117614309744862,148640,0,0,0,0
380,.,PUNCT,12646065887601541794,148640,.,PUNCT,12646065887601541794,148640
381,We,PRON,15667417291854480293,152120,muy,ADV,16868253375141016776,152120
382,know,VERB,7743033266031195906,152120,Sabemos,VERB,11149145169950547110,152120
383,so,ADV,9781598966686434415,152120,poco,ADV,4117172620621991493,152120
384,little,ADJ,9778055143417507723,152120,crepuscular,ADJ,3426152092386137602,152120
385,about,ADP,942632335873952620,152120,de,ADP,11144093025662894627,152120
386,the,DET,7425985699627899538,152120,la,DET,6804705863737483857,152120
387,twilight,NOUN,5899031745457647590,152120,zona,NOUN,12575086112472059371,152120
388,zone,NOUN,13382239391501194836,152120,0,0,0,0
389,because,SCONJ,16950148841647037698,152120,porque,SCONJ,5757082442330786044,152120
390,it,PRON,10239237003504588839,152120,de,ADP,11144093025662894627,152120
391,'s,AUX,16428057658620181782,152120,es,AUX,10343076919720641053,152120
392,difficult,ADJ,7358858360747440042,152120,difícil,ADJ,5737193594416839770,152120
393,to,PART,3791531372978436496,152120,0,0,0,0
394,study,VERB,4251533498015236010,152120,estudiar,VERB,15877283782041324221,152120
395,.,PUNCT,12646065887601541794,152120,.,PUNCT,12646065887601541794,152120
396,It,PRON,7859011591137717335,156320,0,0,0,0
397,'s,AUX,16428057658620181782,156320,Es,AUX,13491050862432847103,156320
398,exceedingly,ADV,4569657988871553447,156320,excesivamente,ADV,9214599771687054469,156320
399,large,ADJ,2751841902330220293,156320,grande,ADJ,8911892501226977878,156320
400,",",PUNCT,2593208677638477497,156320,",",PUNCT,2593208677638477497,156320
401,spanning,VERB,12920052284301396331,158160,va,VERB,15817334002654144152,158160
402,from,ADP,7831658034963690409,158160,desde,ADP,15141126369269946138,158160
403,the,DET,7425985699627899538,158160,el,DET,11488171005156075516,158160
404,Arctic,PROPN,12432089008462870499,158160,Ártico,PROPN,13197385281676167160,158160
405,to,ADP,3791531372978436496,158160,hasta,ADP,16854082586272343925,158160
406,the,DET,7425985699627899538,158160,el,DET,11488171005156075516,158160
407,Southern,PROPN,11864488637115546920,158160,océano,NOUN,18401036721348488790,158160
408,Ocean,PROPN,3745291585819928485,158160,Antártico,PROPN,13098168913256020854,158160
409,and,CCONJ,2283656566040971221,160360,y,CONJ,9409450202036847209,160360
410,around,ADP,3194226484742107227,160360,del,ADP,14178434899903659559,160360
411,the,DET,7425985699627899538,160360,alrededor,ADV,11076579720992169911,160360
412,globe,NOUN,4798229105793007605,160360,mundo,NOUN,4571220300153094564,160360
413,.,PUNCT,12646065887601541794,160360,.,PUNCT,12646065887601541794,160360
414,It,PRON,7859011591137717335,161720,otro,PRON,2936243016579165257,161720
415,'s,AUX,16428057658620181782,161720,Es,AUX,13491050862432847103,161720
416,different,ADJ,17379251038783395147,161720,diferente,ADJ,10543369794962640264,161720
417,from,ADP,7831658034963690409,161720,de,ADP,11144093025662894627,161720
418,place,NOUN,7512738811199700769,161720,lugar,NOUN,10339038341064447979,161720
419,to,ADP,3791531372978436496,161720,a,ADP,11901859001352538922,161720
420,place,NOUN,7512738811199700769,161720,un,DET,12188161997964598936,161720
421,.,PUNCT,12646065887601541794,161720,.,PUNCT,12646065887601541794,161720
422,changes,VERB,15480839544985997196,164160,Cambia,VERB,12110274412044387301,164160
423,quickly,ADV,7007696535375059571,164160,rápidamente,ADV,3742794626274031485,164160
424,as,SCONJ,7437575085468336610,164160,conforme,NOUN,6422542374559254372,164160
425,It,PRON,7859011591137717335,164160,se,PRON,9839690450034771972,164160
426,move,VERB,13534686644065735227,164160,mueven,VERB,8266215061691510431,164160
427,the,DET,7425985699627899538,164160,el,DET,11488171005156075516,164160
428,water,NOUN,7248544922998488549,164160,agua,NOUN,2710553294700861818,164160
429,and,CCONJ,2283656566040971221,164160,y,CONJ,9409450202036847209,164160
430,0,0,0,0,los,DET,7307884290799599686,164160
431,animals,NOUN,15737394957814893750,164160,animales,NOUN,13507121963393168535,164160
432,.,PUNCT,12646065887601541794,164160,.,PUNCT,12646065887601541794,164160
433,And,CCONJ,12172435438170721471,167440,Y,CONJ,16961793518281001049,167440
434,it,PRON,10239237003504588839,167440,0,0,0,0
435,'s,AUX,16428057658620181782,167440,es,AUX,10343076919720641053,167440
436,deep,ADJ,12691978708603459222,167440,profunda,ADJ,9918900483300055772,167440
437,and,CCONJ,2283656566040971221,167440,",",PUNCT,2593208677638477497,167440
438,dark,ADJ,15509271296788102161,167440,oscura,ADJ,15407557070831830429,167440
439,and,CCONJ,2283656566040971221,167440,y,CONJ,9409450202036847209,167440
440,cold,ADJ,3117178197819627377,167440,fría,ADJ,3839486254457094491,167440
441,",",PUNCT,2593208677638477497,167440,",",PUNCT,2593208677638477497,167440
442,and,CCONJ,2283656566040971221,167440,y,CONJ,9409450202036847209,167440
443,the,DET,7425985699627899538,167440,las,DET,6526950402091386798,167440
444,pressures,NOUN,9838841099304358540,167440,presiones,NOUN,8856751630902565737,167440
445,there,ADV,2112642640949226496,167440,allí,ADV,17964402279426095661,167440
446,are,AUX,5012629990875267006,167440,son,AUX,2555790282192608669,167440
447,enormous,ADJ,17917224542039855524,167440,enormes,ADJ,6405443933813658517,167440
448,.,PUNCT,12646065887601541794,167440,.,PUNCT,12646065887601541794,167440
449,What,PRON,5931147113347055926,173000,Lo,DET,3892584616005055440,173000
450,we,PRON,16064069575701507746,173000,que,PRON,11474801393294414462,173000
451,do,AUX,2158845516055552166,173000,sí,ADV,12296321025590094647,173000
452,know,VERB,7743033266031195906,173000,sabemos,VERB,3360380393913261411,173000
453,is,AUX,3411606890003347522,173000,es,AUX,10343076919720641053,173000
454,fascinating,ADJ,18282403664965979103,173000,fascinante,ADJ,17715655132469008805,173000
455,.,PUNCT,12646065887601541794,173000,.,PUNCT,12646065887601541794,173000
456,You,PRON,4678963469726251353,176200,que,PRON,11474801393294414462,176200
457,may,VERB,14378475389916013800,176200,Puede,VERB,4366646291846541461,176200
458,be,AUX,10382539506755952630,176200,que,SCONJ,11474801393294414462,176200
459,imagining,VERB,1938814471601254639,176200,imaginen,VERB,12569811243512805157,176200
460,huge,ADJ,15997685309502510293,176200,monstruos,ADJ,7963210806911386516,176200
461,monsters,NOUN,14137838425132083689,176200,enormes,ADJ,6405443933813658517,176200
462,lurking,VERB,5902416467140770488,176200,acechan,VERB,2413982828726903278,176200
463,in,ADP,3002984154512732771,176200,en,ADP,14626626061804382878,176200
464,the,DET,7425985699627899538,176200,el,DET,11488171005156075516,176200
465,deep,ADJ,12691978708603459222,176200,profundo,ADJ,9128928165130379266,176200
466,sea,NOUN,3315219263181363146,176200,mar,NOUN,15242691344350106358,176200
467,",",PUNCT,2593208677638477497,176200,",",PUNCT,2593208677638477497,176200
468,but,CCONJ,14560795576765492085,181120,pero,CONJ,4949779210556390094,181120
469,most,ADJ,11104729984170784471,181120,la,DET,6804705863737483857,181120
470,0,0,0,0,mayoría,NOUN,11657265007317695557,181120
471,of,ADP,886050111519832510,181120,de,ADP,11144093025662894627,181120
472,the,DET,7425985699627899538,181120,los,DET,7307884290799599686,181120
473,animals,NOUN,15737394957814893750,181120,animales,NOUN,13507121963393168535,181120
474,are,AUX,5012629990875267006,181120,son,AUX,2555790282192608669,181120
475,very,ADV,9548244504980166557,181120,muy,ADV,16868253375141016776,181120
476,small,ADJ,16938367552274787525,181120,pequeños,ADJ,2935649995898721624,181120
477,",",PUNCT,2593208677638477497,181120,",",PUNCT,2593208677638477497,181120
478,like,SCONJ,18194338103975822726,186200,como,SCONJ,3817173063683202752,186200
479,this,DET,1995909169258310477,186200,este,DET,15654890294676217493,186200
480,lantern,ADJ,13673692165979822726,186200,pez,PROPN,5638743856276225884,186200
481,fish,NOUN,7982703119309609807,186200,linterna,PROPN,5292266626664928493,186200
482,.,PUNCT,12646065887601541794,186200,.,PUNCT,12646065887601541794,186200
483,And,CCONJ,12172435438170721471,191560,Y,CONJ,16961793518281001049,191560
484,this,DET,1995909169258310477,191560,este,DET,15654890294676217493,191560
485,fierce,ADJ,8822762447202060543,191560,feroz,ADJ,1421216430001451944,191560
486,-,PUNCT,9153284864653046197,191560,pez,PROPN,5638743856276225884,191560
487,looking,VERB,15185124772021413096,191560,de,ADP,11144093025662894627,191560
488,fish,NOUN,7982703119309609807,191560,aspecto,NOUN,10100773816726431526,191560
489,is,AUX,3411606890003347522,191560,es,AUX,10343076919720641053,191560
490,called,VERB,3125235652374451650,191560,0,0,0,0
491,a,DET,11901859001352538922,191560,un,DET,12188161997964598936,191560
492,bristlemouth,NOUN,17912584929859226220,191560,gonostomátido,NOUN,15477736866564503081,191560
493,.,PUNCT,12646065887601541794,191560,.,PUNCT,12646065887601541794,191560
494,Believe,VERB,2604324061839250298,195120,Créase,PROPN,3853493107800981391,195120
495,it,PRON,10239237003504588839,195120,o,CONJ,1489474827855109852,195120
496,or,CCONJ,3740602843040177340,195120,no,ADV,13055779130471031426,195120
497,not,PART,447765159362469301,195120,0,0,0,0
498,",",PUNCT,2593208677638477497,195120,",",PUNCT,2593208677638477497,195120
499,these,DET,6459564349623679250,195120,los,DET,7307884290799599686,195120
500,are,AUX,5012629990875267006,195120,son,AUX,2555790282192608669,195120
501,the,DET,7425985699627899538,195120,0,0,0,0
502,most,ADV,11104729984170784471,195120,más,ADV,13805553149795463782,195120
503,abundant,ADJ,18163518738576030860,195120,abundantes,ADJ,17855057364512186800,195120
504,vertebrates,NOUN,13965787992196484818,195120,planeta,NOUN,10594609896040289612,195120
505,on,ADP,5640369432778651323,195120,del,ADP,14178434899903659559,195120
506,earth,NOUN,2590991477341235994,195120,vertebrados,NOUN,6841435938610644975,195120
507,and,CCONJ,2283656566040971221,199080,y,CONJ,9409450202036847209,199080
508,many,ADJ,9720044723474553187,199080,muchos,PRON,7702622741710148740,199080
509,are,AUX,5012629990875267006,199080,son,AUX,2555790282192608669,199080
510,so,ADV,9781598966686434415,199080,tan,ADV,5127631211755802587,199080
511,small,ADJ,16938367552274787525,199080,pequeños,ADJ,2935649995898721624,199080
512,that,SCONJ,4380130941430378203,199080,que,PRON,11474801393294414462,199080
513,a,DET,11901859001352538922,199080,una,DET,1019041181156623609,199080
514,dozen,NOUN,10441909338884250228,199080,docena,NOUN,18438181081462461654,199080
515,could,VERB,7494117911267222209,199080,podrían,AUX,10935707485397854837,199080
516,fit,VERB,6388973655490464457,199080,caber,VERB,5609944385001957192,199080
517,in,ADP,3002984154512732771,199080,en,ADP,14626626061804382878,199080
518,this,DET,1995909169258310477,199080,este,DET,15654890294676217493,199080
519,one,NUM,17454115351911680600,199080,0,0,0,0
520,tube,NOUN,4053915828282206186,199080,tubo,NOUN,17544108614424692088,199080
521,.,PUNCT,12646065887601541794,199080,.,PUNCT,12646065887601541794,199080
522,It,PRON,7859011591137717335,205080,Se,PRON,14729232253331376861,205080
523,gets,VERB,15696715460206213879,205080,pone,VERB,7769742544200450862,205080
524,even,ADV,17339226045912991082,205080,aún,ADV,10350824937949505108,205080
525,more,ADV,2160362229054775535,205080,más,ADV,13805553149795463782,205080
526,interesting,ADJ,10799185252440613029,205080,interesante,ADJ,9712729502449227703,205080
527,",",PUNCT,2593208677638477497,205080,",",PUNCT,2593208677638477497,205080
528,because,SCONJ,16950148841647037698,207080,porque,SCONJ,5757082442330786044,207080
529,small,ADJ,16938367552274787525,207080,pequeño,ADJ,6471735274106161247,207080
530,size,NOUN,18236024651932686414,207080,tamaño,NOUN,10001697595250789864,207080
531,does,AUX,1818273248662495384,207080,el,DET,11488171005156075516,207080
532,not,PART,447765159362469301,207080,no,ADV,13055779130471031426,207080
533,stop,VERB,8369783199685603043,207080,impide,VERB,14676597426863799735,207080
534,them,PRON,7976265300568155021,207080,les,PRON,5902437463952755554,207080
535,from,ADP,7831658034963690409,207080,0,0,0,0
536,being,AUX,3899131925553995529,207080,ser,AUX,940341820454552972,207080
537,powerful,ADJ,12699150645881488834,207080,poderosos,ADJ,12703488379314144605,207080
538,through,ADP,18216413589307435838,207080,en,ADP,14626626061804382878,207080
539,sheer,ADJ,16736907645373291426,207080,grandes,ADJ,3923687001980770117,207080
540,number,NOUN,432,207080,cantidades,NOUN,3368149085536028177,207080
541,.,PUNCT,12646065887601541794,207080,.,PUNCT,12646065887601541794,207080
542,You,PRON,4678963469726251353,212800,Pueden,AUX,18410146094958901486,212800
543,can,VERB,6635067063807956629,212800,ver,VERB,16203534885047373824,212800
544,see,VERB,11925638236994514241,212800,a,ADP,11901859001352538922,212800
545,what,PRON,5865838185239622912,212800,qué,PRON,2438889091638947136,212800
546,I,PRON,4690420944186131903,212800,me,PRON,18197037023634208128,212800
547,mean,VERB,15580274710609099813,212800,refiero,VERB,4176440523212514273,212800
548,by,ADP,16764210730586636600,212800,por,ADP,18244196334509357400,212800
549,the,DET,7425985699627899538,212800,el,DET,11488171005156075516,212800
550,red,ADJ,17551718516836219974,212800,0,0,0,0
551,and,CCONJ,2283656566040971221,212800,y,CONJ,9409450202036847209,212800
552,yellow,ADJ,15431065374311889734,212800,0,0,0,0
553,colors,NOUN,18166595709654541906,212800,amarillo,NOUN,17252794142421910095,212800
554,around,ADP,3194226484742107227,219880,0,0,0,0
555,400,NUM,12495206808265140655,219880,0,0,0,0
556,meters,NOUN,3686390750512190727,219880,rojo,NOUN,4919482759301701373,212800
557,in,ADP,3002984154512732771,219880,0,0,0,0
558,these,DET,6459564349623679250,219880,el,DET,11488171005156075516,212800
559,data,NOUN,6645506661261177361,219880,0,0,0,0
560,.,PUNCT,12646065887601541794,219880,0,0,0,0
561,But,CCONJ,18004243461113809161,222600,Pero,CONJ,3012608552889114327,222600
562,if,SCONJ,12446819118446800910,222600,si,SCONJ,13884469947995795204,222600
563,we,PRON,16064069575701507746,222600,lo,PRON,12507729120330568444,222600
564,look,VERB,16096726548953279178,222600,analizamos,VERB,17630198064637606686,222600
565,",",PUNCT,2593208677638477497,222600,",",PUNCT,2593208677638477497,222600
566,it,PRON,10239237003504588839,222600,no,ADV,13055779130471031426,222600
567,ca,VERB,13913074996085095135,222600,puede,AUX,15014026304111728540,222600
568,n't,PART,2043519015752540944,222600,0,0,0,0
569,be,AUX,10382539506755952630,222600,ser,AUX,940341820454552972,222600
570,",",PUNCT,2593208677638477497,222600,",",PUNCT,2593208677638477497,222600
571,because,SCONJ,16950148841647037698,222600,porque,SCONJ,5757082442330786044,222600
572,the,DET,7425985699627899538,222600,la,DET,6804705863737483857,222600
573,layer,NOUN,7486875045419418034,222600,capa,NOUN,13286348582164396603,222600
574,is,AUX,3411606890003347522,222600,es,AUX,10343076919720641053,222600
575,deep,ADJ,12691978708603459222,222600,profunda,ADJ,9918900483300055772,222600
576,during,ADP,16172899360071598086,222600,durante,ADP,11737682865337350439,222600
577,the,DET,7425985699627899538,222600,el,DET,11488171005156075516,222600
578,day,NOUN,1608482186128794349,222600,día,NOUN,10320613927756879670,222600
579,",",PUNCT,2593208677638477497,222600,",",PUNCT,2593208677638477497,222600
580,it,PRON,10239237003504588839,232720,0,0,0,0
581,rises,VERB,4932173071289275029,232720,asciende,VERB,7288237228112305282,232720
582,up,ADP,2199259611705938403,232720,durante,ADP,11737682865337350439,232720
583,at,ADP,11667289587015813222,232720,0,0,0,0
584,night,NOUN,13511804770843510887,232720,noche,NOUN,152461195486411646,232720
585,and,CCONJ,2283656566040971221,234760,y,CONJ,9409450202036847209,234760
586,the,DET,7425985699627899538,234760,el,DET,11488171005156075516,234760
587,pattern,NOUN,15329811787164753587,234760,patrón,NOUN,5723480709593752313,234760
588,0,0,0,0,se,PRON,9839690450034771972,234760
589,repeats,VERB,5384144232315562754,234760,repite,VERB,17944115314585141867,234760
590,day,NOUN,1608482186128794349,234760,día,NOUN,10320613927756879670,234760
591,after,ADP,13428508259213873547,234760,tras,ADP,12465099835422794330,234760
592,day,NOUN,1608482186128794349,234760,día,NOUN,10320613927756879670,234760
593,.,PUNCT,12646065887601541794,234760,.,PUNCT,12646065887601541794,234760
594,This,DET,12943039165150086467,238280,En,ADP,11159992760278512227,238280
595,animal,NOUN,10614196251517862244,238280,realidad,NOUN,17066760827497583576,238280
596,actually,ADV,11882120564994168090,238280,",",PUNCT,2593208677638477497,238280
597,is,AUX,3411606890003347522,238280,es,AUX,10343076919720641053,238280
598,the,DET,7425985699627899538,238280,la,DET,6804705863737483857,238280
599,largest,ADJ,6499760595733375392,238280,mayor,ADJ,1079668927252362454,238280
600,migration,NOUN,9289432175416036011,238280,migración,NOUN,3496489835435961317,238280
601,on,ADP,5640369432778651323,238280,de,ADP,11144093025662894627,238280
602,earth,NOUN,2590991477341235994,238280,animales,NOUN,13507121963393168535,238280
603,0,0,0,0,en,ADP,14626626061804382878,238280
604,0,0,0,0,el,DET,11488171005156075516,238280
605,0,0,0,0,planeta,NOUN,10594609896040289612,238280
606,.,PUNCT,12646065887601541794,238280,.,PUNCT,12646065887601541794,238280
607,happens,VERB,3853570915800888289,242680,Ocurre,VERB,18012585679567910652,242680
608,around,ADP,3194226484742107227,242680,en,ADP,14626626061804382878,242680
609,It,PRON,7859011591137717335,242680,todo,DET,1039296168925561739,242680
610,the,DET,7425985699627899538,242680,el,DET,11488171005156075516,242680
611,globe,NOUN,4798229105793007605,242680,mundo,NOUN,4571220300153094564,242680
612,",",PUNCT,2593208677638477497,242680,",",PUNCT,2593208677638477497,242680
613,every,DET,2739543297294151269,242680,todos,DET,5361417614589746890,242680
614,0,0,0,0,los,DET,7307884290799599686,242680
615,day,NOUN,1608482186128794349,242680,días,NOUN,601239994617328157,242680
616,0,0,0,0,",",PUNCT,2593208677638477497,242680
617,sweeping,VERB,12206775242419076618,245160,barriendo,VERB,10255767956941770801,245160
618,through,ADP,18216413589307435838,245160,del,ADP,14178434899903659559,245160
619,the,DET,7425985699627899538,245160,los,DET,7307884290799599686,245160
620,world,NOUN,1703489418272052182,245160,océanos,NOUN,3074264903842659537,245160
621,'s,PART,16428057658620181782,245160,enorme,ADJ,1204841031276129712,245160
622,oceans,NOUN,11601854629147642472,245160,mundo,NOUN,4571220300153094564,245160
623,in,ADP,3002984154512732771,245160,en,ADP,14626626061804382878,245160
624,a,DET,11901859001352538922,245160,una,DET,1019041181156623609,245160
625,massive,ADJ,8687968201416136326,245160,viviente,ADJ,4961488348930481422,245160
626,living,NOUN,15682350408950521769,245160,ola,NOUN,1478887124857351577,245160
627,wave,NOUN,8882130582603498294,245160,.,PUNCT,12646065887601541794,245160
628,as,SCONJ,7437575085468336610,248920,La,DET,6239908149323985340,248920
629,twilight,NOUN,5899031745457647590,248920,población,NOUN,11012364747057426272,248920
630,zone,NOUN,13382239391501194836,248920,la,DET,6804705863737483857,248920
631,inhabitants,NOUN,3232292376133537883,248920,zona,NOUN,12575086112472059371,248920
632,travel,VERB,9016120516514741834,248920,0,0,0,0
633,hundreds,NOUN,13354359924547950576,248920,crepuscular,ADJ,3426152092386137602,248920
634,of,ADP,886050111519832510,248920,de,ADP,11144093025662894627,248920
635,meters,NOUN,3686390750512190727,248920,0,0,0,0
636,surface,VERB,9335534905066362018,251680,viaja,VERB,9761561648573242135,250610
637,to,PART,3791531372978436496,251680,cientos,NUM,12467777347045728195,250610
638,to,PART,3791531372978436496,251680,de,ADP,11144093025662894627,250610
639,waters,NOUN,11428359169546204249,251680,metros,NOUN,5217392670221390531,250610
640,at,ADP,11667289587015813222,251680,a,ADP,11901859001352538922,250610
641,feed,VERB,12592590869371382092,251680,las,DET,6526950402091386798,250610
642,night,NOUN,13511804770843510887,251680,aguas,NOUN,7804244632659516208,250610
643,0,0,0,0,superficiales,ADJ,6066905653857169998,250610
644,0,0,0,0,para,ADP,17491956544424926374,250610
645,0,0,0,0,alimentarse,NOUN,10495579181857195113,250610
646,0,0,0,0,de,ADP,11144093025662894627,250610
647,0,0,0,0,noche,NOUN,152461195486411646,250610
648,and,CCONJ,2283656566040971221,254320,y,CONJ,9409450202036847209,254320
649,return,VERB,9563260825101828504,254320,vuelve,NOUN,15767164486210120757,254320
650,to,ADP,3791531372978436496,254320,a,ADP,11901859001352538922,254320
651,the,DET,7425985699627899538,254320,la,DET,6804705863737483857,254320
652,relative,ADJ,7455181394225191350,254320,relativa,ADJ,12809293282279772784,254320
653,safety,NOUN,1869645994878888584,254320,seguridad,NOUN,18284878916134882390,254320
654,of,ADP,886050111519832510,254320,de,ADP,11144093025662894627,254320
655,deeper,ADJ,6206181290890338286,254320,aguas,NOUN,7804244632659516208,254320
656,",",PUNCT,2593208677638477497,254320,más,ADV,13805553149795463782,254320
657,darker,ADJ,14053253844345056668,254320,profundas,ADJ,13896342343183534163,254320
658,0,0,0,0,y,CONJ,9409450202036847209,254320
659,waters,NOUN,11428359169546204249,254320,oscuras,NOUN,10337018811206744232,254320
660,during,ADP,16172899360071598086,254320,durante,ADP,11737682865337350439,254320
661,the,DET,7425985699627899538,254320,el,DET,11488171005156075516,254320
662,day,NOUN,1608482186128794349,254320,día,NOUN,10320613927756879670,254320
663,.,PUNCT,12646065887601541794,254320,.,PUNCT,12646065887601541794,254320
664,These,DET,9581245737645370779,259399,Estos,DET,9416231487555861639,259399
665,animals,NOUN,15737394957814893750,259399,animales,NOUN,13507121963393168535,259399
666,and,CCONJ,2283656566040971221,259399,y,CONJ,9409450202036847209,259399
667,their,DET,4244585616942201722,259399,sus,DET,11087495102510657763,259399
668,movements,NOUN,17623144901284475838,259399,movimientos,NOUN,8268730351332654842,259399
669,help,VERB,17461235395181654430,259399,0,0,0,0
670,connect,VERB,8902972205924842345,259399,0,0,0,0
671,the,DET,7425985699627899538,259399,0,0,0,0
672,surface,NOUN,9335534905066362018,259399,0,0,0,0
673,and,CCONJ,2283656566040971221,259399,0,0,0,0
674,deep,ADJ,12691978708603459222,259399,0,0,0,0
675,ocean,NOUN,11641983324036055121,259399,0,0,0,0
676,in,ADP,3002984154512732771,264640,de,ADP,11144093025662894627,264247
677,important,ADJ,5951875591235763184,264640,importantes,ADJ,7568465285090122437,264247
678,ways,NOUN,7119356634073270832,264640,maneras,NOUN,17619138510121572676,264247
679,.,PUNCT,12646065887601541794,264640,.,PUNCT,12646065887601541794,264247
680,The,DET,5059648917813135842,266960,Los,DET,8281310487209232694,266960
681,animals,NOUN,15737394957814893750,266960,animales,NOUN,13507121963393168535,266960
682,near,SCONJ,4578410152339589874,266960,se,PRON,9839690450034771972,266960
683,feed,VERB,12592590869371382092,266960,alimentan,VERB,555746196023181931,266960
684,0,0,0,0,cerca,ADV,11624516461429140949,266960
685,0,0,0,0,de,ADP,11144093025662894627,266960
686,the,DET,7425985699627899538,266960,la,DET,6804705863737483857,266960
687,surface,NOUN,9335534905066362018,266960,superficie,NOUN,15122871733590806538,266960
688,",",PUNCT,2593208677638477497,266960,",",PUNCT,2593208677638477497,266960
689,they,PRON,16875582379069451158,269720,traen,VERB,2804197323692357173,269720
690,bring,VERB,3597906902382212429,269720,consigo,VERB,3959480749152343616,269720
691,0,0,0,0,el,DET,11488171005156075516,269720
692,carbon,NOUN,5979106570042082363,269720,carbono,NOUN,17945237734639031723,269720
693,in,ADP,3002984154512732771,269720,de,ADP,11144093025662894627,269720
694,their,DET,4244585616942201722,269720,sus,DET,11087495102510657763,269720
695,food,NOUN,18057327756930201825,269720,alimentos,NOUN,15488043199174660030,269720
696,into,ADP,3278561384161438710,269720,a,ADP,11901859001352538922,269720
697,the,DET,7425985699627899538,269720,las,DET,6526950402091386798,269720
698,waters,NOUN,11428359169546204249,269720,aguas,NOUN,7804244632659516208,269720
699,deep,ADJ,12691978708603459222,269720,profundas,ADJ,13896342343183534163,269720
700,",",PUNCT,2593208677638477497,269720,",",PUNCT,2593208677638477497,269720
701,where,ADV,16318918034475841628,273519,donde,PRON,15978451798512932743,273519
702,some,DET,7000492816108906599,273519,parte,NOUN,16514593513853944747,273519
703,of,ADP,886050111519832510,273519,de,ADP,11144093025662894627,273519
704,that,DET,4380130941430378203,273519,ese,DET,17080020411610877296,273519
705,carbon,NOUN,5979106570042082363,273519,carbono,NOUN,17945237734639031723,273519
706,can,VERB,6635067063807956629,273519,se,PRON,9839690450034771972,273519
707,stay,VERB,15684468530116715331,273519,quedar,VERB,15098202214495058386,273519
708,behind,ADV,9368086581607646285,273519,puede,AUX,15014026304111728540,273519
709,and,CCONJ,2283656566040971221,276360,y,CONJ,9409450202036847209,276360
710,remain,VERB,8058829260683445515,276360,permanecer,AUX,1534675870554423652,276360
711,isolated,ADJ,8554822051809137033,276360,aislado,ADJ,7485176881060474260,276360
712,from,ADP,7831658034963690409,276360,de,ADP,11144093025662894627,276360
713,the,DET,7425985699627899538,276360,la,DET,6804705863737483857,276360
714,atmosphere,NOUN,1257194827395812639,276360,atmósfera,NOUN,5477320494872006815,276360
715,for,ADP,16037325823156266367,276360,durante,ADP,11737682865337350439,276360
716,hundreds,NOUN,13354359924547950576,276360,cientos,NUM,12467777347045728195,276360
717,or,CCONJ,3740602843040177340,276360,o,CONJ,1489474827855109852,276360
718,even,ADV,17339226045912991082,276360,incluso,ADV,16515228247521705185,276360
719,thousands,NOUN,4783127355525135298,276360,miles,NUM,14618199977935301401,276360
720,of,ADP,886050111519832510,276360,de,ADP,11144093025662894627,276360
721,years,NOUN,9492612516460955585,276360,años,NOUN,8746864843512539013,276360
722,.,PUNCT,12646065887601541794,276360,.,PUNCT,12646065887601541794,276360
723,0,0,0,0,Así,ADV,13115577326766121063,283720
724,",",PUNCT,2593208677638477497,283720,",",PUNCT,2593208677638477497,283720
725,this,DET,1995909169258310477,283720,la,DET,6804705863737483857,283720
726,way,NOUN,6878210874361030284,283720,migración,NOUN,3496489835435961317,283720
727,migration,NOUN,9289432175416036011,283720,puede,AUX,15014026304111728540,283720
728,may,VERB,14378475389916013800,283720,ayudar,VERB,3407187789669882637,283720
729,In,ADP,17831099778462416609,283720,a,ADP,11901859001352538922,283720
730,help,VERB,17461235395181654430,283720,mantener,VERB,12278474588544470356,283720
731,the,DET,7425985699627899538,283720,el,DET,11488171005156075516,283720
732,carbon,NOUN,5979106570042082363,283720,dióxido,NOUN,3594437937767899566,283720
733,keep,VERB,9099225972875567996,283720,de,ADP,11144093025662894627,283720
734,dioxide,NOUN,11505406182349383279,283720,carbono,NOUN,17945237734639031723,283720
735,out,SCONJ,1696981056005371314,288800,fuera,ADV,5576510493906326588,288800
736,of,ADP,886050111519832510,288800,de,ADP,11144093025662894627,288800
737,our,DET,17577015140245084783,288800,la,DET,6804705863737483857,288800
738,atmosphere,NOUN,1257194827395812639,288800,atmósfera,NOUN,5477320494872006815,288800
739,and,CCONJ,2283656566040971221,290480,y,CONJ,9409450202036847209,290480
740,limit,VERB,349237431961414757,290480,limitar,VERB,16977261984377822924,290480
741,the,DET,7425985699627899538,290480,los,DET,7307884290799599686,290480
742,effects,NOUN,13089401540811546937,290480,efectos,NOUN,14931031274275075466,290480
743,of,ADP,886050111519832510,290480,del,ADP,14178434899903659559,290480
744,global,ADJ,17053192215331816304,290480,global,ADJ,17053192215331816304,290480
745,warming,NOUN,7601637202372615922,290480,calentamiento,NOUN,14760369401791468598,290480
746,on,ADP,5640369432778651323,290480,en,ADP,14626626061804382878,290480
747,our,DET,17577015140245084783,290480,nuestro,DET,6162416962808358642,290480
748,climate,NOUN,5337114889637146982,290480,clima,NOUN,17797006365687993999,290480
749,.,PUNCT,12646065887601541794,290480,.,PUNCT,12646065887601541794,290480
750,But,CCONJ,18004243461113809161,295480,Pero,CONJ,3012608552889114327,295480
751,we,PRON,16064069575701507746,295480,tenemos,VERB,15443725945600917365,295480
752,still,ADV,5937879255812462177,295480,aún,ADV,10350824937949505108,295480
753,have,AUX,14692702688101715474,295480,muchas,DET,6566048432034933925,295480
754,many,ADJ,9720044723474553187,295480,0,0,0,0
755,questions,NOUN,3626233646565002230,295480,preguntas,NOUN,7395204174967875157,295480
756,.,PUNCT,12646065887601541794,295480,.,PUNCT,12646065887601541794,295480
757,We,PRON,15667417291854480293,297160,No,ADV,9692231336188541085,297160
758,do,AUX,2158845516055552166,297160,0,0,0,0
759,n't,PART,2043519015752540944,297160,0,0,0,0
760,know,VERB,7743033266031195906,297160,sabemos,VERB,3360380393913261411,297160
761,which,DET,7063653163634019529,297160,qué,DET,2438889091638947136,297160
762,species,NOUN,2873762403814366800,297160,especies,NOUN,4790019474863918280,297160
763,are,AUX,5012629990875267006,297160,están,AUX,9329291831938041508,297160
764,migrating,VERB,16653735503369032994,297160,migrando,VERB,15677118691147681490,297160
765,",",PUNCT,2593208677638477497,297160,",",PUNCT,2593208677638477497,297160
766,what,PRON,5865838185239622912,299440,qué,DET,2438889091638947136,299440
767,they,PRON,16875582379069451158,299440,comida,NOUN,625740123427004761,299440
768,'re,AUX,523464648099722843,299440,están,AUX,9329291831938041508,299440
769,finding,VERB,17678095022861051532,299440,encontrando,VERB,7323367307351955011,299440
770,to,PART,3791531372978436496,299440,0,0,0,0
771,eat,VERB,9837207709914848172,299440,0,0,0,0
772,",",PUNCT,2593208677638477497,299440,",",PUNCT,2593208677638477497,299440
773,who,PRON,3876862883474502309,301000,quién,PRON,12991509265516384760,301000
774,is,AUX,3411606890003347522,301000,está,AUX,4858725201161983290,301000
775,trying,VERB,5386905846056786656,301000,tratando,VERB,16976053333981634134,301000
776,to,PART,3791531372978436496,301000,de,ADP,11144093025662894627,301000
777,eat,VERB,9837207709914848172,301000,comerlos,NOUN,9686959489541960938,301000
778,them,PRON,7976265300568155021,301000,0,0,0,0
779,or,CCONJ,3740602843040177340,302800,o,CONJ,1489474827855109852,302800
780,how,ADV,16331095434822636218,302800,la,DET,6804705863737483857,302800
781,much,ADJ,1935074700818135162,302800,cantidad,NOUN,3611039643997995361,302800
782,carbon,NOUN,5979106570042082363,302800,carbono,NOUN,17945237734639031723,302800
783,they,PRON,16875582379069451158,302800,que,PRON,11474801393294414462,302800
784,are,AUX,5012629990875267006,302800,pueden,AUX,3596555404309920769,302800
785,able,ADJ,1651510583525861271,302800,de,ADP,11144093025662894627,302800
786,to,PART,3791531372978436496,302800,0,0,0,0
787,transport,VERB,18207339096255186229,302800,transportar,VERB,3504540488418518416,302800
788,.,PUNCT,12646065887601541794,302800,.,PUNCT,12646065887601541794,302800
789,So,ADV,3893465145528745987,308000,Por,ADP,623830814368950614,308000
790,I,PRON,4690420944186131903,308000,eso,PRON,12716495710533357957,308000
791,'m,AUX,8504683628951808721,308000,como,SCONJ,3817173063683202752,308000
792,a,DET,11901859001352538922,308000,la,DET,6804705863737483857,308000
793,scientist,NOUN,16370364435822077466,308000,estudio,NOUN,3631142270640469210,308000
794,who,PRON,3876862883474502309,308000,científica,ADJ,6542735149617943877,308000
795,studies,VERB,15376595263306574226,308000,0,0,0,0
796,life,NOUN,16477424308483498569,308000,vida,NOUN,16889263832523057820,308000
797,in,ADP,3002984154512732771,308000,en,ADP,14626626061804382878,308000
798,the,DET,7425985699627899538,308000,el,DET,11488171005156075516,308000
799,ocean,NOUN,11641983324036055121,308000,océano,NOUN,18401036721348488790,308000
800,.,PUNCT,12646065887601541794,308000,.,PUNCT,12646065887601541794,308000
801,For,ADP,423185678490233567,311960,Para,ADP,10333969874311743441,311960
802,me,PRON,18197037023634208128,311960,mí,PRON,12975109311118457898,311960
803,",",PUNCT,2593208677638477497,311960,",",PUNCT,2593208677638477497,311960
804,0,0,0,0,la,DET,6804705863737483857,311960
805,curiosity,NOUN,11502893395963706873,311960,curiosidad,NOUN,13685212520381469184,311960
806,about,ADP,942632335873952620,311960,sobre,ADP,11374976834714679510,311960
807,these,DET,6459564349623679250,311960,estos,DET,10436838843398290757,311960
808,things,NOUN,3586418546468265269,311960,seres,NOUN,13889876574027119672,311960
809,is,AUX,3411606890003347522,311960,es,AUX,10343076919720641053,311960
810,a,DET,11901859001352538922,311960,un,DET,12188161997964598936,311960
811,powerful,ADJ,12699150645881488834,311960,poderoso,ADJ,15448533889973366788,311960
812,driver,NOUN,18135325797819964372,311960,impulso,NOUN,17856549920927833521,311960
813,",",PUNCT,2593208677638477497,311960,",",PUNCT,2593208677638477497,311960
814,but,CCONJ,14560795576765492085,316600,pero,CONJ,4949779210556390094,316600
815,there,PRON,2112642640949226496,316600,0,0,0,0
816,'s,AUX,16428057658620181782,316600,hay,AUX,7335652051276811590,316600
817,more,ADJ,2160362229054775535,316600,adicional,ADJ,2839398640572400146,316600
818,to,ADP,3791531372978436496,316600,0,0,0,0
819,the,DET,7425985699627899538,316600,una,DET,1019041181156623609,316600
820,motivation,NOUN,16561439521479812091,316600,motivación,NOUN,9154243131503277288,316600
821,here,ADV,411390626470654571,316600,0,0,0,0
822,.,PUNCT,12646065887601541794,316600,.,PUNCT,12646065887601541794,316600
823,We,PRON,15667417291854480293,320040,Debemos,AUX,2835853030284394327,320040
824,need,VERB,478886015463313967,320040,responder,VERB,18305535678851110899,320040
825,to,PART,3791531372978436496,320040,0,0,0,0
826,answer,VERB,10726089026535385654,320040,y,CONJ,9409450202036847209,320040
827,these,DET,6459564349623679250,320040,estas,DET,16010204526465958382,320040
828,questions,NOUN,3626233646565002230,320040,preguntas,NOUN,7395204174967875157,320040
829,and,CCONJ,2283656566040971221,320040,0,0,0,0
830,answer,VERB,10726089026535385654,320040,hacerlo,VERB,6668681168260901574,320040
831,them,PRON,7976265300568155021,320040,0,0,0,0
832,quickly,ADV,7007696535375059571,320040,rápidamente,ADV,3742794626274031485,320040
833,",",PUNCT,2593208677638477497,320040,",",PUNCT,2593208677638477497,320040
834,because,SCONJ,16950148841647037698,323760,porque,SCONJ,5757082442330786044,323760
835,the,DET,7425985699627899538,323760,la,DET,6804705863737483857,323760
836,twilight,NOUN,5899031745457647590,323760,zona,NOUN,12575086112472059371,323760
837,zone,NOUN,13382239391501194836,323760,crepuscular,ADJ,3426152092386137602,323760
838,is,AUX,3411606890003347522,323760,está,AUX,4858725201161983290,323760
839,under,ADP,11091676426636450224,323760,bajo,ADP,11323699158333276267,323760
840,threat,NOUN,17430096000685597109,323760,amenaza,NOUN,11364632504711825905,323760
841,.,PUNCT,12646065887601541794,323760,.,PUNCT,12646065887601541794,323760
842,hundreds,NOUN,13354359924547950576,327200,cientos,NUM,12467777347045728195,327200
843,of,ADP,886050111519832510,327200,de,ADP,11144093025662894627,327200
844,thousands,NOUN,4783127355525135298,327200,miles,NUM,14618199977935301401,327200
845,of,ADP,886050111519832510,327200,de,ADP,11144093025662894627,327200
846,tons,NOUN,17271606772285229643,327200,toneladas,NOUN,11340094299081264578,327200
847,of,ADP,886050111519832510,327200,de,ADP,11144093025662894627,327200
848,small,ADJ,16938367552274787525,327200,pequeños,ADJ,2935649995898721624,327200
849,",",PUNCT,2593208677638477497,327200,",",PUNCT,2593208677638477497,327200
850,shrimp,VERB,7279186528289035635,327200,0,0,0,0
851,-,PUNCT,9153284864653046197,327200,animales,NOUN,13507121963393168535,327200
852,like,ADJ,18194338103975822726,327200,como,SCONJ,3817173063683202752,327200
853,animals,NOUN,15737394957814893750,327200,camarón,NOUN,8500006339595517879,327200
854,called,VERB,3125235652374451650,327200,el,DET,11488171005156075516,327200
855,krill,PROPN,16669080654709304579,327200,krill,PROPN,16669080654709304579,327200
856,.,PUNCT,12646065887601541794,327200,.,PUNCT,12646065887601541794,327200
857,The,DET,5059648917813135842,335280,que,PRON,11474801393294414462,335280
858,animals,NOUN,15737394957814893750,335280,Animales,NOUN,3890642450143449815,335280
859,are,AUX,5012629990875267006,335280,se,PRON,9839690450034771972,335280
860,ground,VERB,4892022129125508466,335280,muelen,VERB,17837926379338346474,335280
861,into,ADP,3278561384161438710,335280,en,ADP,14626626061804382878,335280
862,fish,NOUN,7982703119309609807,335280,harina,NOUN,14705979115083168442,335280
863,meal,NOUN,15832034414286931965,335280,pescado,NOUN,1819705720569338643,335280
864,to,PART,3791531372978436496,337200,0,0,0,0
865,support,VERB,5147005412574305164,337200,0,0,0,0
866,increasing,VERB,10028463384647714073,337200,0,0,0,0
867,demands,NOUN,10668438869682777042,337200,0,0,0,0
868,for,ADP,16037325823156266367,337200,de,ADP,11144093025662894627,335280
869,aquaculture,NOUN,1103266091897391666,337200,0,0,0,0
870,and,CCONJ,2283656566040971221,340440,y,CONJ,9409450202036847209,340440
871,for,ADP,16037325823156266367,340440,de,ADP,11144093025662894627,340440
872,nutraceuticals,NOUN,4720055493999758218,340440,nutracéuticos,NOUN,4259745166307566444,340440
873,as,SCONJ,7437575085468336610,340440,como,SCONJ,3817173063683202752,340440
874,such,ADJ,13040105543478938413,340440,el,DET,11488171005156075516,340440
875,krill,NOUN,16669080654709304579,340440,aceite,NOUN,6194454418647305674,340440
876,oil,NOUN,7110413584720537022,340440,de,ADP,11144093025662894627,340440
877,0,0,0,0,krill,PROPN,16669080654709304579,340440
878,.,PUNCT,12646065887601541794,340440,.,PUNCT,12646065887601541794,340440
879,Industry,NOUN,12200926829651418359,343440,industria,NOUN,12941585688093787175,343440
880,is,AUX,3411606890003347522,343440,está,VERB,4858725201161983290,343440
881,on,ADP,5640369432778651323,343440,a,ADP,11901859001352538922,343440
882,the,DET,7425985699627899538,343440,La,DET,6239908149323985340,343440
883,brink,NOUN,5276159128921712413,343440,punto,NOUN,16111911401259624898,343440
884,of,ADP,886050111519832510,343440,de,ADP,11144093025662894627,343440
885,deepening,VERB,4317182478412601756,343440,enviar,VERB,7258995700576230646,343440
886,fisheries,NOUN,6956451500247128545,343440,pesquerías,NOUN,10462593954027418892,343440
887,such,ADJ,13040105543478938413,343440,estas,PRON,16010204526465958382,343440
888,as,SCONJ,7437575085468336610,343440,como,SCONJ,3817173063683202752,343440
889,these,DET,6459564349623679250,343440,0,0,0,0
890,into,ADP,3278561384161438710,346760,a,ADP,11901859001352538922,346760
891,the,DET,7425985699627899538,346760,las,DET,6526950402091386798,346760
892,-,NOUN,9153284864653046197,346760,aguas,NOUN,7804244632659516208,346760
893,0,0,0,0,de,ADP,11144093025662894627,346760
894,water,NOUN,7248544922998488549,346760,profundidad,NOUN,9658092898834664628,346760
895,mid,ADJ,17101873276464180665,346760,media,ADJ,5618787183034738284,346760
896,in,ADP,3002984154512732771,348480,en,ADP,14626626061804382878,348480
897,a,DET,11901859001352538922,348480,lo,DET,12507729120330568444,348480
898,what,PRON,5865838185239622912,348480,que,PRON,11474801393294414462,348480
899,could,VERB,7494117911267222209,348480,podría,AUX,17429385157734098051,348480
900,start,VERB,6480458294193393462,348480,dar,VERB,3476482575950729294,348480
901,kind,NOUN,11997309252971546427,348480,origen,NOUN,17760418922363813801,348480
902,of,ADP,886050111519832510,348480,a,ADP,11901859001352538922,348480
903,0,0,0,0,una,DET,1019041181156623609,348480
904,twilight,NOUN,5899031745457647590,348480,fiebre,NOUN,9052371968186910890,348480
905,rush,PROPN,3767281279084406306,348480,del,ADP,14178434899903659559,348480
906,gold,NOUN,16992302602439090065,348480,oro,NOUN,5161359807902879974,348480
907,0,0,0,0,en,ADP,14626626061804382878,348480
908,0,0,0,0,la,DET,6804705863737483857,348480
909,zone,NOUN,13382239391501194836,348480,zona,NOUN,12575086112472059371,348480
910,0,0,0,0,crepuscular,ADJ,3426152092386137602,348480
911,operating,VERB,16034351688406267716,351920,por,ADP,18244196334509357400,351920
912,0,0,0,0,fuera,NOUN,5576510493906326588,351920
913,outside,ADP,12341974070768608367,351920,del,ADP,14178434899903659559,351920
914,reach,NOUN,16043492340495565256,351920,alcance,NOUN,16397179690589526690,351920
915,of,ADP,886050111519832510,351920,de,ADP,11144093025662894627,351920
916,the,DET,7425985699627899538,351920,las,DET,6526950402091386798,351920
917,fishing,NOUN,10959402079719336560,351920,regulaciones,NOUN,14973831161207828729,351920
918,national,ADJ,14565421918427191397,351920,nacionales,ADJ,4872333331070613541,351920
919,0,0,0,0,de,ADP,11144093025662894627,351920
920,regulations,NOUN,708729752597556489,351920,pesca,NOUN,270293988309364709,351920
921,.,PUNCT,12646065887601541794,351920,.,PUNCT,12646065887601541794,351920
922,This,DET,12943039165150086467,357080,Esto,PRON,15115217180518400449,357080
923,could,VERB,7494117911267222209,357080,tener,VERB,9273468649798460046,357080
924,have,AUX,14692702688101715474,357080,podría,AUX,17429385157734098051,357080
925,irreversible,ADJ,9365460713763703252,357080,irreversibles,ADJ,18308377291660000303,357080
926,global,ADJ,17053192215331816304,357080,global,ADJ,17053192215331816304,357080
927,-,PUNCT,9153284864653046197,357080,a,ADP,11901859001352538922,357080
928,scale,NOUN,1800900351006314234,357080,escala,NOUN,10769061657487091130,357080
929,impacts,NOUN,2335954741260436526,357080,impactos,NOUN,1319649422386713180,357080
930,on,ADP,5640369432778651323,360680,sobre,ADP,11374976834714679510,360680
931,and,CCONJ,2283656566040971221,360680,la,DET,6804705863737483857,360680
932,life,NOUN,16477424308483498569,360680,vida,NOUN,16889263832523057820,360680
933,marine,ADJ,4557849690716340921,360680,marina,ADJ,2261490131925865824,360680
934,food,PROPN,18057327756930201825,360680,y,CONJ,9409450202036847209,360680
935,webs,PROPN,11930886132230440347,360680,la,DET,6804705863737483857,360680
936,0,0,0,0,cadena,NOUN,17578971777046127007,360680
937,0,0,0,0,alimenticia,NOUN,16187267302256624986,360680
938,.,PUNCT,12646065887601541794,360680,.,PUNCT,12646065887601541794,360680
939,We,PRON,15667417291854480293,364280,0,0,0,0
940,need,VERB,478886015463313967,364280,sortear,VERB,17893674329399015794,364280
941,to,PART,3791531372978436496,364280,los,DET,7307884290799599686,364280
942,get,AUX,2013399242189103424,364280,Debemos,AUX,2835853030284394327,364280
943,out,ADP,1696981056005371314,364280,de,ADP,11144093025662894627,364280
944,ahead,ADV,10555556397075732372,364280,la,DET,6804705863737483857,364280
945,of,ADP,886050111519832510,364280,0,0,0,0
946,fishing,NOUN,10959402079719336560,364280,pesca,NOUN,270293988309364709,364280
947,impacts,NOUN,2335954741260436526,364280,impactos,NOUN,1319649422386713180,364280
948,and,CCONJ,2283656566040971221,367040,y,CONJ,9409450202036847209,367040
949,work,VERB,10038440415813069799,367040,trabajar,VERB,2960815299999526921,367040
950,to,PART,3791531372978436496,367040,para,ADP,17491956544424926374,367040
951,understand,VERB,2256871070683278179,367040,entender,VERB,11362520943434929139,367040
952,this,DET,1995909169258310477,367040,esta,DET,5821559423218928566,367040
953,critical,ADJ,16978091685467866595,367040,crítica,ADJ,3983322824498004620,367040
954,part,NOUN,4485934323942657167,367040,parte,NOUN,16514593513853944747,367040
955,of,ADP,886050111519832510,367040,del,ADP,14178434899903659559,367040
956,the,DET,7425985699627899538,367040,0,0,0,0
957,ocean,NOUN,11641983324036055121,367040,océano,NOUN,18401036721348488790,367040
958,.,PUNCT,12646065887601541794,367040,.,PUNCT,12646065887601541794,367040
959,At,ADP,15870926450439012208,370840,En,ADP,11159992760278512227,370820
960,Woods,PROPN,12664216973288485743,370840,la,DET,6804705863737483857,370820
961,Hole,PROPN,9702209186348855084,370840,Institución,PROPN,2972361825573662511,370820
962,Oceanographic,PROPN,12419850565290276756,370840,Oceanográfica,PROPN,12325837786619221545,370820
963,Institution,PROPN,10308130093359968533,370840,Woods,PROPN,12664216973288485743,370820
964,",",PUNCT,2593208677638477497,370840,Hole,PROPN,9702209186348855084,370820
965,Together,ADV,13745060905038318369,372800,0,0,0,0
966,",",PUNCT,2593208677638477497,372800,",",PUNCT,2593208677638477497,370820
967,we,PRON,16064069575701507746,372800,0,0,0,0
968,are,AUX,5012629990875267006,372800,fortuna,NOUN,17761585363123032304,370820
969,ready,ADJ,16376148581985464650,372800,0,0,0,0
970,to,PART,3791531372978436496,372800,0,0,0,0
971,launch,VERB,1882817931903534611,372800,tengo,VERB,7324164443595346055,370820
972,a,DET,11901859001352538922,372800,la,DET,6804705863737483857,370820
973,large,ADJ,2751841902330220293,372800,0,0,0,0
974,-,PUNCT,9153284864653046197,372800,0,0,0,0
975,scale,NOUN,1800900351006314234,372800,0,0,0,0
976,exploration,NOUN,17818107371744676623,372800,0,0,0,0
977,of,ADP,886050111519832510,381360,de,ADP,11144093025662894627,381360
978,the,DET,7425985699627899538,381360,la,DET,6804705863737483857,381360
979,twilight,NOUN,5899031745457647590,381360,zona,NOUN,12575086112472059371,381360
980,zone,NOUN,13382239391501194836,381360,crepuscular,ADJ,3426152092386137602,381360
981,.,PUNCT,12646065887601541794,381360,.,PUNCT,12646065887601541794,381360
982,We,PRON,15667417291854480293,383200,Tenemos,VERB,5367294043555675997,383200
983,have,AUX,14692702688101715474,383200,0,0,0,0
984,a,DET,11901859001352538922,383200,un,DET,12188161997964598936,383200
985,plan,NOUN,6610255016299222351,383200,plan,NOUN,6610255016299222351,383200
986,to,PART,3791531372978436496,383200,para,ADP,17491956544424926374,383200
987,begin,VERB,11234294172215200015,383200,comenzar,VERB,3149494711183897109,383200
988,right,ADV,5943797630011647483,383200,de,ADP,11144093025662894627,383200
989,away,ADV,15726112966383307120,383200,inmediato,NOUN,17380384761588173877,383200
990,with,ADP,12510949447758279278,385240,con,ADP,6945313634251781056,385240
991,expeditions,NOUN,902294045642506040,385240,expediciones,NOUN,16552544912147471997,385240
992,in,ADP,3002984154512732771,385240,en,ADP,14626626061804382878,385240
993,the,DET,7425985699627899538,385240,el,DET,11488171005156075516,385240
994,North,PROPN,12673666897586381700,385240,Atlántico,PROPN,11583424702007699811,385240
995,Atlantic,PROPN,11990389520378046275,385240,norte,PROPN,4995931821269842908,385240
996,",",PUNCT,2593208677638477497,385240,",",PUNCT,2593208677638477497,385240
997,where,ADV,16318918034475841628,387160,0,0,0,0
998,we,PRON,16064069575701507746,387160,donde,PRON,15978451798512932743,387160
999,'ll,VERB,5816706412157836887,387160,abordaremos,VERB,11637913246522825345,387160
1000,tackle,VERB,4091751047804257249,387160,0,0,0,0
1001,the,DET,7425985699627899538,387160,los,DET,7307884290799599686,387160
1002,big,ADJ,15511632813958231649,387160,grandes,ADJ,3923687001980770117,387160
1003,challenges,NOUN,8090824503329981713,387160,desafíos,NOUN,15501329892294128807,387160
1004,of,ADP,886050111519832510,389280,de,ADP,11144093025662894627,389280
1005,observing,VERB,17588755775403092572,389280,observar,VERB,9080323924846251761,389280
1006,and,CCONJ,2283656566040971221,389280,y,CONJ,9409450202036847209,389280
1007,studying,VERB,13455842523833053171,389280,estudiar,VERB,15877283782041324221,389280
1008,the,DET,7425985699627899538,389280,la,DET,6804705863737483857,389280
1009,twilight,NOUN,5899031745457647590,389280,notable,ADJ,11145211069919630839,389280
1010,zone,NOUN,13382239391501194836,389280,diversidad,NOUN,15998923980318547006,389280
1011,'s,PART,16428057658620181782,389280,de,ADP,11144093025662894627,389280
1012,0,0,0,0,la,DET,6804705863737483857,389280
1013,diversity,NOUN,12338549936519405788,389280,zona,NOUN,12575086112472059371,389280
1014,remarkable,ADJ,15874379352138509026,389280,crepuscular,ADJ,3426152092386137602,389280
1015,.,PUNCT,12646065887601541794,389280,.,PUNCT,12646065887601541794,389280
1016,This,DET,12943039165150086467,394360,Este,DET,5783993104369099660,394360
1017,kind,NOUN,11997309252971546427,394360,tipo,NOUN,4791739812770415521,394360
1018,of,ADP,886050111519832510,394360,de,ADP,11144093025662894627,394360
1019,multiscale,NOUN,3166590094542266686,394360,exploración,NOUN,13525701368265858893,394360
1020,",",PUNCT,2593208677638477497,394360,y,CONJ,9409450202036847209,394360
1021,multidimensional,ADJ,676649050817831179,394360,multiescala,ADJ,1697852301346327680,394360
1022,exploration,NOUN,17818107371744676623,394360,multidimensional,ADJ,676649050817831179,394360
1023,means,VERB,18281114504200336646,398600,requiere,VERB,4070816224859057384,398600
1024,we,PRON,16064069575701507746,398600,0,0,0,0
1025,need,VERB,478886015463313967,398600,integrar,VERB,4870978443712718856,398600
1026,to,PART,3791531372978436496,398600,0,0,0,0
1027,integrate,VERB,14935986945223263592,398600,0,0,0,0
1028,new,ADJ,4753564829687343602,398600,nuevas,ADJ,3692629646839335747,398600
1029,technologies,NOUN,4567746499346481834,398600,tecnologías,NOUN,6779678986792605918,398600
1030,.,PUNCT,12646065887601541794,398600,.,PUNCT,12646065887601541794,398600
1031,Let,VERB,16084663469996431762,402360,mostraré,VERB,2566522163524729084,402360
1032,me,PRON,18197037023634208128,402360,Les,PRON,16238897526868850703,402360
1033,show,VERB,1916734850589852068,402360,cambiado,VERB,18410637568667305995,402360
1034,you,PRON,7624161793554793053,402360,que,PRON,11474801393294414462,402360
1035,a,DET,11901859001352538922,402360,un,DET,12188161997964598936,402360
1036,recent,ADJ,14101204033091332526,402360,reciente,ADJ,12462685883451098389,402360
1037,example,NOUN,899618643364689362,402360,ejemplo,NOUN,7343501568198578495,402360
1038,that,DET,4380130941430378203,402360,nuestra,DET,6434645427240457100,402360
1039,has,AUX,1248239241591158246,402360,ha,AUX,8521863001484601166,402360
1040,changed,VERB,955745193281900021,402360,pensar,VERB,2464981911360723565,402360
1041,our,DET,17577015140245084783,402360,de,ADP,11144093025662894627,402360
1042,thinking,NOUN,10346293177613240481,402360,forma,NOUN,16527481731563555432,402360
1043,.,PUNCT,12646065887601541794,402360,.,PUNCT,12646065887601541794,402360
1044,Satellite,NOUN,9079981191309563834,406920,Dispositivos,NOUN,794454392445912904,406920
1045,tracking,NOUN,17963272832084909957,406920,de,ADP,11144093025662894627,406920
1046,devices,NOUN,9147593335824553955,406920,rastreo,NOUN,16760624277460978811,406920
1047,on,ADP,5640369432778651323,406920,en,ADP,14626626061804382878,406920
1048,animals,NOUN,15737394957814893750,406920,animales,NOUN,13507121963393168535,406920
1049,such,ADJ,13040105543478938413,406920,satelital,ADJ,17440291877629943626,406920
1050,as,SCONJ,7437575085468336610,406920,como,SCONJ,3817173063683202752,406920
1051,sharks,NOUN,3848197753280831233,406920,tiburones,NOUN,11174789643699215384,406920
1052,are,AUX,5012629990875267006,410640,los,DET,7307884290799599686,406920
1053,now,ADV,17157488710739566268,410640,0,0,0,0
1054,showing,VERB,2694304739876580877,410640,0,0,0,0
1055,us,PRON,4950757572332304006,410640,0,0,0,0
1056,that,SCONJ,4380130941430378203,410640,0,0,0,0
1057,many,ADJ,9720044723474553187,410640,0,0,0,0
1058,top,ADJ,8328343100126676325,410640,0,0,0,0
1059,predators,NOUN,13857995307290002026,410640,0,0,0,0
1060,regularly,ADV,5353083781019221990,413520,se,PRON,9839690450034771972,413510
1061,dive,VERB,9599085977266465584,413520,sumergen,VERB,4647233186085020806,413510
1062,deep,ADV,12691978708603459222,413520,regularmente,ADV,10894214842020010573,413510
1063,into,ADP,3278561384161438710,413520,a,ADP,11901859001352538922,413510
1064,the,DET,7425985699627899538,413520,la,DET,6804705863737483857,413510
1065,twilight,NOUN,5899031745457647590,413520,zona,NOUN,12575086112472059371,413510
1066,0,0,0,0,crepuscular,ADJ,3426152092386137602,413510
1067,to,PART,3791531372978436496,413520,en,ADP,14626626061804382878,413510
1068,zone,NOUN,13382239391501194836,413520,busca,NOUN,5048767159462669254,413510
1069,feed,VERB,12592590869371382092,413520,de,ADP,11144093025662894627,413510
1070,0,0,0,0,alimento,NOUN,6629700604996110993,413510
1071,.,PUNCT,12646065887601541794,413520,.,PUNCT,12646065887601541794,413510
1072,And,CCONJ,12172435438170721471,417240,Y,CONJ,16961793518281001049,417240
1073,when,ADV,15807309897752499399,417240,al,ADP,8222700718889469974,417240
1074,we,PRON,16064069575701507746,417240,de,ADP,11144093025662894627,417240
1075,map,VERB,3700998289579706657,417240,mapear,VERB,5089138243734709855,417240
1076,their,DET,4244585616942201722,417240,sus,DET,11087495102510657763,417240
1077,swimming,NOUN,12526975369366237900,417240,patrones,NOUN,18437071253818437750,417240
1078,patterns,NOUN,14012404856317208028,417240,natación,NOUN,4467341392572088286,417240
1079,and,CCONJ,2283656566040971221,417240,y,CONJ,9409450202036847209,417240
1080,compare,VERB,14278262417543494430,417240,0,0,0,0
1081,them,PRON,7976265300568155021,417240,con,ADP,6945313634251781056,417240
1082,to,PART,3791531372978436496,417240,satelitales,ADJ,18069573764727557988,417240
1083,satellite,NOUN,14755093920957807945,417240,compararlos,NOUN,12356015448414596272,417240
1084,data,NOUN,6645506661261177361,417240,datos,NOUN,10932945580208112495,417240
1085,",",PUNCT,2593208677638477497,417240,",",PUNCT,2593208677638477497,417240
1086,find,VERB,16574616920585318162,422160,vemos,VERB,12055921169188878450,422120
1087,that,SCONJ,4380130941430378203,422160,que,SCONJ,11474801393294414462,422120
1088,their,DET,4244585616942201722,422160,las,DET,6526950402091386798,422120
1089,spots,NOUN,16872771572627315979,422160,zonas,NOUN,16597188486282174145,422120
1090,we,PRON,16064069575701507746,422160,donde,PRON,15978451798512932743,422120
1091,hot,ADJ,1591833895274539112,422160,más,ADV,13805553149795463782,422120
1092,0,0,0,0,se,PRON,9839690450034771972,422120
1093,feeding,VERB,9376892693972790949,422160,alimentan,VERB,555746196023181931,422120
1094,are,AUX,5012629990875267006,424200,se,PRON,9839690450034771972,424200
1095,linked,VERB,18386233019139648504,424200,vinculan,VERB,9382782081877437315,424200
1096,to,ADP,3791531372978436496,424200,a,ADP,11901859001352538922,424200
1097,ocean,NOUN,11641983324036055121,424200,corrientes,NOUN,6918248845995111307,424200
1098,currents,NOUN,11738322076090721312,424200,otras,DET,9467666572440207555,424200
1099,and,CCONJ,2283656566040971221,424200,y,CONJ,9409450202036847209,424200
1100,other,ADJ,1176656782636220709,424200,oceánicas,ADJ,8175859250782437274,424200
1101,features,NOUN,2002446780922224236,424200,características,NOUN,17502307180536349460,424200
1102,.,PUNCT,12646065887601541794,424200,.,PUNCT,12646065887601541794,424200
1103,We,PRON,15667417291854480293,428480,Solíamos,AUX,5591403117079127338,428480
1104,used,VERB,17544535479879614370,428480,pensar,AUX,2464981911360723565,428480
1105,to,PART,3791531372978436496,428480,que,SCONJ,11474801393294414462,428480
1106,think,VERB,16875814820671380748,428480,0,0,0,0
1107,these,DET,6459564349623679250,428480,estos,DET,10436838843398290757,428480
1108,animals,NOUN,15737394957814893750,428480,animales,NOUN,13507121963393168535,428480
1109,found,VERB,602335199165703938,428480,encontraban,VERB,1300541175652248082,428480
1110,all,DET,13409319323822384369,428480,su,DET,14248009254309298022,428480
1111,of,ADP,886050111519832510,428480,0,0,0,0
1112,their,DET,4244585616942201722,428480,toda,DET,6406953881253465916,428480
1113,food,NOUN,18057327756930201825,428480,comida,NOUN,625740123427004761,428480
1114,in,ADP,3002984154512732771,428480,0,0,0,0
1115,surface,NOUN,9335534905066362018,428480,0,0,0,0
1116,waters,NOUN,11428359169546204249,428480,0,0,0,0
1117,.,PUNCT,12646065887601541794,428480,0,0,0,0
1118,We,PRON,15667417291854480293,433480,0,0,0,0
1119,now,ADV,17157488710739566268,433480,Ahora,ADV,10720993020331908228,433480
1120,believe,VERB,7936246238499659209,433480,creemos,VERB,7889451696844183603,433480
1121,they,PRON,16875582379069451158,433480,que,SCONJ,11474801393294414462,433480
1122,depend,VERB,6200994602710626524,433480,dependen,VERB,12680747122095104010,433480
1123,on,ADP,5640369432778651323,433480,de,ADP,11144093025662894627,433480
1124,the,DET,7425985699627899538,433480,la,DET,6804705863737483857,433480
1125,twilight,NOUN,5899031745457647590,433480,crepuscular,ADJ,3426152092386137602,433480
1126,zone,NOUN,13382239391501194836,433480,zona,NOUN,12575086112472059371,433480
1127,.,PUNCT,12646065887601541794,433480,.,PUNCT,12646065887601541794,433480
1128,But,CCONJ,18004243461113809161,437680,Pero,CONJ,3012608552889114327,437680
1129,we,PRON,16064069575701507746,437680,hay,AUX,7335652051276811590,437680
1130,still,ADV,5937879255812462177,437680,aún,ADV,10350824937949505108,437680
1131,need,VERB,478886015463313967,437680,entender,VERB,11362520943434929139,437680
1132,to,PART,3791531372978436496,437680,que,SCONJ,11474801393294414462,437680
1133,figure,VERB,13707025353810924047,437680,encuentran,VERB,4617668824647249687,437680
1134,out,ADP,1696981056005371314,437680,para,ADP,17491956544424926374,437680
1135,how,ADV,16331095434822636218,437680,0,0,0,0
1136,they,PRON,16875582379069451158,437680,cómo,PRON,8106224997027377807,437680
1137,find,VERB,16574616920585318162,437680,zonas,NOUN,16597188486282174145,437680
1138,the,DET,7425985699627899538,437680,las,DET,6526950402091386798,437680
1139,best,ADJ,6250203919658647129,437680,mejores,ADJ,16097645556199473223,437680
1140,areas,NOUN,8712024525343010093,437680,alimentarse,NOUN,10495579181857195113,437680
1141,to,PART,3791531372978436496,437680,0,0,0,0
1142,feed,VERB,12592590869371382092,437680,0,0,0,0
1143,",",PUNCT,2593208677638477497,437680,",",PUNCT,2593208677638477497,437680
1144,what,PRON,5865838185239622912,441480,qué,PRON,2438889091638947136,441480
1145,they,PRON,16875582379069451158,441480,0,0,0,0
1146,'re,AUX,523464648099722843,441480,0,0,0,0
1147,eating,VERB,12092082220177030354,441480,comen,VERB,6364590778942439595,441480
1148,there,ADV,2112642640949226496,441480,allí,ADV,17964402279426095661,441480
1149,and,CCONJ,2283656566040971221,443000,y,CONJ,9409450202036847209,443000
1150,how,ADV,16331095434822636218,443000,cuánto,PRON,16490285227171123793,443000
1151,depend,VERB,6200994602710626524,443000,dependen,VERB,12680747122095104010,443000
1152,their,DET,4244585616942201722,443000,sus,DET,11087495102510657763,443000
1153,diets,NOUN,2203559877373451479,443000,dietas,NOUN,5245949953443594285,443000
1154,on,ADP,5640369432778651323,443000,de,ADP,11144093025662894627,443000
1155,0,0,0,0,las,DET,6526950402091386798,443000
1156,twilight,NOUN,5899031745457647590,443000,especies,NOUN,4790019474863918280,443000
1157,zone,NOUN,13382239391501194836,443000,de,ADP,11144093025662894627,443000
1158,0,0,0,0,la,DET,6804705863737483857,443000
1159,species,NOUN,2873762403814366800,443000,zona,NOUN,12575086112472059371,443000
1160,much,ADJ,1935074700818135162,443000,crepuscular,ADJ,3426152092386137602,443000
1161,.,PUNCT,12646065887601541794,443000,.,PUNCT,12646065887601541794,443000
1162,We,PRON,15667417291854480293,448240,0,0,0,0
1163,will,VERB,18307573501153647118,448240,necesitaremos,VERB,16253683614391703242,448240
1164,also,ADV,12084876542534825196,448240,También,ADV,4730831994135206183,448240
1165,need,VERB,478886015463313967,448240,para,ADP,17491956544424926374,448240
1166,new,ADJ,4753564829687343602,448240,nuevas,ADJ,3692629646839335747,448240
1167,technologies,NOUN,4567746499346481834,448240,tecnologías,NOUN,6779678986792605918,448240
1168,to,PART,3791531372978436496,448240,los,DET,7307884290799599686,448240
1169,explore,VERB,17283579609114212050,448240,explorar,VERB,3963168767682265782,448240
1170,the,DET,7425985699627899538,448240,el,DET,11488171005156075516,448240
1171,links,NOUN,1532507504732429888,448240,vínculos,NOUN,15585929229555347091,448240
1172,with,ADP,12510949447758279278,448240,con,ADP,6945313634251781056,448240
1173,climate,NOUN,5337114889637146982,448240,clima,NOUN,17797006365687993999,448240
1174,.,PUNCT,12646065887601541794,448240,.,PUNCT,12646065887601541794,448240
1175,0,0,0,0,¿,PUNCT,3095673970880011110,453280
1176,Remember,VERB,4010689901336171027,453280,Recuerdan,VERB,4169376861666877957,453280
1177,these,DET,6459564349623679250,453280,estas,DET,16010204526465958382,453280
1178,particles,NOUN,6804810689925927153,453280,partículas,NOUN,6153901176150821746,453280
1179,?,PUNCT,8205403955989537350,453280,?,PUNCT,8205403955989537350,453280
1180,Some,DET,14298532990736973729,456000,estos,DET,10436838843398290757,456000
1181,of,ADP,886050111519832510,456000,por,ADP,18244196334509357400,456000
1182,them,PRON,7976265300568155021,456000,Algunas,PRON,15820979897626409218,456000
1183,are,AUX,5012629990875267006,456000,son,AUX,2555790282192608669,456000
1184,produced,VERB,14018613925054309531,456000,producidas,VERB,3864630550837294114,456000
1185,by,ADP,16764210730586636600,456000,animales,NOUN,13507121963393168535,456000
1186,gelatinous,ADJ,8534388020492699503,456000,gelatinosos,ADJ,4250197487556137602,456000
1187,animals,NOUN,15737394957814893750,456000,salpas,NOUN,18438938142635321009,456000
1188,called,VERB,3125235652374451650,456000,llamados,ADJ,11895306630468336660,456000
1189,salps,PROPN,8824277079291079589,456000,0,0,0,0
1190,.,PUNCT,12646065887601541794,456000,.,PUNCT,12646065887601541794,456000
1191,0,0,0,0,Las,DET,9845755628983179954,460160
1192,Salps,NOUN,11977728779687444462,460160,salpas,NOUN,18438938142635321009,460160
1193,are,AUX,5012629990875267006,460160,son,AUX,2555790282192608669,460160
1194,like,SCONJ,18194338103975822726,460160,como,SCONJ,3817173063683202752,460160
1195,superefficient,ADJ,7719427850749133249,460160,aspiradoras,PROPN,7709434082174277496,460160
1196,vacuum,NOUN,5602229442781595730,460160,súper,PROPN,11812069345228111184,460160
1197,",",PUNCT,2593208677638477497,460160,-,PUNCT,9153284864653046197,460160
1198,cleaners,NOUN,14065551446855983607,460160,eficientes,NOUN,15540738167039874475,460160
1199,0,0,0,0,",",PUNCT,2593208677638477497,460160
1200,slurping,VERB,1960545847446431544,462560,absorben,VERB,13110056373173749843,462560
1201,up,ADP,2199259611705938403,462560,que,SCONJ,11474801393294414462,462560
1202,plankton,PROPN,3060066819630590215,462560,plancton,PROPN,8653191105939662356,462560
1203,and,CCONJ,2283656566040971221,462560,y,CONJ,9409450202036847209,462560
1204,producing,VERB,3081175635566366546,462560,producen,VERB,11282932737813754737,462560
1205,fast,ADV,1826119438242743099,462560,bolitas,NOUN,16283426067539356641,462560
1206,-,PUNCT,9153284864653046197,462560,de,ADP,11144093025662894627,462560
1207,sinking,VERB,8539917546375256798,462560,rápido,ADJ,9694796508432521733,462560
1208,pellets,NOUN,2607826692940611157,462560,excremento,NOUN,8612027125362340827,462560
1209,of,ADP,886050111519832510,462560,de,ADP,11144093025662894627,462560
1210,poop,NOUN,13466408263793761672,462560,hundimiento,NOUN,4309401873327070363,462560
1211,--,PUNCT,10501404726543969396,462560,.,PUNCT,12646065887601541794,462560
1212,try,VERB,4812066089261065646,468280,¡,PUNCT,2520741703198981157,468280
1213,0,0,0,0,Traten,PROPN,425751794495315387,468280
1214,that,SCONJ,4380130941430378203,468280,de,ADP,11144093025662894627,468280
1215,saying,VERB,12123752991424432577,468280,decir,VERB,8511968184309850901,468280
1216,0,0,0,0,eso,PRON,12716495710533357957,468280
1217,10,NUM,6572986864102252890,468280,10,NUM,6572986864102252890,468280
1218,times,NOUN,12380071558262218793,468280,veces,NOUN,18218929533061403504,468280
1219,fast,ADV,1826119438242743099,468280,más,ADV,13805553149795463782,468280
1220,0,0,0,0,rápido,ADJ,9694796508432521733,468280
1221,--,PUNCT,10501404726543969396,468280,!,PUNCT,17494803046312582752,468280
1222,pellets,NOUN,2607826692940611157,470440,Bolitas,NOUN,15156237594256980680,470440
1223,of,ADP,886050111519832510,470440,de,ADP,11144093025662894627,470440
1224,poop,NOUN,13466408263793761672,470440,excremento,NOUN,8612027125362340827,470440
1225,that,DET,4380130941430378203,470440,que,PRON,11474801393294414462,470440
1226,carry,VERB,3136549718379081776,470440,llevan,VERB,4771367422944510317,470440
1227,carbon,NOUN,5979106570042082363,470440,carbono,NOUN,17945237734639031723,470440
1228,deep,ADV,12691978708603459222,470440,a,ADP,11901859001352538922,470440
1229,the,DET,7425985699627899538,470440,las,DET,6526950402091386798,470440
1230,ocean,NOUN,11641983324036055121,470440,profundidades,NOUN,13983593317933753031,470440
1231,into,ADP,3278561384161438710,470440,del,ADP,14178434899903659559,470440
1232,0,0,0,0,océano,NOUN,18401036721348488790,470440
1233,.,PUNCT,12646065887601541794,470440,.,PUNCT,12646065887601541794,470440
1234,We,PRON,15667417291854480293,474680,A,ADP,14862748245026736845,474680
1235,sometimes,ADV,2982782142620708162,474680,veces,NOUN,18218929533061403504,474680
1236,find,VERB,16574616920585318162,474680,encontramos,VERB,4857669360556708695,474680
1237,salps,NOUN,8824277079291079589,474680,salpas,NOUN,18438938142635321009,474680
1238,in,ADP,3002984154512732771,474680,en,ADP,14626626061804382878,474680
1239,enormous,ADJ,17917224542039855524,474680,enormes,ADJ,6405443933813658517,474680
1240,swarms,NOUN,13567996803931429748,474680,enjambres,NOUN,17532428872191944621,474680
1241,.,PUNCT,12646065887601541794,474680,.,PUNCT,12646065887601541794,474680
1242,We,PRON,15667417291854480293,478280,dónde,PRON,6856878951636379398,478280
1243,need,VERB,478886015463313967,478280,saber,AUX,17611604145141490645,478280
1244,to,PART,3791531372978436496,478280,Necesitamos,AUX,13933067776049146156,478280
1245,know,VERB,7743033266031195906,478280,",",PUNCT,2593208677638477497,478280
1246,where,ADV,16318918034475841628,478280,cuándo,PRON,4507404678292223579,478280
1247,and,CCONJ,2283656566040971221,478280,",",PUNCT,2593208677638477497,478280
1248,when,ADV,15807309897752499399,478280,por,ADP,18244196334509357400,478280
1249,and,CCONJ,2283656566040971221,478280,qué,PRON,2438889091638947136,478280
1250,why,ADV,16315412628806490806,478280,0,0,0,0
1251,and,CCONJ,2283656566040971221,478280,0,0,0,0
1252,whether,SCONJ,4099315622432746663,478280,0,0,0,0
1253,To,PART,7831192797367251337,482200,y,CONJ,9409450202036847209,481660
1254,meet,VERB,6880656908171229526,482200,si,SCONJ,13884469947995795204,481660
1255,these,DET,6459564349623679250,482200,este,DET,15654890294676217493,481660
1256,challenges,NOUN,8090824503329981713,482200,sumidero,NOUN,11737395712418611985,481660
1257,",",PUNCT,2593208677638477497,482200,de,ADP,11144093025662894627,481660
1258,we,PRON,16064069575701507746,482200,carbono,NOUN,17945237734639031723,481660
1259,will,VERB,18307573501153647118,482200,tiene,VERB,12773169655925470509,481660
1260,need,VERB,478886015463313967,482200,un,DET,12188161997964598936,481660
1261,to,PART,3791531372978436496,482200,gran,ADJ,5334715143329897801,481660
1262,push,VERB,4198392880578328572,482200,impacto,NOUN,4593073030617852744,481660
1263,0,0,0,0,en,ADP,14626626061804382878,481660
1264,the,DET,7425985699627899538,482200,el,DET,11488171005156075516,481660
1265,limits,NOUN,7207919413059047480,482200,clima,NOUN,17797006365687993999,481660
1266,of,ADP,886050111519832510,482200,del,ADP,14178434899903659559,481660
1267,technology,NOUN,1740049878576065363,482200,planeta,NOUN,10594609896040289612,481660
1268,.,PUNCT,12646065887601541794,482200,.,PUNCT,12646065887601541794,481660
1269,We,PRON,15667417291854480293,491920,0,0,0,0
1270,will,VERB,18307573501153647118,491920,Implementaremos,VERB,3921852794391136935,491920
1271,deploy,VERB,6134926032555410579,491920,y,CONJ,9409450202036847209,491920
1272,cameras,NOUN,17938957121248987271,491920,muestreadores,NOUN,15882769972273683104,491920
1273,and,CCONJ,2283656566040971221,491920,0,0,0,0
1274,samplers,NOUN,16280922628094148734,491920,robots,NOUN,17997062768605643647,491920
1275,on,ADP,5640369432778651323,491920,en,ADP,14626626061804382878,491920
1276,smart,ADJ,2191600787884973499,491920,inteligentes,ADJ,8812802880394258123,491920
1277,robots,NOUN,17997062768605643647,491920,cámaras,NOUN,2678452803781854035,491920
1278,to,PART,3791531372978436496,495000,para,ADP,17491956544424926374,495000
1279,patrol,VERB,15836116313514133255,495000,patrullar,VERB,8184787590729677164,495000
1280,the,DET,7425985699627899538,495000,las,DET,6526950402091386798,495000
1281,depths,NOUN,17378251205242712008,495000,profundidades,NOUN,13983593317933753031,495000
1282,and,CCONJ,2283656566040971221,495000,0,0,0,0
1283,help,VERB,17461235395181654430,495000,0,0,0,0
1284,us,PRON,4950757572332304006,495000,0,0,0,0
1285,track,VERB,13353920538491180942,495000,0,0,0,0
1286,the,DET,7425985699627899538,495000,0,0,0,0
1287,secret,ADJ,12786147107810005657,495000,0,0,0,0
1288,lives,NOUN,11245784847398743405,495000,0,0,0,0
1289,of,ADP,886050111519832510,495000,0,0,0,0
1290,animals,NOUN,15737394957814893750,495000,0,0,0,0
1291,like,SCONJ,18194338103975822726,495000,0,0,0,0
1292,salps,PROPN,8824277079291079589,495000,0,0,0,0
1293,.,PUNCT,12646065887601541794,495000,0,0,0,0
1294,We,PRON,15667417291854480293,500520,0,0,0,0
1295,will,VERB,18307573501153647118,500520,un,DET,12188161997964598936,500520
1296,use,VERB,6873750497785110593,500520,Usaremos,VERB,11598531496048817310,500520
1297,advanced,ADJ,3943929226210916060,500520,avanzado,ADJ,8791035740793397675,500520
1298,sonar,NOUN,8028139918198946105,500520,sonar,NOUN,8028139918198946105,500520
1299,to,PART,3791531372978436496,502600,0,0,0,0
1300,figure,VERB,13707025353810924047,502600,averiguar,VERB,16497500829832257928,502600
1301,out,ADP,1696981056005371314,502600,para,ADP,17491956544424926374,502600
1302,how,ADV,16331095434822636218,502600,cuántos,PRON,16912952512602252892,502600
1303,many,ADJ,9720044723474553187,502600,y,CONJ,9409450202036847209,502600
1304,fish,NOUN,7982703119309609807,502600,peces,NOUN,18001958330442280428,502600
1305,and,CCONJ,2283656566040971221,502600,otros,DET,4352301292778471070,502600
1306,other,ADJ,1176656782636220709,502600,0,0,0,0
1307,animals,NOUN,15737394957814893750,502600,animales,NOUN,13507121963393168535,502600
1308,are,AUX,5012629990875267006,502600,hay,AUX,7335652051276811590,502600
1309,down,ADV,6421409113692203669,502600,abajo,ADV,4370179832801324735,502600
1310,there,ADV,2112642640949226496,502600,allí,ADV,17964402279426095661,502600
1311,.,PUNCT,12646065887601541794,502600,.,PUNCT,12646065887601541794,502600
1312,We,PRON,15667417291854480293,507280,0,0,0,0
1313,will,VERB,18307573501153647118,507280,Secuenciaremos,VERB,6712634144649124679,507280
1314,sequence,VERB,11348240381223395193,507280,ADN,PROPN,7661861517356029763,507280
1315,DNA,NOUN,14386531691665947480,507280,entorno,NOUN,10267975141234546036,507280
1316,from,ADP,7831658034963690409,507280,del,ADP,14178434899903659559,507280
1317,the,DET,7425985699627899538,507280,el,DET,11488171005156075516,507280
1318,environment,NOUN,16709044843282783534,507280,especie,NOUN,16954123710162420000,507280
1319,in,ADP,3002984154512732771,507280,en,ADP,14626626061804382878,507280
1320,a,DET,11901859001352538922,507280,una,DET,1019041181156623609,507280
1321,kind,NOUN,11997309252971546427,507280,análisis,NOUN,4679595348338965911,507280
1322,of,ADP,886050111519832510,507280,de,ADP,11144093025662894627,507280
1323,forensic,ADJ,7831741793539354032,507280,forense,ADJ,8967304366093106156,507280
1324,analysis,NOUN,5753914399162559562,507280,0,0,0,0
1325,to,PART,3791531372978436496,511720,0,0,0,0
1326,figure,VERB,13707025353810924047,511720,descubrir,AUX,10374856595209890950,511720
1327,out,ADP,1696981056005371314,511720,para,ADP,17491956544424926374,511720
1328,which,DET,7063653163634019529,511720,qué,DET,2438889091638947136,511720
1329,species,NOUN,2873762403814366800,511720,especies,NOUN,4790019474863918280,511720
1330,are,AUX,5012629990875267006,511720,hay,AUX,7335652051276811590,511720
1331,there,ADV,2112642640949226496,511720,0,0,0,0
1332,and,CCONJ,2283656566040971221,513960,y,CONJ,9409450202036847209,513960
1333,what,PRON,5865838185239622912,513960,qué,PRON,2438889091638947136,513960
1334,they,PRON,16875582379069451158,513960,0,0,0,0
1335,are,AUX,5012629990875267006,513960,están,AUX,9329291831938041508,513960
1336,eating,VERB,12092082220177030354,513960,comiendo,VERB,16247471045092761284,513960
1337,.,PUNCT,12646065887601541794,513960,.,PUNCT,12646065887601541794,513960
1338,With,ADP,12386272804366152714,516520,Con,ADP,5520492700078303406,516520
1339,so,ADV,9781598966686434415,516520,aún,ADV,10350824937949505108,516520
1340,much,ADJ,1935074700818135162,516520,desconocidas,ADJ,7278102913024789297,516520
1341,that,DET,4380130941430378203,516520,tantas,DET,12787144901254407077,516520
1342,'s,AUX,16428057658620181782,516520,0,0,0,0
1343,still,ADV,5937879255812462177,516520,0,0,0,0
1344,unknown,ADJ,10430439674830883178,516520,crepuscular,ADJ,3426152092386137602,516520
1345,about,ADP,942632335873952620,516520,sobre,ADP,11374976834714679510,516520
1346,the,DET,7425985699627899538,516520,la,DET,6804705863737483857,516520
1347,twilight,NOUN,5899031745457647590,516520,zona,NOUN,12575086112472059371,516520
1348,zone,NOUN,13382239391501194836,516520,cosas,NOUN,399513973913231652,516520
1349,",",PUNCT,2593208677638477497,516520,",",PUNCT,2593208677638477497,516520
1350,there,PRON,2112642640949226496,519960,0,0,0,0
1351,'s,AUX,16428057658620181782,519960,hay,AUX,7335652051276811590,519960
1352,an,DET,15099054000809333061,519960,una,DET,1019041181156623609,519960
1353,almost,ADV,9970931496028849525,519960,casi,ADV,3261825392838065605,519960
1354,unlimited,ADJ,11834552160191316043,519960,ilimitada,ADJ,15654853687360533858,519960
1355,opportunity,NOUN,9751084440329135938,519960,oportunidad,NOUN,5032943597530437384,519960
1356,for,ADP,16037325823156266367,519960,para,ADP,17491956544424926374,519960
1357,new,ADJ,4753564829687343602,519960,nuevos,ADJ,5997882555910684786,519960
1358,discovery,NOUN,12125820207137211215,519960,descubrimientos,NOUN,4731886896658397471,519960
1359,.,PUNCT,12646065887601541794,519960,.,PUNCT,12646065887601541794,519960
1360,Just,ADV,1627781620377393522,524360,Solo,ADV,8123074002173051279,524360
1361,look,VERB,16096726548953279178,524360,miren,VERB,7492329970900718515,524360
1362,at,ADP,11667289587015813222,524360,0,0,0,0
1363,these,DET,6459564349623679250,524360,estas,DET,16010204526465958382,524360
1364,beautiful,ADJ,530855179026533974,524360,hermosas,ADJ,16824082332639440505,524360
1365,",",PUNCT,2593208677638477497,524360,y,CONJ,9409450202036847209,524360
1366,fascinating,ADJ,18282403664965979103,524360,fascinantes,ADJ,5794571105880556356,524360
1367,creatures,NOUN,4206045693466475769,524360,criaturas,NOUN,15983747789089008647,524360
1368,.,PUNCT,12646065887601541794,524360,.,PUNCT,12646065887601541794,524360
1369,We,PRON,15667417291854480293,528159,las,PRON,6526950402091386798,528159
1370,barely,ADV,13378890930867954596,528159,Apenas,ADV,16654110068172069103,528159
1371,know,VERB,7743033266031195906,528159,conocemos,VERB,17644320348677107230,528159
1372,them,PRON,7976265300568155021,528159,0,0,0,0
1373,.,PUNCT,12646065887601541794,528159,.,PUNCT,12646065887601541794,528159
1374,And,CCONJ,12172435438170721471,530280,E,CONJ,9391737413944127320,530280
1375,imagine,VERB,11158042576763907092,530280,imaginen,VERB,12569811243512805157,530280
1376,how,ADV,16331095434822636218,530280,más,ADV,13805553149795463782,530280
1377,many,ADJ,9720044723474553187,530280,cuántas,NOUN,1325456036773539693,530280
1378,more,ADJ,2160362229054775535,530280,0,0,0,0
1379,are,AUX,5012629990875267006,530280,0,0,0,0
1380,just,ADV,7148522813498185515,530280,abajo,ADV,4370179832801324735,530280
1381,down,ADV,6421409113692203669,530280,allí,ADV,17964402279426095661,530280
1382,there,ADV,2112642640949226496,530280,0,0,0,0
1383,waiting,VERB,6637960978588277222,530280,están,VERB,9329291831938041508,530280
1384,for,ADP,16037325823156266367,533120,de,ADP,11144093025662894627,532700
1385,our,DET,17577015140245084783,533120,Nuestro,DET,10498438242590878365,532700
1386,new,ADJ,4753564829687343602,533120,equipo,NOUN,805020249638326934,532700
1387,technologies,NOUN,4567746499346481834,533120,oceanógrafos,NOUN,17192790020084921257,532700
1388,to,PART,3791531372978436496,533120,0,0,0,0
1389,see,VERB,11925638236994514241,533120,0,0,0,0
1390,them,PRON,7976265300568155021,533120,y,CONJ,9409450202036847209,532700
1391,.,PUNCT,12646065887601541794,533120,",",PUNCT,2593208677638477497,532700
1392,The,DET,5059648917813135842,536400,0,0,0,0
1393,excitement,NOUN,550938192420782469,536400,comunicadores,NOUN,8556367955402808486,532700
1394,level,NOUN,15060127769916968652,536400,ingenieros,NOUN,1436009849864275407,532700
1395,about,ADP,942632335873952620,536400,0,0,0,0
1396,this,DET,1995909169258310477,536400,0,0,0,0
1397,could,VERB,7494117911267222209,536400,0,0,0,0
1398,not,PART,447765159362469301,536400,0,0,0,0
1399,be,AUX,10382539506755952630,536400,0,0,0,0
1400,higher,ADJ,2472857369998538979,536400,0,0,0,0
1401,on,ADP,5640369432778651323,536400,0,0,0,0
1402,our,DET,17577015140245084783,536400,0,0,0,0
1403,team,NOUN,4303356597303500170,536400,0,0,0,0
1404,of,ADP,886050111519832510,539840,0,0,0,0
1405,ocean,NOUN,11641983324036055121,539840,0,0,0,0
1406,scientists,NOUN,15048473210916948367,539840,0,0,0,0
1407,",",PUNCT,2593208677638477497,539840,0,0,0,0
1408,engineers,NOUN,13288879277224453604,539840,0,0,0,0
1409,and,CCONJ,2283656566040971221,539840,0,0,0,0
1410,communicators,NOUN,2422613880367701122,539840,0,0,0,0
1411,.,PUNCT,12646065887601541794,539840,0,0,0,0
1412,We,PRON,15667417291854480293,544800,0,0,0,0
1413,ca,VERB,13913074996085095135,544800,podemos,AUX,8521574907144439556,544800
1414,n't,PART,2043519015752540944,544800,0,0,0,0
1415,turn,VERB,7124218691546400199,544800,desandar,VERB,8617223213245815609,544800
1416,back,ADV,15255859468896132977,544800,No,ADV,9692231336188541085,544800
1417,the,DET,7425985699627899538,544800,las,DET,6526950402091386798,544800
1418,clock,NOUN,12356766002385227290,544800,sobrepesca,NOUN,8454907669245790313,544800
1419,on,ADP,5640369432778651323,544800,de,ADP,11144093025662894627,544800
1420,decades,NOUN,17133747337730327902,544800,décadas,NOUN,18097565269778494444,544800
1421,of,ADP,886050111519832510,544800,0,0,0,0
1422,overfishing,NOUN,17211345162826990073,544800,0,0,0,0
1423,in,ADP,3002984154512732771,552720,en,ADP,14626626061804382878,552720
1424,countless,ADJ,16012476060637190585,552720,vastas,ADJ,69500341425597057,552720
1425,regions,NOUN,12620219106963975434,552720,regiones,NOUN,4471620674173915895,552720
1426,of,ADP,886050111519832510,552720,de,ADP,11144093025662894627,552720
1427,the,DET,7425985699627899538,552720,un,DET,12188161997964598936,552720
1428,ocean,NOUN,11641983324036055121,552720,océano,NOUN,18401036721348488790,552720
1429,that,SCONJ,4380130941430378203,555280,que,SCONJ,11474801393294414462,555280
1430,once,ADV,18381768081115421630,555280,alguna,DET,9476533234829010752,555280
1431,seemed,VERB,12172617334749072916,555280,vez,NOUN,8246815288216585998,555280
1432,0,0,0,0,parecía,AUX,8931144649433188967,555280
1433,inexhaustible,ADJ,7963466356251813223,555280,inagotable,ADJ,9575897574209067451,555280
1434,.,PUNCT,12646065887601541794,555280,.,PUNCT,12646065887601541794,555280
1435,How,ADV,16762307017182994292,558240,¡,PUNCT,2520741703198981157,558240
1436,amazing,ADJ,12968186374132960503,558240,Qué,DET,15959444434087193889,558240
1437,would,VERB,6992604926141104606,558240,fantástico,NOUN,16052752710919563720,558240
1438,it,PRON,10239237003504588839,558240,0,0,0,0
1439,be,AUX,10382539506755952630,558240,sería,AUX,2327523273576278238,558240
1440,to,PART,3791531372978436496,558240,0,0,0,0
1441,take,VERB,6789454535283781228,558240,tomar,VERB,4653034684951104091,558240
1442,a,DET,11901859001352538922,558240,un,DET,12188161997964598936,558240
1443,different,ADJ,17379251038783395147,558240,diferente,ADJ,10543369794962640264,558240
1444,path,NOUN,15514429316144644227,558240,vez,NOUN,8246815288216585998,558240
1445,this,DET,1995909169258310477,558240,esta,DET,5821559423218928566,558240
1446,time,NOUN,8885804376230376864,558240,camino,NOUN,2472374425192424063,558240
1447,?,PUNCT,8205403955989537350,558240,!,PUNCT,17494803046312582752,558240
1448,The,DET,5059648917813135842,563560,La,DET,6239908149323985340,563560
1449,twilight,NOUN,5899031745457647590,563560,zona,NOUN,12575086112472059371,563560
1450,zone,NOUN,13382239391501194836,563560,crepuscular,ADJ,3426152092386137602,563560
1451,is,AUX,3411606890003347522,563560,es,AUX,10343076919720641053,563560
1452,truly,ADV,17288721395099132231,563560,realmente,ADV,13453105967711789301,563560
1453,a,DET,11901859001352538922,563560,un,DET,12188161997964598936,563560
1454,commons,NOUN,11278958339078887562,563560,bien,NOUN,8265441118321635764,563560
1455,global,ADJ,17053192215331816304,563560,común,ADJ,4500350802469696520,563560
1456,0,0,0,0,mundial,ADJ,4738669056865048971,563560
1457,.,PUNCT,12646065887601541794,563560,.,PUNCT,12646065887601541794,563560
1458,We,PRON,15667417291854480293,567160,debemos,AUX,483227938760077305,567160
1459,need,VERB,478886015463313967,567160,conocerlo,VERB,15778242388248869589,567160
1460,to,PART,3791531372978436496,567160,y,CONJ,9409450202036847209,567160
1461,first,ADV,11860158879560853892,567160,Primero,ADV,14440630803554070121,567160
1462,know,VERB,7743033266031195906,567160,entenderlo,VERB,13467362002236682173,567160
1463,and,CCONJ,2283656566040971221,567160,0,0,0,0
1464,understand,VERB,2256871070683278179,567160,0,0,0,0
1465,it,PRON,10239237003504588839,567160,0,0,0,0
1466,we,PRON,16064069575701507746,570360,antes,ADV,12446581712315785411,570360
1467,before,ADP,11320251846592927908,570360,de,ADP,11144093025662894627,570360
1468,be,AUX,10382539506755952630,570360,poder,AUX,17496565441882855384,570360
1469,can,VERB,6635067063807956629,570360,administrarlo,VERB,6340761609760312360,570360
1470,0,0,0,0,de,ADP,11144093025662894627,570360
1471,stewards,NOUN,2382410488603239027,570360,manera,NOUN,498987833452431579,570360
1472,responsible,ADJ,6713891041910770286,570360,responsable,ADJ,3480042803019351635,570360
1473,and,CCONJ,2283656566040971221,573240,y,CONJ,9409450202036847209,573240
1474,hope,VERB,4429974322456332988,573240,esperar,VERB,2612014110471538031,573240
1475,fish,VERB,7982703119309609807,573240,pescar,VERB,17537066319704872870,573240
1476,sustainably,ADV,12156166974733398900,573240,allí,ADV,17964402279426095661,573240
1477,it,PRON,10239237003504588839,573240,de,ADP,11144093025662894627,573240
1478,to,PART,3791531372978436496,573240,manera,NOUN,498987833452431579,573240
1479,0,0,0,0,sostenible,ADJ,16299487698201070787,573240
1480,.,PUNCT,12646065887601541794,573240,.,PUNCT,12646065887601541794,573240
1481,This,DET,12943039165150086467,576240,Esto,PRON,15115217180518400449,576240
1482,is,AUX,3411606890003347522,576240,es,AUX,10343076919720641053,576240
1483,not,PART,447765159362469301,576240,no,ADV,13055779130471031426,576240
1484,just,ADV,7148522813498185515,576240,solo,ADV,3505255310390259426,576240
1485,a,DET,11901859001352538922,576240,un,DET,12188161997964598936,576240
1486,journey,NOUN,18070856088500855311,576240,viaje,NOUN,12873751131493332947,576240
1487,for,ADP,16037325823156266367,576240,para,ADP,17491956544424926374,576240
1488,scientists,NOUN,15048473210916948367,576240,científicos,NOUN,9068354635756926713,576240
1489,",",PUNCT,2593208677638477497,576240,",",PUNCT,2593208677638477497,576240
1490,it,PRON,10239237003504588839,578840,todos,PRON,5361417614589746890,578840
1491,is,AUX,3411606890003347522,578840,es,AUX,10343076919720641053,578840
1492,for,ADP,16037325823156266367,578840,para,ADP,17491956544424926374,578840
1493,all,DET,13409319323822384369,578840,0,0,0,0
1494,of,ADP,886050111519832510,578840,0,0,0,0
1495,us,PRON,4950757572332304006,578840,nosotros,PRON,8669422429569711216,578840
1496,",",PUNCT,2593208677638477497,578840,",",PUNCT,2593208677638477497,578840
1497,because,SCONJ,16950148841647037698,580800,porque,SCONJ,5757082442330786044,580800
1498,the,DET,7425985699627899538,580800,las,DET,6526950402091386798,580800
1499,decisions,NOUN,7769497914997860259,580800,decisiones,NOUN,18026053231323535527,580800
1500,we,PRON,16064069575701507746,580800,que,PRON,11474801393294414462,580800
1501,collectively,ADV,4150568220891476573,580800,colectivamente,ADV,864562631838010622,580800
1502,make,VERB,9614445426764226664,580800,tomemos,VERB,261230401657351413,580800
1503,over,ADP,5456543204961066030,583760,durante,ADP,11737682865337350439,583760
1504,the,DET,7425985699627899538,583760,la,DET,6804705863737483857,583760
1505,next,ADJ,5589923990388768802,583760,próxima,ADJ,15398547737721004328,583760
1506,decade,NOUN,18332594201809320582,583760,década,NOUN,8302843573750124071,583760
1507,will,VERB,18307573501153647118,585680,afectarán,VERB,13703771039567015227,585680
1508,affect,VERB,17543419487618836897,585680,del,ADP,14178434899903659559,585680
1509,what,PRON,5865838185239622912,585680,aspecto,NOUN,10100773816726431526,585680
1510,the,DET,7425985699627899538,585680,el,DET,11488171005156075516,585680
1511,ocean,NOUN,11641983324036055121,585680,océano,NOUN,18401036721348488790,585680
1512,looks,VERB,7514930894455484064,585680,0,0,0,0
1513,like,SCONJ,18194338103975822726,585680,0,0,0,0
1514,for,ADP,16037325823156266367,588160,en,ADP,14626626061804382878,588160
1515,centuries,NOUN,6838120704692272954,588160,siglos,NOUN,7132765757676889436,588160
1516,to,PART,3791531372978436496,588160,los,DET,7307884290799599686,588160
1517,come,VERB,5307304325359566725,588160,venideros,ADJ,16404094034526368757,588160
1518,.,PUNCT,12646065887601541794,588160,.,PUNCT,12646065887601541794,588160
1519,Thank,VERB,11061341230758823191,590600,0,0,0,0
1520,you,PRON,7624161793554793053,590600,Aplausos,PROPN,5625793903345412492,591840
1521,.,PUNCT,12646065887601541794,590600,(,PUNCT,12638816674900267446,591840
1522,(,PUNCT,12638816674900267446,591840,.,PUNCT,12646065887601541794,590600
1523,Applause,NOUN,8922310725892301193,591840,Gracias,NOUN,13343105967155848449,590600
1524,),PUNCT,3842344029291005339,591840,),PUNCT,3842344029291005339,591840
