,0,1,2,3,4,5,6,7
0,No,DET,9692231336188541085,12580,lo,DET,12507729120330568444,12571
1,one,NOUN,17454115351911680600,12580,le,PRON,13361843836202591494,12571
2,will,VERB,18307573501153647118,12580,pagará,VERB,8303840659091471638,12571
3,ever,ADV,6231102377460051108,12580,jamás,ADV,17126237765573678377,12571
4,pay,VERB,645224182615914541,12580,vale,VERB,8419709755603981138,12571
5,you,PRON,7624161793554793053,12580,que,PRON,11474801393294414462,12571
6,what,PRON,5865838185239622912,12580,Ud.,PROPN,1404373474500892445,12571
7,you,PRON,7624161793554793053,12580,Nadie,PRON,5727564269709707739,12571
8,'re,AUX,523464648099722843,12580,0,0,0,0
9,worth,ADJ,12282438651404021516,12580,0,0,0,0
10,.,PUNCT,12646065887601541794,12580,.,PUNCT,12646065887601541794,12571
11,No,DET,9692231336188541085,17700,lo,DET,12507729120330568444,17696
12,one,NOUN,17454115351911680600,17700,le,PRON,13361843836202591494,17696
13,will,VERB,18307573501153647118,17700,pagará,VERB,8303840659091471638,17696
14,ever,ADV,6231102377460051108,17700,jamás,ADV,17126237765573678377,17696
15,pay,VERB,645224182615914541,17700,vale,VERB,8419709755603981138,17696
16,you,PRON,7624161793554793053,17700,que,PRON,11474801393294414462,17696
17,what,PRON,5865838185239622912,20060,Ud.,PROPN,1404373474500892445,17696
18,you,PRON,7624161793554793053,20060,Nadie,PRON,5727564269709707739,17696
19,'re,AUX,523464648099722843,20060,0,0,0,0
20,worth,ADJ,12282438651404021516,20060,0,0,0,0
21,.,PUNCT,12646065887601541794,20060,.,PUNCT,12646065887601541794,17696
22,They,PRON,14947529218328092544,23660,le,PRON,13361843836202591494,23654
23,'ll,VERB,5816706412157836887,23660,pagarán,VERB,5162704057236628058,23654
24,only,ADV,13398675276606405380,23660,Solo,ADV,8123074002173051279,23654
25,ever,ADV,6231102377460051108,23660,lo,DET,12507729120330568444,23654
26,pay,VERB,645224182615914541,23660,creen,VERB,6184345005693134749,23654
27,you,PRON,7624161793554793053,23660,que,PRON,11474801393294414462,23654
28,what,PRON,5865838185239622912,25620,que,SCONJ,11474801393294414462,23654
29,they,PRON,16875582379069451158,25620,Ud.,PROPN,1404373474500892445,23654
30,think,VERB,16875814820671380748,25620,vale,VERB,8419709755603981138,23654
31,you,PRON,7624161793554793053,25620,0,0,0,0
32,'re,AUX,523464648099722843,25620,0,0,0,0
33,worth,ADJ,12282438651404021516,25620,0,0,0,0
34,.,PUNCT,12646065887601541794,25620,.,PUNCT,12646065887601541794,23654
35,And,CCONJ,12172435438170721471,28260,Y,CONJ,16961793518281001049,28260
36,you,PRON,7624161793554793053,28260,Ud.,PROPN,1404373474500892445,28260
37,control,VERB,572204754761179701,28260,controla,VERB,6505881124719817415,28260
38,their,DET,4244585616942201722,28260,su,DET,14248009254309298022,28260
39,thinking,NOUN,10346293177613240481,28260,pensamiento,NOUN,16229531603765422997,28260
40,",",PUNCT,2593208677638477497,28260,",",PUNCT,2593208677638477497,28260
41,not,PART,447765159362469301,31420,no,ADV,13055779130471031426,31404
42,like,SCONJ,18194338103975822726,31420,de,ADP,11144093025662894627,31404
43,this,DET,1995909169258310477,31420,esta,DET,5821559423218928566,31404
44,",",PUNCT,2593208677638477497,31420,",",PUNCT,2593208677638477497,31404
45,although,SCONJ,343236316598008647,33340,aunque,SCONJ,136211196197837454,31404
46,that,DET,4380130941430378203,33340,forma,NOUN,16527481731563555432,31404
47,would,VERB,6992604926141104606,33340,eso,PRON,12716495710533357957,31404
48,be,AUX,10382539506755952630,33340,sería,AUX,2327523273576278238,31404
49,cool,ADJ,16540862642162215401,33340,genial,ADJ,18064475045227821176,31404
50,.,PUNCT,12646065887601541794,33340,.,PUNCT,12646065887601541794,31404
51,(,PUNCT,12638816674900267446,34700,(,PUNCT,12638816674900267446,34700
52,Laughter,PROPN,9911806888783028371,34700,Risas,PROPN,1052418954792767806,34700
53,),PUNCT,3842344029291005339,34700,),PUNCT,3842344029291005339,34700
54,That,DET,4759254855483594167,36340,Eso,PRON,4568893308372095616,36340
55,would,VERB,6992604926141104606,36340,0,0,0,0
56,be,AUX,10382539506755952630,36340,sería,AUX,2327523273576278238,36340
57,really,ADV,14653600329166397554,36340,0,0,0,0
58,cool,ADJ,16540862642162215401,36340,genial,ADJ,18064475045227821176,36340
59,.,PUNCT,12646065887601541794,36340,.,PUNCT,12646065887601541794,36340
60,Instead,ADV,7409197884842605392,39220,0,0,0,0
61,",",PUNCT,2593208677638477497,39220,0,0,0,0
62,like,SCONJ,18194338103975822726,39220,0,0,0,0
63,this,DET,1995909169258310477,39220,0,0,0,0
64,:,PUNCT,11532473245541075862,39220,0,0,0,0
65,clearly,ADV,14707466519059640334,41220,Sino,CONJ,10999671743315040537,39237
66,and,CCONJ,2283656566040971221,41220,de,ADP,11144093025662894627,39237
67,your,DET,1572612192562026184,41220,esta,DET,5821559423218928566,39237
68,value,NOUN,1345584765475359109,41220,forma,NOUN,16527481731563555432,39237
69,0,0,0,0,:,PUNCT,11532473245541075862,39237
70,communicating,VERB,239426263547335185,41220,definir,VERB,16044664861642379664,39237
71,0,0,0,0,y,CONJ,9409450202036847209,39237
72,defining,VERB,16403209304200829953,41220,comunicar,VERB,2260000403796644656,39237
73,0,0,0,0,claramente,ADV,9459708524216797647,39237
74,0,0,0,0,su,DET,14248009254309298022,39237
75,0,0,0,0,valor,NOUN,9131729022788928088,39237
76,are,AUX,5012629990875267006,41220,es,AUX,10343076919720641053,39237
77,essential,ADJ,9112832088639437770,41220,esencial,ADJ,1908526672945266276,39237
78,to,PART,3791531372978436496,45980,para,ADP,17491956544424926374,45789
79,being,AUX,3899131925553995529,45980,que,SCONJ,11474801393294414462,45789
80,0,0,0,0,se,PRON,9839690450034771972,45789
81,0,0,0,0,le,PRON,13361843836202591494,45789
82,paid,VERB,8131282532884834198,45980,pague,VERB,15128089781790371060,45789
83,well,ADV,4525988469032889948,45980,bien,ADV,8265441118321635764,45789
84,for,ADP,16037325823156266367,45980,por,ADP,18244196334509357400,45789
85,your,DET,1572612192562026184,45980,su,DET,14248009254309298022,45789
86,excellence,NOUN,12378948724663492273,45980,excelencia,NOUN,16228782915089779220,45789
87,.,PUNCT,12646065887601541794,45980,.,PUNCT,12646065887601541794,45789
88,0,0,0,0,¿,PUNCT,3095673970880011110,48612
89,Anyone,PRON,133294931834686782,48620,Alguien,PRON,15359736094528148041,48612
90,here,ADV,411390626470654571,48620,aquí,ADV,11304695278136339124,48612
91,want,VERB,7597692042947428029,48620,quiere,VERB,3686747369933169209,48612
92,be,AUX,10382539506755952630,48620,que,SCONJ,11474801393294414462,48612
93,to,PART,3791531372978436496,48620,se,PRON,9839690450034771972,48612
94,0,0,0,0,le,PRON,13361843836202591494,48612
95,paid,VERB,8131282532884834198,48620,pague,VERB,15128089781790371060,48612
96,well,ADV,4525988469032889948,48620,bien,ADV,8265441118321635764,48612
97,?,PUNCT,8205403955989537350,48620,?,PUNCT,8205403955989537350,48612
98,OK,INTJ,6850223518147840977,51180,De,ADP,9709023768673339208,51180
99,0,0,0,0,acuerdo,NOUN,11791469020735905910,51180
100,",",PUNCT,2593208677638477497,51180,",",PUNCT,2593208677638477497,51180
101,good,ADJ,5711639017775284443,51180,bien,ADV,8265441118321635764,51180
102,",",PUNCT,2593208677638477497,51180,.,PUNCT,12646065887601541794,51180
103,then,ADV,2630753287402592467,52500,Entonces,ADV,1871212532239362114,52487
104,this,DET,1995909169258310477,52500,esta,DET,5821559423218928566,52487
105,talk,NOUN,13939146775466599234,52500,charla,NOUN,17937607406850051373,52487
106,is,AUX,3411606890003347522,52500,es,AUX,10343076919720641053,52487
107,for,ADP,16037325823156266367,52500,para,ADP,17491956544424926374,52487
108,everyone,PRON,8336247396359886285,52500,todos,PRON,5361417614589746890,52487
109,.,PUNCT,12646065887601541794,52500,.,PUNCT,12646065887601541794,52487
110,It,PRON,7859011591137717335,54820,todos,PRON,5361417614589746890,54820
111,'s,AUX,16428057658620181782,54820,Es,AUX,13491050862432847103,54820
112,got,VERB,12579384389446384672,54820,a,ADP,11901859001352538922,54820
113,universal,ADJ,975422080830217475,54820,aplicable,ADJ,18020270185019336339,54820
114,applicability,NOUN,10793211933980226768,54820,0,0,0,0
115,.,PUNCT,12646065887601541794,54820,.,PUNCT,12646065887601541794,54820
116,It,PRON,7859011591137717335,56820,cierta,ADJ,14158990212679995486,56820
117,'s,AUX,16428057658620181782,56820,Es,AUX,13491050862432847103,56820
118,true,ADJ,7434368892455186804,56820,propietario,ADJ,7989394478131923935,56820
119,if,SCONJ,12446819118446800910,56820,si,SCONJ,13884469947995795204,56820
120,you,PRON,7624161793554793053,56820,Ud.,PROPN,1404373474500892445,56820
121,'re,AUX,523464648099722843,56820,es,AUX,10343076919720641053,56820
122,a,DET,11901859001352538922,56820,un,DET,12188161997964598936,56820
123,business,NOUN,8928139183970412233,56820,de,ADP,11144093025662894627,56820
124,owner,NOUN,15692510789703125315,56820,negocio,NOUN,14750694666853989335,56820
125,",",PUNCT,2593208677638477497,56820,",",PUNCT,2593208677638477497,56820
126,if,SCONJ,12446819118446800910,56820,0,0,0,0
127,you,PRON,7624161793554793053,56820,0,0,0,0
128,'re,AUX,523464648099722843,56820,0,0,0,0
129,an,DET,15099054000809333061,56820,0,0,0,0
130,employee,NOUN,8285577505045524338,56820,0,0,0,0
131,",",PUNCT,2593208677638477497,56820,0,0,0,0
132,if,SCONJ,12446819118446800910,60340,si,SCONJ,13884469947995795204,59048
133,you,PRON,7624161793554793053,60340,es,AUX,10343076919720641053,59048
134,a,DET,11901859001352538922,60340,un,DET,12188161997964598936,59048
135,job,NOUN,18425606103329785088,60340,empleado,NOUN,1345692930397144854,59048
136,.,PUNCT,12646065887601541794,60340,",",PUNCT,2593208677638477497,59048
137,0,0,0,0,si,SCONJ,13884469947995795204,59048
138,'re,AUX,523464648099722843,60340,está,AUX,4858725201161983290,59048
139,0,0,0,0,buscando,VERB,17248949946528071556,59048
140,seeker,NOUN,6887999134238677174,60340,trabajo,NOUN,1376217758131583815,59048
141,0,0,0,0,",",PUNCT,2593208677638477497,59048
142,It,PRON,7859011591137717335,61820,0,0,0,0
143,'s,AUX,16428057658620181782,61820,es,AUX,10343076919720641053,61779
144,true,ADJ,7434368892455186804,61820,0,0,0,0
145,if,SCONJ,12446819118446800910,61820,o,CONJ,1489474827855109852,61779
146,you,PRON,7624161793554793053,61820,Ud.,PRON,1404373474500892445,61779
147,'re,AUX,523464648099722843,61820,sea,AUX,3315219263181363146,61779
148,a,DET,11901859001352538922,61820,cierta,DET,14158990212679995486,61779
149,man,NOUN,3104811030673030468,61820,mujer,NOUN,2865383744470792204,61779
150,or,CCONJ,3740602843040177340,61820,0,0,0,0
151,a,DET,11901859001352538922,61820,0,0,0,0
152,woman,NOUN,18308318389743014884,61820,hombre,NOUN,2496179279000154333,61779
153,.,PUNCT,12646065887601541794,61820,.,PUNCT,12646065887601541794,61779
154,Now,ADV,13923566239961886281,64420,Hoy,ADV,4284965791247639820,64404
155,",",PUNCT,2593208677638477497,64420,desde,ADP,15141126369269946138,64404
156,I,PRON,4690420944186131903,64420,lo,PRON,12507729120330568444,64404
157,approach,VERB,13730216158190965,64420,enfocaré,VERB,16297149195820773839,64404
158,this,DET,1995909169258310477,64420,la,DET,6804705863737483857,64404
159,today,NOUN,11042482332948150395,64420,perspectiva,NOUN,14296487551107245054,64404
160,through,ADP,18216413589307435838,64420,de,ADP,11144093025662894627,64404
161,the,DET,7425985699627899538,64420,la,DET,6804705863737483857,64404
162,lens,NOUN,991681190330208843,64420,propietaria,NOUN,17851468662581750170,64404
163,of,ADP,886050111519832510,64420,de,ADP,11144093025662894627,64404
164,the,DET,7425985699627899538,64420,un,DET,12188161997964598936,64404
165,woman,NOUN,18308318389743014884,64420,negocio,NOUN,14750694666853989335,64404
166,business,NOUN,8928139183970412233,64420,0,0,0,0
167,owner,NOUN,15692510789703125315,64420,0,0,0,0
168,",",PUNCT,2593208677638477497,64420,0,0,0,0
169,because,SCONJ,16950148841647037698,67980,porque,SCONJ,5757082442330786044,67821
170,in,ADP,3002984154512732771,67980,en,ADP,14626626061804382878,67821
171,my,DET,227504873216781231,67980,mi,DET,8676063341920465065,67821
172,work,NOUN,10038440415813069799,67980,trabajo,NOUN,1376217758131583815,67821
173,I,PRON,4690420944186131903,67980,0,0,0,0
174,'ve,AUX,2989924464908128948,67980,he,AUX,1655312771067108281,67821
175,observed,VERB,9682409757803690822,67980,observado,VERB,17270112475483069674,67821
176,that,SCONJ,4380130941430378203,67980,0,0,0,0
177,women,NOUN,5415290552571890316,67980,0,0,0,0
178,underprice,NOUN,15485986438111897794,67980,0,0,0,0
179,more,ADV,2160362229054775535,67980,0,0,0,0
180,so,ADV,9781598966686434415,67980,0,0,0,0
181,than,SCONJ,10794458019344880855,67980,0,0,0,0
182,men,NOUN,14856451825348452620,67980,0,0,0,0
183,.,PUNCT,12646065887601541794,67980,0,0,0,0
184,The,DET,5059648917813135842,72380,La,DET,6239908149323985340,72285
185,gender,NOUN,12598005214646373837,72380,brecha,NOUN,13063723857410999287,72285
186,wage,NOUN,6430577854960355703,72380,salarial,ADJ,3509314278008423859,72285
187,gap,NOUN,462964344163437139,72380,género,NOUN,2415695237220640891,72285
188,is,AUX,3411606890003347522,72380,es,AUX,10343076919720641053,72285
189,a,DET,11901859001352538922,72380,un,DET,12188161997964598936,72285
190,well,ADV,4525988469032889948,72380,muy,ADV,16868253375141016776,72285
191,-,PUNCT,9153284864653046197,72380,de,ADP,11144093025662894627,72285
192,traveled,VERB,14891196035142739095,72380,conocido,ADJ,6422588915590386435,72285
193,narrative,NOUN,3030168271351040345,72380,discurso,NOUN,11068264254112188247,72285
194,in,ADP,3002984154512732771,72380,en,ADP,14626626061804382878,72285
195,this,DET,1995909169258310477,72380,este,DET,15654890294676217493,72285
196,country,NOUN,12290671265767728302,72380,país,NOUN,2033301830869377336,72285
197,.,PUNCT,12646065887601541794,72380,.,PUNCT,12646065887601541794,72285
198,According,VERB,5259444090374339873,75580,0,0,0,0
199,to,ADP,3791531372978436496,75580,0,0,0,0
200,the,DET,7425985699627899538,75580,0,0,0,0
201,Bureau,PROPN,8593684778044165936,75580,0,0,0,0
202,of,ADP,886050111519832510,75580,0,0,0,0
203,Labor,PROPN,17182204199239135824,75580,0,0,0,0
204,Statistics,PROPN,5505243898298316554,75580,0,0,0,0
205,",",PUNCT,2593208677638477497,75580,0,0,0,0
206,a,DET,11901859001352538922,77700,una,DET,1019041181156623609,77642
207,woman,NOUN,18308318389743014884,77700,empleada,NOUN,8501363268976458975,77642
208,employee,NOUN,8285577505045524338,77700,centavos,NOUN,18243339107664833612,77642
209,earns,VERB,16691880499913987315,77700,gana,VERB,15793048362126641267,77642
210,just,ADV,7148522813498185515,77700,sólo,ADV,1731802597531206513,77642
211,83,NUM,9343442437703156343,77700,83,NUM,9343442437703156343,77642
212,cents,NOUN,2584926751610074008,77700,dólar,NOUN,5924147624771465149,77642
213,for,ADP,16037325823156266367,77700,por,ADP,18244196334509357400,77642
214,every,DET,2739543297294151269,77700,cada,DET,9828466699353315767,77642
215,dollar,NOUN,5968252327454094987,77700,ganado,ADJ,17985285508476278040,77642
216,a,DET,11901859001352538922,77700,un,DET,12188161997964598936,77642
217,man,NOUN,3104811030673030468,77700,empleado,NOUN,1345692930397144854,77642
218,earns,VERB,16691880499913987315,77700,por,ADP,18244196334509357400,77642
219,.,PUNCT,12646065887601541794,77700,.,PUNCT,12646065887601541794,77642
220,What,PRON,5931147113347055926,82980,0,0,0,0
221,may,VERB,14378475389916013800,82980,0,0,0,0
222,surprise,VERB,12150403604591081639,82980,0,0,0,0
223,you,PRON,7624161793554793053,82980,0,0,0,0
224,is,AUX,3411606890003347522,84420,puede,AUX,15014026304111728540,82989
225,that,SCONJ,4380130941430378203,84420,que,PRON,11474801393294414462,82989
226,this,DET,1995909169258310477,84420,Lo,DET,3892584616005055440,82989
227,trend,NOUN,14868696856168579472,84420,0,0,0,0
228,continues,VERB,4468947421638195406,84420,0,0,0,0
229,even,ADV,17339226045912991082,84420,0,0,0,0
230,into,ADP,3278561384161438710,84420,0,0,0,0
231,the,DET,7425985699627899538,84420,0,0,0,0
232,entrepreneurial,ADJ,17216938780750670149,84420,sorprenderles,ADJ,18428065831402748866,82989
233,sphere,NOUN,6947692649376290325,84420,0,0,0,0
234,.,PUNCT,12646065887601541794,84420,0,0,0,0
235,A,DET,14862748245026736845,88060,Una,DET,8368038198201676205,88030
236,woman,NOUN,18308318389743014884,88060,propietaria,NOUN,17851468662581750170,88030
237,business,NOUN,8928139183970412233,88060,0,0,0,0
238,owner,NOUN,15692510789703125315,88060,negocio,NOUN,14750694666853989335,88030
239,earns,VERB,16691880499913987315,88060,gana,VERB,15793048362126641267,88030
240,just,ADV,7148522813498185515,88060,sólo,ADV,1731802597531206513,88030
241,80,NUM,14203056109724818855,88060,80,NUM,14203056109724818855,88030
242,cents,NOUN,2584926751610074008,88060,centavos,NOUN,18243339107664833612,88030
243,for,ADP,16037325823156266367,88060,de,ADP,11144093025662894627,88030
244,every,DET,2739543297294151269,88060,un,DET,12188161997964598936,88030
245,dollar,NOUN,5968252327454094987,88060,0,0,0,0
246,a,DET,11901859001352538922,88060,0,0,0,0
247,man,NOUN,3104811030673030468,88060,0,0,0,0
248,earns,VERB,16691880499913987315,88060,0,0,0,0
249,.,PUNCT,12646065887601541794,88060,0,0,0,0
250,In,ADP,17831099778462416609,93180,En,ADP,11159992760278512227,93115
251,my,DET,227504873216781231,93180,mi,DET,8676063341920465065,93115
252,work,NOUN,10038440415813069799,93180,trabajo,NOUN,1376217758131583815,93115
253,",",PUNCT,2593208677638477497,93180,",",PUNCT,2593208677638477497,93115
254,I,PRON,4690420944186131903,93180,a,ADP,11901859001352538922,93115
255,'ve,AUX,2989924464908128948,93180,he,AUX,1655312771067108281,93115
256,often,ADV,8603663329082222656,93180,menudo,NOUN,10411645001025701576,93115
257,heard,VERB,12882971233254586938,93180,oído,VERB,359500221894984476,93115
258,women,NOUN,5415290552571890316,93180,mujeres,NOUN,6031852908672387504,93115
259,express,VERB,8012383337064180304,93180,decir,VERB,8511968184309850901,93115
260,that,SCONJ,4380130941430378203,95540,a,ADP,11901859001352538922,93115
261,they,PRON,16875582379069451158,95540,0,0,0,0
262,'re,AUX,523464648099722843,95540,0,0,0,0
263,uncomfortable,ADJ,7233594561167080607,95540,0,0,0,0
264,communicating,VERB,239426263547335185,95540,0,0,0,0
265,their,DET,4244585616942201722,95540,0,0,0,0
266,value,NOUN,1345584765475359109,95540,0,0,0,0
267,",",PUNCT,2593208677638477497,95540,0,0,0,0
268,especially,ADV,13751905263548122051,98340,que,SCONJ,11474801393294414462,95827
269,early,ADV,1108542766809193907,98340,se,PRON,9839690450034771972,95827
270,on,ADV,5640369432778651323,98340,sienten,VERB,7147750068288300353,95827
271,in,ADP,3002984154512732771,98340,incómodas,ADJ,12461576767229300999,95827
272,business,NOUN,8928139183970412233,98340,comunicando,VERB,14137183462957892774,95827
273,0,0,0,0,su,DET,14248009254309298022,95827
274,ownership,NOUN,4824342643247083538,98340,valor,NOUN,9131729022788928088,95827
275,.,PUNCT,12646065887601541794,98340,.,PUNCT,12646065887601541794,95827
276,They,PRON,14947529218328092544,101780,0,0,0,0
277,say,VERB,8685289367999165211,101780,Dicen,VERB,3131839683193516779,101571
278,things,NOUN,3586418546468265269,101780,cosas,NOUN,399513973913231652,101571
279,like,SCONJ,18194338103975822726,101780,como,SCONJ,3817173063683202752,101571
280,",",PUNCT,2593208677638477497,101780,"""",PUNCT,15884554869126768810,101571
281,"""",PUNCT,15884554869126768810,103340,:,PUNCT,11532473245541075862,101571
282,I,PRON,4690420944186131903,103340,No,ADV,9692231336188541085,101571
283,do,AUX,2158845516055552166,103340,0,0,0,0
284,n't,PART,2043519015752540944,103340,"""",PUNCT,15884554869126768810,101571
285,like,VERB,18194338103975822726,103340,alardear,VERB,87368013076288717,101571
286,to,PART,3791531372978436496,103340,0,0,0,0
287,toot,VERB,1761289174638326481,103340,quiero,VERB,6447749186237085781,101571
288,my,DET,227504873216781231,103340,0,0,0,0
289,own,ADJ,2646123857127441627,103340,0,0,0,0
290,horn,NOUN,17627773904129323034,103340,0,0,0,0
291,.,PUNCT,12646065887601541794,103340,.,PUNCT,12646065887601541794,101571
292,"""",PUNCT,15884554869126768810,103340,0,0,0,0
293,"""",PUNCT,15884554869126768810,105860,0,0,0,0
294,I,PRON,4690420944186131903,105860,0,0,0,0
295,'d,VERB,11195369525898364697,105860,0,0,0,0
296,rather,ADV,15549368236163590771,105860,0,0,0,0
297,let,VERB,278066919066513387,105860,0,0,0,0
298,the,DET,7425985699627899538,105860,0,0,0,0
299,work,NOUN,10038440415813069799,105860,0,0,0,0
300,speak,VERB,3592227298640579325,105860,0,0,0,0
301,for,ADP,16037325823156266367,105860,0,0,0,0
302,itself,PRON,12490679957485934169,105860,0,0,0,0
303,.,PUNCT,12646065887601541794,105860,0,0,0,0
304,"""",PUNCT,15884554869126768810,105860,0,0,0,0
305,"""",PUNCT,15884554869126768810,108820,"""",PUNCT,15884554869126768810,108820
306,I,PRON,4690420944186131903,108820,me,PRON,18197037023634208128,108820
307,do,AUX,2158845516055552166,108820,No,ADV,9692231336188541085,108820
308,n't,PART,2043519015752540944,108820,0,0,0,0
309,like,VERB,18194338103975822726,108820,cantar,VERB,1061537276438461995,108820
310,to,PART,3791531372978436496,108820,0,0,0,0
311,sing,VERB,11916416841380526164,108820,gusta,VERB,9342077789922592292,108820
312,my,DET,227504873216781231,108820,mis,DET,5804976024871865433,108820
313,own,ADJ,2646123857127441627,108820,propias,ADJ,5593999626853563221,108820
314,praises,NOUN,9807623295744915033,108820,alabanzas,NOUN,9686432903095024515,108820
315,.,PUNCT,12646065887601541794,108820,.,PUNCT,12646065887601541794,108820
316,"""",PUNCT,15884554869126768810,108820,"""",PUNCT,15884554869126768810,108820
317,I,PRON,4690420944186131903,111420,0,0,0,0
318,hear,VERB,16158783587822825203,111420,0,0,0,0
319,very,ADV,9548244504980166557,111420,0,0,0,0
320,different,ADJ,17379251038783395147,111420,0,0,0,0
321,narratives,NOUN,140945363343100143,111420,0,0,0,0
322,in,ADP,3002984154512732771,111420,0,0,0,0
323,working,VERB,16009546102277334650,111420,0,0,0,0
324,with,ADP,12510949447758279278,111420,0,0,0,0
325,male,ADJ,17309040611306787464,111420,0,0,0,0
326,business,NOUN,8928139183970412233,111420,0,0,0,0
327,owners,NOUN,11135397766383849466,111420,0,0,0,0
328,",",PUNCT,2593208677638477497,111420,0,0,0,0
329,and,CCONJ,2283656566040971221,114940,0,0,0,0
330,I,PRON,4690420944186131903,114940,muy,ADV,16868253375141016776,111444
331,think,VERB,16875814820671380748,114940,Escucho,VERB,5970715968901132568,111444
332,this,DET,1995909169258310477,114940,diferentes,ADJ,9639905295576268808,111444
333,difference,NOUN,8716931238876204650,114940,historias,NOUN,15868718464784501436,111444
334,is,AUX,3411606890003347522,114940,al,ADP,8222700718889469974,111444
335,costing,VERB,7437383597189074349,114940,trabajar,VERB,2960815299999526921,111444
336,women,NOUN,5415290552571890316,114940,dueños,NOUN,13414405018533419109,111444
337,20,NUM,2767521681098075859,114940,con,ADP,6945313634251781056,111444
338,cents,NOUN,2584926751610074008,114940,negocios,NOUN,5890247780719888540,111444
339,on,ADP,5640369432778651323,114940,de,ADP,11144093025662894627,111444
340,the,DET,7425985699627899538,114940,0,0,0,0
341,dollar,NOUN,5968252327454094987,114940,0,0,0,0
342,.,PUNCT,12646065887601541794,114940,.,PUNCT,12646065887601541794,111444
343,I,PRON,4690420944186131903,119500,Me,PRON,17688641098104964042,119487
344,'d,VERB,11195369525898364697,119500,gustaría,VERB,17422621297144130604,119487
345,like,VERB,18194338103975822726,119500,contarles,ADJ,9203561375405068302,119487
346,to,PART,3791531372978436496,119500,0,0,0,0
347,tell,VERB,63172552626595070,119500,0,0,0,0
348,you,PRON,7624161793554793053,119500,0,0,0,0
349,the,DET,7425985699627899538,119500,la,DET,6804705863737483857,119487
350,story,NOUN,5345497848075657444,119500,historia,NOUN,1358726833428160876,119487
351,of,ADP,886050111519832510,119500,de,ADP,11144093025662894627,119487
352,a,DET,11901859001352538922,119500,0,0,0,0
353,consulting,VERB,848516661150776338,119500,0,0,0,0
354,firm,NOUN,6029102025323371512,119500,0,0,0,0
355,that,DET,4380130941430378203,121940,una,DET,1019041181156623609,121330
356,helps,VERB,245637087864966835,121940,ayuda,VERB,9971713063512762226,121330
357,their,DET,4244585616942201722,121940,que,PRON,11474801393294414462,121330
358,clients,NOUN,5875687838681526099,121940,consultoría,NOUN,7960642122987125606,121330
359,dramatically,ADV,2493174590260708929,121940,a,ADP,11901859001352538922,121330
360,improve,VERB,4687493659934148016,121940,mejorar,VERB,7136969154105419067,121330
361,their,DET,4244585616942201722,121940,sus,DET,11087495102510657763,121330
362,profitability,NOUN,13016304503309483795,121940,clientes,NOUN,7341890059679554919,121330
363,.,PUNCT,12646065887601541794,121940,a,ADP,11901859001352538922,121330
364,That,DET,4759254855483594167,125180,drásticamente,ADV,13554757487815356990,121330
365,company,NOUN,6905553075311563409,125180,rentabilidad,NOUN,3788768471246581149,121330
366,is,AUX,3411606890003347522,125180,0,0,0,0
367,my,DET,227504873216781231,125180,su,DET,14248009254309298022,121330
368,company,NOUN,6905553075311563409,125180,0,0,0,0
369,.,PUNCT,12646065887601541794,125180,.,PUNCT,12646065887601541794,121330
370,It,PRON,7859011591137717335,127700,Tras,ADP,11180791768250981349,127696
371,'s,AUX,16428057658620181782,127700,mi,DET,8676063341920465065,127696
372,hard,ADJ,5791351258821946298,127700,primer,ADJ,5600787506133044346,127696
373,for,ADP,16037325823156266367,127700,en,ADP,14626626061804382878,127696
374,me,PRON,18197037023634208128,127700,año,NOUN,12462213889476236780,127696
375,to,PART,3791531372978436496,127700,el,DET,11488171005156075516,127696
376,admit,VERB,4187506129128217620,127700,vi,VERB,5580197388958817490,127696
377,to,ADP,3791531372978436496,127700,de,ADP,11144093025662894627,127696
378,you,PRON,7624161793554793053,127700,negocio,NOUN,14750694666853989335,127696
379,",",PUNCT,2593208677638477497,127700,",",PUNCT,2593208677638477497,127696
380,because,SCONJ,16950148841647037698,127700,0,0,0,0
381,I,PRON,4690420944186131903,127700,0,0,0,0
382,'m,AUX,8504683628951808721,127700,0,0,0,0
383,a,DET,11901859001352538922,127700,los,DET,7307884290799599686,127696
384,pricing,NOUN,13268821157343514411,127700,ganancias,NOUN,5818689099790774065,127696
385,consultant,NOUN,3756803997459151241,127700,aumentos,NOUN,14389084766726601614,127696
386,.,PUNCT,12646065887601541794,127700,0,0,0,0
387,(,PUNCT,12638816674900267446,145180,(,PUNCT,12638816674900267446,144836
388,Laughter,PROPN,9911806888783028371,145180,Risas,PROPN,1052418954792767806,144836
389,),PUNCT,3842344029291005339,145180,),PUNCT,3842344029291005339,144836
390,It,PRON,7859011591137717335,146900,lo,DET,12507729120330568444,146876
391,'s,AUX,16428057658620181782,146900,Es,AUX,13491050862432847103,146876
392,what,PRON,5865838185239622912,146900,que,PRON,11474801393294414462,146876
393,I,PRON,4690420944186131903,146900,hago,VERB,409998428436883496,146876
394,do,AUX,2158845516055552166,146900,0,0,0,0
395,.,PUNCT,12646065887601541794,146900,.,PUNCT,12646065887601541794,146876
396,I,PRON,4690420944186131903,148140,a,ADP,11901859001352538922,148085
397,help,VERB,17461235395181654430,148140,Ayudo,VERB,2744397463759017755,148085
398,companies,NOUN,8026612326651866097,148140,empresas,NOUN,1729123727545789446,148085
399,price,VERB,10375657863284908246,148140,tasar,VERB,664758392916519632,148085
400,for,ADP,16037325823156266367,148140,a,ADP,11901859001352538922,148085
401,value,NOUN,1345584765475359109,148140,valor,NOUN,9131729022788928088,148085
402,.,PUNCT,12646065887601541794,148140,por,ADP,18244196334509357400,148085
403,But,CCONJ,18004243461113809161,150980,las,DET,6526950402091386798,148085
404,nonetheless,ADV,11215724781725355480,150980,0,0,0,0
405,",",PUNCT,2593208677638477497,150980,.,PUNCT,12646065887601541794,148085
406,it,PRON,10239237003504588839,150980,0,0,0,0
407,'s,AUX,16428057658620181782,150980,0,0,0,0
408,what,PRON,5865838185239622912,150980,0,0,0,0
409,I,PRON,4690420944186131903,150980,0,0,0,0
410,saw,VERB,15201910715624124754,150980,0,0,0,0
411,",",PUNCT,2593208677638477497,150980,0,0,0,0
412,and,CCONJ,2283656566040971221,152620,que,SCONJ,11474801393294414462,152612
413,so,ADV,9781598966686434415,152620,así,ADV,13388538489347049961,152612
414,I,PRON,4690420944186131903,152620,me,PRON,18197037023634208128,152612
415,sat,VERB,10999203096914249427,152620,senté,VERB,14493277156395603488,152612
416,down,ADP,6421409113692203669,152620,a,ADP,11901859001352538922,152612
417,to,PART,3791531372978436496,152620,0,0,0,0
418,evaluate,VERB,1381294825394259025,152620,evaluar,VERB,10709745676611097280,152612
419,my,DET,227504873216781231,152620,mis,DET,5804976024871865433,152612
420,pricing,NOUN,13268821157343514411,152620,precios,NOUN,12815297412303890065,152612
421,",",PUNCT,2593208677638477497,152620,",",PUNCT,2593208677638477497,152612
422,evaluate,VERB,1381294825394259025,152620,evaluar,VERB,10709745676611097280,152612
423,my,DET,227504873216781231,152620,mi,DET,8676063341920465065,152612
424,value,NOUN,1345584765475359109,152620,valor,NOUN,9131729022788928088,152612
425,",",PUNCT,2593208677638477497,152620,0,0,0,0
426,and,CCONJ,2283656566040971221,157260,0,0,0,0
427,I,PRON,4690420944186131903,157260,0,0,0,0
428,did,AUX,13583488448875926965,157260,0,0,0,0
429,that,DET,4380130941430378203,157260,0,0,0,0
430,by,ADP,16764210730586636600,157260,0,0,0,0
431,asking,VERB,6688108727890483219,157260,0,0,0,0
432,key,ADJ,12247610008914253561,157260,0,0,0,0
433,value,NOUN,1345584765475359109,157260,0,0,0,0
434,questions,NOUN,3626233646565002230,157260,0,0,0,0
435,.,PUNCT,12646065887601541794,157260,0,0,0,0
436,What,PRON,5931147113347055926,160900,lo,PRON,12507729120330568444,157279
437,are,AUX,5012629990875267006,160900,y,CONJ,9409450202036847209,157279
438,my,DET,227504873216781231,160900,el,DET,11488171005156075516,157279
439,clients,NOUN,5875687838681526099,160900,cuestiones,NOUN,7697641122185769693,157279
440,',PART,11221368173670222813,160900,hice,VERB,12340180544994629387,157279
441,needs,NOUN,1326643797369586373,160900,clave,NOUN,14883455995098815814,157279
442,and,CCONJ,2283656566040971221,160900,sobre,ADP,11374976834714679510,157279
443,how,ADV,16331095434822636218,160900,0,0,0,0
444,do,AUX,2158845516055552166,160900,valor,NOUN,9131729022788928088,157279
445,I,PRON,4690420944186131903,160900,0,0,0,0
446,meet,VERB,6880656908171229526,160900,planteando,VERB,8947253464948459180,157279
447,them,PRON,7976265300568155021,160900,0,0,0,0
448,?,PUNCT,8205403955989537350,160900,.,PUNCT,12646065887601541794,157279
449,What,PRON,5931147113347055926,163620,Cuáles,PRON,6212862707489578187,160922
450,is,AUX,3411606890003347522,163620,son,AUX,2555790282192608669,160922
451,my,DET,227504873216781231,163620,las,DET,6526950402091386798,160922
452,unique,ADJ,5983206397430101660,163620,¿,PUNCT,3095673970880011110,160922
453,skill,NOUN,15048162888359431889,163620,necesidades,NOUN,12817611892875771203,160922
454,set,VERB,11268780503345276587,163620,de,ADP,11144093025662894627,160922
455,that,DET,4380130941430378203,163620,mis,DET,5804976024871865433,160922
456,makes,VERB,13268885963146728493,163620,clientes,NOUN,7341890059679554919,160922
457,me,PRON,18197037023634208128,163620,cómo,PRON,8106224997027377807,160922
458,better,ADV,13468287115010965206,163620,y,CONJ,9409450202036847209,160922
459,qualified,ADJ,4416020510660890727,163620,las,PRON,6526950402091386798,160922
460,to,PART,3791531372978436496,163620,0,0,0,0
461,serve,VERB,16305312580841578055,163620,0,0,0,0
462,my,DET,227504873216781231,163620,0,0,0,0
463,clients,NOUN,5875687838681526099,163620,abordo,NOUN,10480499759746976009,160922
464,?,PUNCT,8205403955989537350,163620,?,PUNCT,8205403955989537350,160922
465,What,PRON,5931147113347055926,168500,que,SCONJ,11474801393294414462,165829
466,I,PRON,4690420944186131903,168500,me,PRON,18197037023634208128,165829
467,do,AUX,2158845516055552166,168500,hacen,VERB,13940557011682758216,165829
468,else,ADV,5691613950422571694,168500,mejor,ADV,14725428618395848736,165829
469,that,DET,4380130941430378203,168500,cualificada,ADJ,4453513569089664077,165829
470,do,AUX,2158845516055552166,168500,para,ADP,17491956544424926374,165829
471,0,0,0,0,atender,VERB,12280251191695454160,165829
472,does,AUX,1818273248662495384,168500,a,ADP,11901859001352538922,165829
473,no,DET,13055779130471031426,168500,mis,DET,5804976024871865433,165829
474,one,NOUN,17454115351911680600,168500,clientes,NOUN,7341890059679554919,165829
475,?,PUNCT,8205403955989537350,168500,?,PUNCT,8205403955989537350,165829
476,What,DET,5931147113347055926,171060,¿,PUNCT,3095673970880011110,168610
477,problems,NOUN,12400684381872086361,171060,Qué,PRON,15959444434087193889,168610
478,do,AUX,2158845516055552166,171060,hago,VERB,409998428436883496,168610
479,0,0,0,0,que,SCONJ,11474801393294414462,168610
480,I,PRON,4690420944186131903,171060,nadie,PRON,3867009624333644193,168610
481,for,ADP,16037325823156266367,171060,más,ADV,13805553149795463782,168610
482,solve,VERB,112832429477839329,171060,haga,VERB,17153382755207577500,168610
483,?,PUNCT,8205403955989537350,171060,?,PUNCT,8205403955989537350,168610
484,0,0,0,0,¿,PUNCT,3095673970880011110,168610
485,0,0,0,0,Qué,DET,15959444434087193889,168610
486,clients,NOUN,5875687838681526099,171060,problemas,NOUN,9800059711726938999,168610
487,0,0,0,0,soluciono,VERB,1227967192817826299,168610
488,0,0,0,0,a,ADP,11901859001352538922,168610
489,0,0,0,0,los,DET,7307884290799599686,168610
490,0,0,0,0,clientes,NOUN,7341890059679554919,168610
491,0,0,0,0,?,PUNCT,8205403955989537350,168610
492,What,DET,5931147113347055926,173660,Qué,DET,15959444434087193889,173612
493,value,NOUN,1345584765475359109,173660,valor,NOUN,9131729022788928088,173612
494,do,AUX,2158845516055552166,173660,¿,PUNCT,3095673970880011110,173612
495,I,PRON,4690420944186131903,173660,añado,ADJ,15539325569791726433,173612
496,add,VERB,6074429435784885113,173660,0,0,0,0
497,?,PUNCT,8205403955989537350,173660,?,PUNCT,8205403955989537350,173612
498,and,CCONJ,2283656566040971221,176700,0,0,0,0
499,defined,VERB,5762305171571877969,176700,Respondí,VERB,2994721293361580957,176696
500,the,DET,7425985699627899538,176700,estas,DET,16010204526465958382,176696
501,value,NOUN,1345584765475359109,176700,preguntas,NOUN,7395204174967875157,176696
502,that,DET,4380130941430378203,176700,0,0,0,0
503,my,DET,227504873216781231,176700,0,0,0,0
504,clients,NOUN,5875687838681526099,176700,0,0,0,0
505,get,VERB,2013399242189103424,176700,0,0,0,0
506,from,ADP,7831658034963690409,176700,a,ADP,11901859001352538922,176696
507,working,VERB,16009546102277334650,176700,0,0,0,0
508,with,ADP,12510949447758279278,176700,0,0,0,0
509,me,PRON,18197037023634208128,176700,0,0,0,0
510,",",PUNCT,2593208677638477497,176700,0,0,0,0
511,calculated,VERB,36078907181193804,182140,calculé,VERB,2277167261834149552,182113
512,their,DET,4244585616942201722,182140,el,DET,11488171005156075516,182113
513,return,NOUN,9563260825101828504,182140,retorno,NOUN,3141318250589247397,182113
514,on,ADP,5640369432778651323,182140,de,ADP,11144093025662894627,182113
515,0,0,0,0,su,DET,14248009254309298022,182113
516,investment,NOUN,6769358161460113933,182140,inversión,NOUN,173788283465192975,182113
517,",",PUNCT,2593208677638477497,182140,",",PUNCT,2593208677638477497,182113
518,and,CCONJ,2283656566040971221,184020,y,CONJ,9409450202036847209,183829
519,what,PRON,5865838185239622912,184020,lo,DET,12507729120330568444,183829
520,I,PRON,4690420944186131903,184020,que,PRON,11474801393294414462,183829
521,saw,VERB,15201910715624124754,184020,vi,PROPN,5580197388958817490,183829
522,was,AUX,9921686513378912864,184020,fue,AUX,6922200418372124953,183829
523,that,SCONJ,4380130941430378203,184020,que,SCONJ,11474801393294414462,183829
524,I,PRON,4690420944186131903,184020,0,0,0,0
525,needed,VERB,9839220791660699563,184020,duplicar,VERB,5896714118315283983,183829
526,to,PART,3791531372978436496,184020,0,0,0,0
527,double,VERB,11754589693395242851,184020,necesitaba,VERB,8497218625374043061,183829
528,my,DET,227504873216781231,184020,mi,DET,8676063341920465065,183829
529,price,NOUN,10375657863284908246,184020,precio,NOUN,3260844292861499193,183829
530,",",PUNCT,2593208677638477497,184020,.,PUNCT,12646065887601541794,183829
531,double,VERB,11754589693395242851,187780,Duplicarlo,PROPN,4212510311503864433,187780
532,it,PRON,10239237003504588839,187780,0,0,0,0
533,.,PUNCT,12646065887601541794,187780,.,PUNCT,12646065887601541794,187780
534,Now,ADV,13923566239961886281,189020,Les,PRON,16238897526868850703,188996
535,",",PUNCT,2593208677638477497,189020,que,SCONJ,11474801393294414462,188996
536,I,PRON,4690420944186131903,189020,esto,PRON,1761747332550045118,188996
537,confess,VERB,15480680311824878844,189020,confieso,VERB,7897877628261756719,188996
538,to,ADP,3791531372978436496,189020,0,0,0,0
539,you,PRON,7624161793554793053,189020,me,PRON,18197037023634208128,188996
540,",",PUNCT,2593208677638477497,189020,.,PUNCT,12646065887601541794,188996
541,this,DET,1995909169258310477,189020,0,0,0,0
542,terrified,VERB,1655788291937504518,189020,aterrorizó,VERB,9320911238822385786,188996
543,me,PRON,18197037023634208128,189020,0,0,0,0
544,.,PUNCT,12646065887601541794,189020,0,0,0,0
545,I,PRON,4690420944186131903,194180,0,0,0,0
546,'m,AUX,8504683628951808721,194180,0,0,0,0
547,supposed,VERB,17976219795788340076,194180,0,0,0,0
548,to,PART,3791531372978436496,194180,0,0,0,0
549,be,AUX,10382539506755952630,194180,0,0,0,0
550,the,DET,7425985699627899538,194180,0,0,0,0
551,expert,NOUN,11183332174366369515,194180,0,0,0,0
552,in,ADP,3002984154512732771,194180,0,0,0,0
553,this,DET,1995909169258310477,194180,0,0,0,0
554,",",PUNCT,2593208677638477497,194180,0,0,0,0
555,but,CCONJ,14560795576765492085,194180,0,0,0,0
556,I,PRON,4690420944186131903,194180,0,0,0,0
557,'m,AUX,8504683628951808721,194180,0,0,0,0
558,not,PART,447765159362469301,194180,0,0,0,0
559,cured,VERB,11424760184075284013,194180,0,0,0,0
560,.,PUNCT,12646065887601541794,194180,0,0,0,0
561,I,PRON,4690420944186131903,197660,que,SCONJ,11474801393294414462,197487
562,knew,VERB,11064807788920563711,197660,Sabía,VERB,17449893112191072730,197487
563,the,DET,7425985699627899538,197660,el,DET,11488171005156075516,197487
564,value,NOUN,1345584765475359109,197660,valor,NOUN,9131729022788928088,197487
565,was,AUX,9921686513378912864,197660,estaba,AUX,14917719296641627475,197487
566,there,ADV,2112642640949226496,197660,ahí,ADV,4140609571907907820,197487
567,.,PUNCT,12646065887601541794,197660,.,PUNCT,12646065887601541794,197487
568,I,PRON,4690420944186131903,199220,convencida,ADJ,10817697007527620676,199155
569,was,AUX,9921686513378912864,199220,Estaba,AUX,15014901669649451298,199155
570,convinced,VERB,2177692269620059649,199220,de,ADP,11144093025662894627,199155
571,the,DET,7425985699627899538,199220,el,DET,11488171005156075516,199155
572,value,NOUN,1345584765475359109,199220,valor,NOUN,9131729022788928088,199155
573,was,AUX,9921686513378912864,199220,estaba,AUX,14917719296641627475,199155
574,there,ADV,2112642640949226496,199220,ahí,ADV,4140609571907907820,199155
575,",",PUNCT,2593208677638477497,199220,",",PUNCT,2593208677638477497,199155
576,and,CCONJ,2283656566040971221,201260,0,0,0,0
577,I,PRON,4690420944186131903,201260,0,0,0,0
578,was,AUX,9921686513378912864,201260,0,0,0,0
579,still,ADV,5937879255812462177,201260,0,0,0,0
580,scared,VERB,349581662927628285,201260,0,0,0,0
581,out,SCONJ,1696981056005371314,201260,que,SCONJ,11474801393294414462,199155
582,of,ADP,886050111519832510,201260,0,0,0,0
583,my,DET,227504873216781231,201260,0,0,0,0
584,wits,NOUN,13122526844385009560,201260,0,0,0,0
585,.,PUNCT,12646065887601541794,201260,0,0,0,0
586,What,PRON,5931147113347055926,203820,¿,PUNCT,3095673970880011110,203770
587,if,SCONJ,12446819118446800910,203820,si,SCONJ,13884469947995795204,203770
588,nobody,PRON,4033102315710080836,203820,nadie,PRON,3867009624333644193,203770
589,would,VERB,6992604926141104606,203820,Y,CONJ,16961793518281001049,203770
590,pay,VERB,645224182615914541,203820,paga,VERB,9906145605247028109,203770
591,me,PRON,18197037023634208128,203820,me,PRON,18197037023634208128,203770
592,that,DET,4380130941430378203,203820,0,0,0,0
593,?,PUNCT,8205403955989537350,203820,?,PUNCT,8205403955989537350,203770
594,What,PRON,5931147113347055926,205820,eso,PRON,12716495710533357957,203770
595,if,SCONJ,12446819118446800910,205820,0,0,0,0
596,clients,NOUN,5875687838681526099,205820,0,0,0,0
597,said,VERB,17573686707662795042,205820,0,0,0,0
598,",",PUNCT,2593208677638477497,205820,0,0,0,0
599,"""",PUNCT,15884554869126768810,205820,0,0,0,0
600,That,DET,4759254855483594167,205820,0,0,0,0
601,'s,AUX,16428057658620181782,205820,0,0,0,0
602,ridiculous,ADJ,10595077177392105327,205820,0,0,0,0
603,.,PUNCT,12646065887601541794,205820,0,0,0,0
604,Was,AUX,11210659663718846955,208100,¿,PUNCT,3095673970880011110,205825
605,I,PRON,4690420944186131903,208100,Y,CONJ,16961793518281001049,205825
606,really,ADV,14653600329166397554,208100,si,SCONJ,13884469947995795204,205825
607,that,DET,4380130941430378203,208100,los,DET,7307884290799599686,205825
608,0,0,0,0,clientes,NOUN,7341890059679554919,205825
609,0,0,0,0,dicen,VERB,8884198959759046866,205825
610,?,PUNCT,8205403955989537350,208100,:,PUNCT,11532473245541075862,205825
611,0,0,0,0,"""",PUNCT,15884554869126768810,205825
612,0,0,0,0,Eso,PRON,4568893308372095616,205825
613,0,0,0,0,es,AUX,10343076919720641053,205825
614,worth,ADJ,12282438651404021516,208100,ridículo,ADJ,4495532272530180328,205825
615,0,0,0,0,",",PUNCT,2593208677638477497,205825
616,0,0,0,0,Ud.,PROPN,1404373474500892445,205825
617,0,0,0,0,es,AUX,10343076919720641053,205825
618,0,0,0,0,ridícula,ADJ,1834708012197648997,205825
619,0,0,0,0,.,PUNCT,12646065887601541794,205825
620,0,0,0,0,"""",PUNCT,15884554869126768810,205825
621,0,0,0,0,?,PUNCT,8205403955989537350,205825
622,Not,PART,8395131317770283464,213020,No,ADV,9692231336188541085,213019
623,my,DET,227504873216781231,213020,mi,DET,8676063341920465065,213019
624,work,NOUN,10038440415813069799,213020,trabajo,NOUN,1376217758131583815,213019
625,",",PUNCT,2593208677638477497,213020,",",PUNCT,2593208677638477497,213019
626,mind,VERB,8811887512194128535,213020,atención,NOUN,4278380448285736899,213019
627,you,PRON,7624161793554793053,213020,0,0,0,0
628,",",PUNCT,2593208677638477497,213020,",",PUNCT,2593208677638477497,213019
629,but,CCONJ,14560795576765492085,213020,sino,CONJ,12797216016232341552,213019
630,me,PRON,18197037023634208128,213020,yo,PRON,8387856443177761115,213019
631,.,PUNCT,12646065887601541794,213020,.,PUNCT,12646065887601541794,213019
632,Was,AUX,11210659663718846955,216380,0,0,0,0
633,I,PRON,4690420944186131903,216380,0,0,0,0
634,worth,ADJ,12282438651404021516,216380,0,0,0,0
635,that,DET,4380130941430378203,216380,0,0,0,0
636,?,PUNCT,8205403955989537350,216380,0,0,0,0
637,I,PRON,4690420944186131903,218500,0,0,0,0
638,'m,AUX,8504683628951808721,218500,Soy,AUX,633139548010732535,216400
639,the,DET,7425985699627899538,218500,la,DET,6804705863737483857,216400
640,mother,NOUN,7963322251145911254,218500,madre,NOUN,10512109315562786158,216400
641,of,ADP,886050111519832510,218500,de,ADP,11144093025662894627,216400
642,two,NUM,11711838292424000352,218500,dos,NUM,14014603652905717938,216400
643,beautiful,ADJ,530855179026533974,218500,preciosas,ADJ,15798146654913180614,216400
644,little,ADJ,9778055143417507723,218500,de,ADP,11144093025662894627,216400
645,girls,NOUN,16021712475340243167,218500,niñas,NOUN,9719710619148426130,216400
646,who,PRON,3876862883474502309,218500,que,PRON,11474801393294414462,216400
647,depend,VERB,6200994602710626524,218500,dependen,VERB,12680747122095104010,216400
648,upon,SCONJ,12776617025319584140,218500,0,0,0,0
649,me,PRON,18197037023634208128,218500,mí,PRON,12975109311118457898,216400
650,.,PUNCT,12646065887601541794,218500,.,PUNCT,12646065887601541794,216400
651,I,PRON,4690420944186131903,221580,0,0,0,0
652,'m,AUX,8504683628951808721,221580,Soy,AUX,633139548010732535,221406
653,a,DET,11901859001352538922,221580,soltera,VERB,908391454725756624,221406
654,single,ADJ,9644341664820045211,221580,0,0,0,0
655,mom,NOUN,13669990404442017371,221580,madre,NOUN,10512109315562786158,221406
656,.,PUNCT,12646065887601541794,221580,.,PUNCT,12646065887601541794,221406
657,What,PRON,5931147113347055926,223100,¿,PUNCT,3095673970880011110,222903
658,0,0,0,0,Y,CONJ,16961793518281001049,222903
659,if,SCONJ,12446819118446800910,223100,si,SCONJ,13884469947995795204,222903
660,my,DET,227504873216781231,223100,mi,DET,8676063341920465065,222903
661,business,NOUN,8928139183970412233,223100,negocio,NOUN,14750694666853989335,222903
662,fails,VERB,3577883626738225014,223100,fracasa,VERB,15705788851242240702,222903
663,?,PUNCT,8205403955989537350,223100,?,PUNCT,8205403955989537350,222903
664,What,PRON,5931147113347055926,225180,¿,PUNCT,3095673970880011110,222903
665,fail,VERB,3142894986720291236,225180,Y,CONJ,16961793518281001049,222903
666,if,SCONJ,12446819118446800910,225180,si,SCONJ,13884469947995795204,222903
667,I,PRON,4690420944186131903,225180,yo,PRON,8387856443177761115,222903
668,0,0,0,0,fracaso,NOUN,10234972987980611109,222903
669,?,PUNCT,8205403955989537350,225180,?,PUNCT,8205403955989537350,222903
670,But,CCONJ,18004243461113809161,228060,Pero,CONJ,3012608552889114327,227903
671,I,PRON,4690420944186131903,228060,0,0,0,0
672,know,VERB,7743033266031195906,228060,tomar,VERB,4653034684951104091,227903
673,how,ADV,16331095434822636218,228060,de,ADP,11144093025662894627,227903
674,to,PART,3791531372978436496,228060,mi,DET,8676063341920465065,227903
675,take,VERB,6789454535283781228,228060,sé,VERB,18088742645042924186,227903
676,my,DET,227504873216781231,228060,propia,DET,10119551108770838509,227903
677,own,ADJ,2646123857127441627,228060,0,0,0,0
678,medicine,NOUN,322027408632210549,228060,medicina,NOUN,4336550129293835865,227903
679,",",PUNCT,2593208677638477497,228060,",",PUNCT,2593208677638477497,227903
680,the,DET,7425985699627899538,230860,la,DET,6804705863737483857,227903
681,medicine,NOUN,322027408632210549,230860,medicina,NOUN,4336550129293835865,227903
682,that,DET,4380130941430378203,230860,mis,DET,5804976024871865433,227903
683,I,PRON,4690420944186131903,230860,que,PRON,11474801393294414462,227903
684,prescribe,VERB,10357299070413287734,230860,receto,VERB,7101166567426617881,227903
685,to,ADP,3791531372978436496,230860,a,ADP,11901859001352538922,227903
686,my,DET,227504873216781231,230860,0,0,0,0
687,clients,NOUN,5875687838681526099,230860,clientes,NOUN,7341890059679554919,227903
688,.,PUNCT,12646065887601541794,230860,.,PUNCT,12646065887601541794,227903
689,I,PRON,4690420944186131903,233420,0,0,0,0
690,had,AUX,12960022596163002503,233420,Había,AUX,15150253858777753710,233404
691,done,VERB,14395066107632849789,233420,hecho,VERB,12144731232849489260,233404
692,the,DET,7425985699627899538,233420,los,DET,7307884290799599686,233404
693,homework,NOUN,3095191718870704323,233420,deberes,NOUN,2628611740647996422,233404
694,.,PUNCT,12646065887601541794,233420,.,PUNCT,12646065887601541794,233404
695,I,PRON,4690420944186131903,235140,que,SCONJ,11474801393294414462,233404
696,knew,VERB,11064807788920563711,235140,Sabía,VERB,17449893112191072730,233404
697,the,DET,7425985699627899538,235140,el,DET,11488171005156075516,233404
698,value,NOUN,1345584765475359109,235140,valor,NOUN,9131729022788928088,233404
699,was,AUX,9921686513378912864,235140,estaba,AUX,14917719296641627475,233404
700,there,ADV,2112642640949226496,235140,ahí,ADV,4140609571907907820,233404
701,.,PUNCT,12646065887601541794,235140,.,PUNCT,12646065887601541794,233404
702,So,ADV,3893465145528745987,237500,0,0,0,0
703,when,ADV,15807309897752499399,237500,0,0,0,0
704,prospects,NOUN,12501332749403354118,237500,0,0,0,0
705,came,VERB,15989513710403574752,237500,0,0,0,0
706,",",PUNCT,2593208677638477497,237500,0,0,0,0
707,I,PRON,4690420944186131903,240180,Así,ADV,13115577326766121063,237549
708,prepared,VERB,6975122994607107428,240180,llegaron,VERB,16323419879293970427,237549
709,the,DET,7425985699627899538,240180,cuando,SCONJ,10847943810515898149,237549
710,proposals,NOUN,11194430798276618817,240180,oportunidades,NOUN,12936681139652577047,237549
711,with,ADP,12510949447758279278,240180,que,SCONJ,11474801393294414462,237549
712,the,DET,7425985699627899538,240180,las,DET,6526950402091386798,237549
713,new,ADJ,4753564829687343602,240180,0,0,0,0
714,higher,ADJ,2472857369998538979,240180,0,0,0,0
715,pricing,NOUN,13268821157343514411,240180,0,0,0,0
716,sent,VERB,16056986141218963985,243220,preparé,VERB,16903813543308617501,240212
717,and,CCONJ,2283656566040971221,243220,las,DET,6526950402091386798,240212
718,them,PRON,7976265300568155021,243220,propuestas,NOUN,12463246327415887351,240212
719,out,ADP,1696981056005371314,243220,con,ADP,6945313634251781056,240212
720,0,0,0,0,el,DET,11488171005156075516,240212
721,0,0,0,0,nuevo,ADJ,18164165726872120377,240212
722,0,0,0,0,precio,NOUN,3260844292861499193,240212
723,0,0,0,0,más,ADV,13805553149795463782,240212
724,0,0,0,0,alto,ADJ,18411866999517628997,240212
725,0,0,0,0,",",PUNCT,2593208677638477497,240212
726,and,CCONJ,2283656566040971221,244540,las,DET,6526950402091386798,243365
727,communicated,VERB,16357452457308709163,244540,envié,VERB,4790070753551388580,243365
728,0,0,0,0,y,CONJ,9409450202036847209,243365
729,0,0,0,0,comuniqué,VERB,6441575928782240939,243365
730,the,DET,7425985699627899538,244540,el,DET,11488171005156075516,243365
731,value,NOUN,1345584765475359109,244540,valor,NOUN,9131729022788928088,243365
732,.,PUNCT,12646065887601541794,244540,.,PUNCT,12646065887601541794,243365
733,continued,VERB,12824348047395079113,247300,¿,PUNCT,3095673970880011110,247300
734,me,PRON,18197037023634208128,247300,Cómo,PRON,6525486184658562481,247300
735,hire,VERB,10608627609276727964,247300,termina,VERB,14477897350578431892,247300
736,to,PART,3791531372978436496,247300,la,DET,6804705863737483857,247300
737,Clients,NOUN,71523316034040776,247300,historia,NOUN,1358726833428160876,247300
738,0,0,0,0,?,PUNCT,8205403955989537350,247300
739,and,CCONJ,2283656566040971221,251660,Los,DET,8281310487209232694,249654
740,refer,VERB,1199249557754039115,251660,siguieron,VERB,6339145001966127725,249654
741,me,PRON,18197037023634208128,251660,clientes,NOUN,7341890059679554919,249654
742,and,CCONJ,2283656566040971221,251660,contratándome,PROPN,16715125517358254300,249654
743,recommend,VERB,5869997465047222503,251660,y,CONJ,9409450202036847209,249654
744,me,PRON,18197037023634208128,251660,recomendándome,PROPN,12362907399921975525,249654
745,",",PUNCT,2593208677638477497,251660,",",PUNCT,2593208677638477497,249654
746,and,CCONJ,2283656566040971221,251660,y,CONJ,9409450202036847209,249654
747,I,PRON,4690420944186131903,251660,0,0,0,0
748,'m,AUX,8504683628951808721,251660,estoy,AUX,14706404543211496139,249654
749,still,ADV,5937879255812462177,251660,aquí,ADV,11304695278136339124,249654
750,here,ADV,411390626470654571,251660,todavía,ADV,10177267277660848382,249654
751,.,PUNCT,12646065887601541794,251660,.,PUNCT,12646065887601541794,249654
752,And,CCONJ,12172435438170721471,255860,Y,CONJ,16961793518281001049,255860
753,I,PRON,4690420944186131903,255860,0,0,0,0
754,share,VERB,8233640825368986631,255860,comparto,VERB,2685680438404810628,255860
755,this,DET,1995909169258310477,255860,esta,DET,5821559423218928566,255860
756,story,NOUN,5345497848075657444,255860,historia,NOUN,1358726833428160876,255860
757,because,SCONJ,16950148841647037698,257140,0,0,0,0
758,doubts,NOUN,13627633532852943614,257140,0,0,0,0
759,and,CCONJ,2283656566040971221,257140,0,0,0,0
760,fears,NOUN,15929998767675789430,257140,0,0,0,0
761,are,AUX,5012629990875267006,257140,0,0,0,0
762,natural,ADJ,3743574233330547430,257140,0,0,0,0
763,and,CCONJ,2283656566040971221,257140,0,0,0,0
764,normal,ADJ,7742806984934557812,257140,0,0,0,0
765,.,PUNCT,12646065887601541794,257140,0,0,0,0
766,But,CCONJ,18004243461113809161,260220,porque,SCONJ,5757082442330786044,257237
767,they,PRON,16875582379069451158,260220,las,DET,6526950402091386798,257237
768,define,VERB,2430415710905789132,260220,dudas,NOUN,614088996541322983,257237
769,n't,PART,2043519015752540944,260220,y,CONJ,9409450202036847209,257237
770,our,DET,17577015140245084783,260220,los,DET,7307884290799599686,257237
771,value,NOUN,1345584765475359109,260220,temores,NOUN,15634623477148645741,257237
772,do,AUX,2158845516055552166,260220,son,AUX,2555790282192608669,257237
773,0,0,0,0,naturales,ADJ,10593631900353219748,257237
774,0,0,0,0,y,CONJ,9409450202036847209,257237
775,0,0,0,0,normales,ADJ,7628628461909158857,257237
776,",",PUNCT,2593208677638477497,260220,.,PUNCT,12646065887601541794,257237
777,and,CCONJ,2283656566040971221,262700,Pero,CONJ,3012608552889114327,260248
778,they,PRON,16875582379069451158,262700,no,ADV,13055779130471031426,260248
779,should,VERB,10292920167869855674,262700,definen,VERB,3598121297291345172,260248
780,n't,PART,2043519015752540944,262700,0,0,0,0
781,limit,VERB,349237431961414757,262700,0,0,0,0
782,our,DET,17577015140245084783,262700,nuestro,DET,6162416962808358642,260248
783,earning,VERB,1199148952538727511,262700,0,0,0,0
784,potential,NOUN,15822686403977818401,262700,valor,NOUN,9131729022788928088,260248
785,.,PUNCT,12646065887601541794,262700,0,0,0,0
786,I,PRON,4690420944186131903,267380,y,CONJ,9409450202036847209,262738
787,'d,VERB,11195369525898364697,267380,no,ADV,13055779130471031426,262738
788,like,VERB,18194338103975822726,267380,deberían,AUX,10654416954962546018,262738
789,share,VERB,8233640825368986631,267380,limitar,VERB,16977261984377822924,262738
790,another,DET,7270490914741406701,267380,nuestro,DET,6162416962808358642,262738
791,to,PART,3791531372978436496,267380,potencial,NOUN,13184386541584286676,262738
792,0,0,0,0,de,ADP,11144093025662894627,262738
793,story,NOUN,5345497848075657444,267380,ganancias,NOUN,5818689099790774065,262738
794,",",PUNCT,2593208677638477497,267380,.,PUNCT,12646065887601541794,262738
795,about,ADP,942632335873952620,269180,0,0,0,0
796,a,DET,11901859001352538922,269180,otra,DET,17380649040506909729,267419
797,woman,NOUN,18308318389743014884,269180,historia,NOUN,1358726833428160876,267419
798,who,PRON,3876862883474502309,269180,Me,PRON,17688641098104964042,267419
799,learned,VERB,18386850541258643912,269180,compartir,VERB,6695879590777822375,267419
800,to,PART,3791531372978436496,269180,",",PUNCT,2593208677638477497,267419
801,communicate,VERB,9206278719785555207,269180,gustaría,VERB,17422621297144130604,267419
802,her,DET,4115755726172261197,269180,0,0,0,0
803,value,NOUN,1345584765475359109,269180,0,0,0,0
804,and,CCONJ,2283656566040971221,272020,y,CONJ,9409450202036847209,272020
805,found,VERB,602335199165703938,272020,encontró,VERB,11900460521884683972,272020
806,her,DET,4115755726172261197,272020,su,DET,14248009254309298022,272020
807,own,ADJ,2646123857127441627,272020,propia,DET,10119551108770838509,272020
808,voice,NOUN,257396040179354343,272020,voz,NOUN,8851715578978877515,272020
809,.,PUNCT,12646065887601541794,272020,.,PUNCT,12646065887601541794,272020
810,She,PRON,5252949303365547547,274780,de,ADP,11144093025662894627,274779
811,runs,VERB,11180187084324032812,274780,Dirige,VERB,12659974547965487630,274779
812,a,DET,11901859001352538922,274780,una,DET,1019041181156623609,274779
813,successful,ADJ,9708041208212014524,274780,exitosa,ADJ,4766518481113130924,274779
814,web,NOUN,2420254652822703211,274780,empresa,NOUN,11010082313531436383,274779
815,development,NOUN,12326760825035889351,274780,desarrollo,NOUN,6751226609062312789,274779
816,company,NOUN,6905553075311563409,274780,web,ADJ,2420254652822703211,274779
817,and,CCONJ,2283656566040971221,277180,y,CONJ,9409450202036847209,277114
818,employs,VERB,8562676758435174571,277180,tiene,VERB,12773169655925470509,277114
819,several,ADJ,16652247175759725537,277180,contratadas,ADJ,8847792043756831193,277114
820,people,NOUN,7593739049417968140,277180,personas,NOUN,1891828540174324529,277114
821,.,PUNCT,12646065887601541794,277180,.,PUNCT,12646065887601541794,277114
822,When,ADV,10109588199364727116,279420,a,ADP,11901859001352538922,277114
823,she,PRON,6740321247510922449,279420,0,0,0,0
824,first,ADV,11860158879560853892,279420,0,0,0,0
825,started,VERB,17976686883172633439,279420,0,0,0,0
826,her,DET,4115755726172261197,279420,varias,DET,17295091404336203784,277114
827,firm,NOUN,6029102025323371512,279420,0,0,0,0
828,and,CCONJ,2283656566040971221,279420,0,0,0,0
829,for,ADP,16037325823156266367,279420,0,0,0,0
830,several,ADJ,16652247175759725537,279420,0,0,0,0
831,years,NOUN,9492612516460955585,279420,0,0,0,0
832,thereafter,ADV,17316929722200608053,279420,0,0,0,0
833,",",PUNCT,2593208677638477497,279420,0,0,0,0
834,she,PRON,6740321247510922449,282660,0,0,0,0
835,would,VERB,6992604926141104606,282660,decía,VERB,6478811460363771580,282654
836,say,VERB,8685289367999165211,282660,Tengo,VERB,14024468861677012425,282654
837,",",PUNCT,2593208677638477497,282660,"""",PUNCT,15884554869126768810,282654
838,"""",PUNCT,15884554869126768810,282660,:,PUNCT,11532473245541075862,282654
839,I,PRON,4690420944186131903,282660,0,0,0,0
840,have,AUX,14692702688101715474,282660,de,ADP,11144093025662894627,282654
841,a,DET,11901859001352538922,282660,una,DET,1019041181156623609,282654
842,little,ADJ,9778055143417507723,282660,pequeña,ADJ,6127018088006926260,282654
843,web,NOUN,2420254652822703211,282660,web,PROPN,2420254652822703211,282654
844,design,NOUN,4105053907530138126,282660,empresa,NOUN,11010082313531436383,282654
845,company,NOUN,6905553075311563409,282660,diseño,NOUN,1689742004673472932,282654
846,.,PUNCT,12646065887601541794,282660,.,PUNCT,12646065887601541794,282654
847,"""",PUNCT,15884554869126768810,282660,"""",PUNCT,15884554869126768810,282654
848,She,PRON,5252949303365547547,286660,esas,DET,10655423642715274542,286654
849,'d,VERB,11195369525898364697,286660,Usaba,VERB,13378650936181366728,286654
850,actually,ADV,11882120564994168090,286660,0,0,0,0
851,use,VERB,6873750497785110593,286660,0,0,0,0
852,those,DET,5224941539530611462,286660,mismas,DET,1658375134732727643,286654
853,words,NOUN,10289140944597012527,286660,clientes,NOUN,7341890059679554919,286654
854,with,ADP,12510949447758279278,286660,con,ADP,6945313634251781056,286654
855,clients,NOUN,5875687838681526099,286660,palabras,NOUN,3921818150534016708,286654
856,.,PUNCT,12646065887601541794,286660,.,PUNCT,12646065887601541794,286654
857,"""",PUNCT,15884554869126768810,289220,"""",PUNCT,15884554869126768810,289072
858,I,PRON,4690420944186131903,289220,Tengo,VERB,14024468861677012425,289072
859,have,AUX,14692702688101715474,289220,0,0,0,0
860,a,DET,11901859001352538922,289220,una,DET,1019041181156623609,289072
861,little,ADJ,9778055143417507723,289220,pequeña,ADJ,6127018088006926260,289072
862,web,NOUN,2420254652822703211,289220,empresa,NOUN,11010082313531436383,289072
863,design,NOUN,4105053907530138126,289220,diseño,NOUN,1689742004673472932,289072
864,company,NOUN,6905553075311563409,289220,web,PROPN,2420254652822703211,289072
865,.,PUNCT,12646065887601541794,289220,"""",PUNCT,15884554869126768810,289072
866,"""",PUNCT,15884554869126768810,289220,.,PUNCT,12646065887601541794,289072
867,In,ADP,17831099778462416609,292180,de,ADP,11144093025662894627,289072
868,this,DET,1995909169258310477,292180,0,0,0,0
869,and,CCONJ,2283656566040971221,292180,0,0,0,0
870,in,ADP,3002984154512732771,292180,0,0,0,0
871,many,ADJ,9720044723474553187,292180,0,0,0,0
872,other,ADJ,1176656782636220709,292180,0,0,0,0
873,small,ADJ,16938367552274787525,292180,0,0,0,0
874,ways,NOUN,7119356634073270832,292180,0,0,0,0
875,",",PUNCT,2593208677638477497,292180,0,0,0,0
876,she,PRON,6740321247510922449,294020,Así,ADV,13115577326766121063,292195
877,was,AUX,9921686513378912864,294020,y,CONJ,9409450202036847209,292195
878,diminishing,VERB,6895076825060691498,294020,0,0,0,0
879,her,DET,4115755726172261197,294020,otras,DET,9467666572440207555,292195
880,company,NOUN,6905553075311563409,294020,pequeñas,ADJ,4251861159499588959,292195
881,in,ADP,3002984154512732771,294020,de,ADP,11144093025662894627,292195
882,the,DET,7425985699627899538,294020,muchas,DET,6566048432034933925,292195
883,eyes,NOUN,17253078544852491660,294020,maneras,NOUN,17619138510121572676,292195
884,of,ADP,886050111519832510,294020,0,0,0,0
885,prospects,NOUN,12501332749403354118,294020,0,0,0,0
886,and,CCONJ,2283656566040971221,294020,0,0,0,0
887,clients,NOUN,5875687838681526099,294020,0,0,0,0
888,",",PUNCT,2593208677638477497,294020,0,0,0,0
889,and,CCONJ,2283656566040971221,297940,y,CONJ,9409450202036847209,297903
890,diminishing,VERB,6895076825060691498,297940,menoscabándose,NOUN,6772419591868977937,297903
891,herself,PRON,2972429824418998863,297940,a,ADP,11901859001352538922,297903
892,.,PUNCT,12646065887601541794,297940,.,PUNCT,12646065887601541794,297903
893,It,PRON,7859011591137717335,300860,sí,PRON,12296321025590094647,297903
894,was,AUX,9921686513378912864,300860,0,0,0,0
895,really,ADV,14653600329166397554,300860,0,0,0,0
896,impacting,VERB,8751040217644354248,300860,0,0,0,0
897,her,DET,4115755726172261197,300860,misma,DET,6359451746338806667,297903
898,ability,NOUN,11565809527369121409,300860,0,0,0,0
899,to,PART,3791531372978436496,300860,0,0,0,0
900,earn,VERB,6443249459906139446,300860,0,0,0,0
901,what,PRON,5865838185239622912,300860,0,0,0,0
902,she,PRON,6740321247510922449,300860,0,0,0,0
903,was,AUX,9921686513378912864,300860,0,0,0,0
904,worth,ADJ,12282438651404021516,300860,0,0,0,0
905,.,PUNCT,12646065887601541794,300860,0,0,0,0
906,I,PRON,4690420944186131903,304900,que,SCONJ,11474801393294414462,304900
907,believe,VERB,7936246238499659209,304900,Creo,VERB,874957062316343905,304900
908,her,DET,4115755726172261197,304900,su,DET,14248009254309298022,304900
909,language,NOUN,8740476009882919263,304900,lenguaje,NOUN,10460330842317540589,304900
910,and,CCONJ,2283656566040971221,304900,y,CONJ,9409450202036847209,304900
911,her,DET,4115755726172261197,304900,su,DET,14248009254309298022,304900
912,style,NOUN,11923606697255677998,304900,estilo,NOUN,10722492806914000687,304900
913,communicated,VERB,16357452457308709163,307820,comunicaban,VERB,14941937985395491608,307779
914,that,SCONJ,4380130941430378203,307820,que,SCONJ,11474801393294414462,307779
915,she,PRON,6740321247510922449,307820,ella,PRON,14458929840326100817,307779
916,did,AUX,13583488448875926965,307820,no,ADV,13055779130471031426,307779
917,n't,PART,2043519015752540944,307820,creía,VERB,247217224689901917,307779
918,believe,VERB,7936246238499659209,307820,tener,VERB,9273468649798460046,307779
919,she,PRON,6740321247510922449,310100,mucho,DET,3038928633385455635,307779
920,had,AUX,12960022596163002503,310100,0,0,0,0
921,much,ADJ,1935074700818135162,310100,que,SCONJ,11474801393294414462,307779
922,value,NOUN,1345584765475359109,310100,valor,NOUN,9131729022788928088,307779
923,to,PART,3791531372978436496,310100,0,0,0,0
924,offer,VERB,6502919589296598169,310100,ofrecer,VERB,8039482020636437386,307779
925,.,PUNCT,12646065887601541794,310100,.,PUNCT,12646065887601541794,307779
926,In,ADP,17831099778462416609,313620,En,ADP,11159992760278512227,313612
927,her,DET,4115755726172261197,313620,sus,DET,11087495102510657763,313612
928,own,ADJ,2646123857127441627,313620,propias,ADJ,5593999626853563221,313612
929,words,NOUN,10289140944597012527,313620,palabras,NOUN,3921818150534016708,313612
930,",",PUNCT,2593208677638477497,313620,",",PUNCT,2593208677638477497,313612
931,she,PRON,6740321247510922449,313620,0,0,0,0
932,was,AUX,9921686513378912864,313620,estaba,AUX,14917719296641627475,313612
933,practically,ADV,15881140391097175091,313620,prácticamente,ADV,14733451165899653990,313612
934,giving,VERB,10623166193762383800,313620,regalando,VERB,2219015982365532740,313612
935,her,DET,4115755726172261197,313620,sus,DET,11087495102510657763,313612
936,services,NOUN,15545056930122316503,313620,servicios,NOUN,14424985634985912458,313612
937,away,ADV,15726112966383307120,313620,0,0,0,0
938,.,PUNCT,12646065887601541794,313620,.,PUNCT,12646065887601541794,313612
939,And,CCONJ,12172435438170721471,317860,0,0,0,0
940,so,ADV,9781598966686434415,317860,0,0,0,0
941,she,PRON,6740321247510922449,317860,0,0,0,0
942,began,VERB,10945255555151935078,317860,0,0,0,0
943,her,DET,4115755726172261197,317860,0,0,0,0
944,journey,NOUN,18070856088500855311,317860,0,0,0,0
945,to,PART,3791531372978436496,320180,Y,CONJ,16961793518281001049,317862
946,responsibility,NOUN,1131817234132340819,320180,así,ADV,13388538489347049961,317862
947,take,VERB,6789454535283781228,320180,comenzó,VERB,3629981551008774271,317862
948,for,ADP,16037325823156266367,320180,su,DET,14248009254309298022,317862
949,value,NOUN,1345584765475359109,320180,viaje,NOUN,12873751131493332947,317862
950,to,ADP,3791531372978436496,320180,de,ADP,11144093025662894627,317862
951,communicating,VERB,239426263547335185,320180,asumir,VERB,16121234052354916251,317862
952,0,0,0,0,la,DET,6804705863737483857,317862
953,clients,NOUN,5875687838681526099,320180,responsabilidad,NOUN,1403580333268363350,317862
954,and,CCONJ,2283656566040971221,323380,de,ADP,11144093025662894627,321381
955,changing,VERB,2306089721827548330,323380,comunicar,VERB,2260000403796644656,321381
956,her,DET,4115755726172261197,323380,el,DET,11488171005156075516,321381
957,message,NOUN,1381057396011922202,323380,valor,NOUN,9131729022788928088,321381
958,.,PUNCT,12646065887601541794,323380,a,ADP,11901859001352538922,321381
959,0,0,0,0,los,DET,7307884290799599686,321381
960,0,0,0,0,clientes,NOUN,7341890059679554919,321381
961,0,0,0,0,y,CONJ,9409450202036847209,321381
962,0,0,0,0,cambiar,VERB,10581023033480433208,321381
963,0,0,0,0,su,DET,14248009254309298022,321381
964,0,0,0,0,mensaje,NOUN,12135910387730772891,321381
965,0,0,0,0,.,PUNCT,12646065887601541794,321381
966,One,NUM,12491099834491675542,326380,0,0,0,0
967,thing,NOUN,2473243759842082748,326380,cosa,NOUN,11934660320765595756,326362
968,I,PRON,4690420944186131903,326380,que,PRON,11474801393294414462,326362
969,shared,VERB,4361563519079368632,326380,0,0,0,0
970,with,ADP,12510949447758279278,326380,con,ADP,6945313634251781056,326362
971,her,PRON,4115755726172261197,326380,ella,PRON,14458929840326100817,326362
972,a,DET,11901859001352538922,327900,Una,DET,8368038198201676205,326362
973,voice,NOUN,257396040179354343,327900,compartí,NOUN,13251341031352486852,326362
974,that,DET,4380130941430378203,327900,0,0,0,0
975,'s,AUX,16428057658620181782,327900,0,0,0,0
976,authentic,ADJ,3357344905783899189,327900,0,0,0,0
977,and,CCONJ,2283656566040971221,327900,0,0,0,0
978,true,ADJ,7434368892455186804,327900,0,0,0,0
979,to,ADP,3791531372978436496,327900,0,0,0,0
980,you,PRON,7624161793554793053,327900,0,0,0,0
981,.,PUNCT,12646065887601541794,327900,0,0,0,0
982,Do,AUX,10951603910464382420,333580,No,ADV,9692231336188541085,333487
983,n't,PART,2043519015752540944,333580,0,0,0,0
984,try,VERB,4812066089261065646,333580,imitar,VERB,3594695835950808671,333487
985,to,PART,3791531372978436496,333580,0,0,0,0
986,channel,VERB,7635442270831496872,333580,intente,VERB,5495392753175985112,333487
987,your,DET,1572612192562026184,333580,su,DET,14248009254309298022,333487
988,sister,NOUN,16030156721561892762,333580,solo,ADJ,3505255310390259426,333487
989,-,PUNCT,9153284864653046197,333580,cuñada,ADJ,14868184848085966214,333487
990,in,ADP,3002984154512732771,333580,a,ADP,11901859001352538922,333487
991,-,PUNCT,9153284864653046197,333580,0,0,0,0
992,law,NOUN,12630948021571808299,333580,vendedora,NOUN,501632080835215628,333487
993,just,ADV,7148522813498185515,333580,0,0,0,0
994,because,SCONJ,16950148841647037698,333580,porque,SCONJ,5757082442330786044,333487
995,she,PRON,6740321247510922449,333580,0,0,0,0
996,'s,AUX,16428057658620181782,333580,sea,AUX,3315219263181363146,333487
997,a,DET,11901859001352538922,333580,una,DET,1019041181156623609,333487
998,great,ADJ,8881679497796027013,333580,gran,ADJ,5334715143329897801,333487
999,salesperson,NOUN,7598997502780504844,333580,0,0,0,0
1000,Give,VERB,13213224405178067000,337300,0,0,0,0
1001,up,ADP,2199259611705938403,337300,0,0,0,0
1002,this,DET,1995909169258310477,337300,0,0,0,0
1003,notion,NOUN,12434896600539594972,337300,0,0,0,0
1004,that,SCONJ,4380130941430378203,337300,0,0,0,0
1005,it,PRON,10239237003504588839,337300,0,0,0,0
1006,'s,AUX,16428057658620181782,337300,0,0,0,0
1007,tooting,VERB,4650944990138047714,337300,0,0,0,0
1008,your,DET,1572612192562026184,337300,0,0,0,0
1009,own,ADJ,2646123857127441627,337300,0,0,0,0
1010,horn,NOUN,17627773904129323034,337300,0,0,0,0
1011,.,PUNCT,12646065887601541794,337300,0,0,0,0
1012,Make,VERB,13104579378909423945,343980,Abandone,VERB,13843931126942572074,341487
1013,the,DET,7425985699627899538,343980,esa,DET,12150002208949237779,341487
1014,it,PRON,10239237003504588839,343980,idea,NOUN,5566782022517605861,341487
1015,about,ADP,942632335873952620,343980,de,ADP,11144093025662894627,341487
1016,other,ADJ,1176656782636220709,343980,que,SCONJ,11474801393294414462,341487
1017,0,0,0,0,está,AUX,4858725201161983290,341487
1018,0,0,0,0,alardeando,VERB,16925433876420793762,341487
1019,.,PUNCT,12646065887601541794,343980,.,PUNCT,12646065887601541794,341487
1020,party,NOUN,12938509253927915405,343980,Hágalo,NOUN,245470504457930641,341487
1021,0,0,0,0,por,ADP,18244196334509357400,341487
1022,0,0,0,0,la,DET,6804705863737483857,341487
1023,0,0,0,0,otra,DET,17380649040506909729,341487
1024,0,0,0,0,parte,NOUN,16514593513853944747,341487
1025,0,0,0,0,.,PUNCT,12646065887601541794,341487
1026,Focus,VERB,8460841954900798128,345740,Céntrese,NOUN,10901973557073398152,345654
1027,on,ADP,5640369432778651323,345740,en,ADP,14626626061804382878,345654
1028,serving,VERB,12064335484295216706,345740,ayudar,VERB,3407187789669882637,345654
1029,and,CCONJ,2283656566040971221,345740,y,CONJ,9409450202036847209,345654
1030,adding,VERB,16412500324129398759,345740,añadir,VERB,17669765627311427745,345654
1031,value,NOUN,1345584765475359109,345740,valor,NOUN,9131729022788928088,345654
1032,",",PUNCT,2593208677638477497,345740,y,CONJ,9409450202036847209,345654
1033,and,CCONJ,2283656566040971221,345740,ya,ADV,7831648150548777939,345654
1034,it,PRON,10239237003504588839,345740,no,ADV,13055779130471031426,345654
1035,wo,VERB,15745985092136828842,345740,parecerá,VERB,13201270393357711689,345654
1036,n't,PART,2043519015752540944,345740,0,0,0,0
1037,feel,VERB,5741770584995928333,345740,alardea,VERB,18039835805273638798,345654
1038,like,SCONJ,18194338103975822726,345740,que,SCONJ,11474801393294414462,345654
1039,bragging,VERB,16478395235962229877,345740,0,0,0,0
1040,.,PUNCT,12646065887601541794,345740,.,PUNCT,12646065887601541794,345654
1041,What,PRON,5931147113347055926,350260,0,0,0,0
1042,do,AUX,2158845516055552166,350260,0,0,0,0
1043,you,PRON,7624161793554793053,350260,0,0,0,0
1044,love,VERB,3702023516439754181,350260,0,0,0,0
1045,about,ADP,942632335873952620,350260,0,0,0,0
1046,what,PRON,5865838185239622912,350260,0,0,0,0
1047,you,PRON,7624161793554793053,350260,0,0,0,0
1048,do,AUX,2158845516055552166,350260,0,0,0,0
1049,?,PUNCT,8205403955989537350,350260,0,0,0,0
1050,What,PRON,5931147113347055926,352900,Qué,PRON,15959444434087193889,350279
1051,excites,VERB,5318437915211092834,352900,gusta,VERB,9342077789922592292,350279
1052,you,PRON,7624161793554793053,352900,le,PRON,13361843836202591494,350279
1053,about,ADP,942632335873952620,352900,de,ADP,11144093025662894627,350279
1054,the,DET,7425985699627899538,352900,¿,PUNCT,3095673970880011110,350279
1055,work,NOUN,10038440415813069799,352900,0,0,0,0
1056,that,DET,4380130941430378203,352900,lo,DET,12507729120330568444,350279
1057,you,PRON,7624161793554793053,352900,que,PRON,11474801393294414462,350279
1058,do,AUX,2158845516055552166,352900,?,PUNCT,8205403955989537350,350279
1059,?,PUNCT,8205403955989537350,352900,¿,PUNCT,3095673970880011110,350279
1060,If,SCONJ,9698320431655714481,355020,Qué,PRON,15959444434087193889,350279
1061,you,PRON,7624161793554793053,355020,le,PRON,13361843836202591494,350279
1062,connect,VERB,8902972205924842345,355020,emociona,VERB,11932611548446306682,350279
1063,with,ADP,12510949447758279278,355020,de,ADP,11144093025662894627,350279
1064,that,DET,4380130941430378203,355020,su,DET,14248009254309298022,350279
1065,",",PUNCT,2593208677638477497,355020,?,PUNCT,8205403955989537350,350279
1066,communicating,VERB,239426263547335185,355020,hace,VERB,12135968124517883173,350279
1067,your,DET,1572612192562026184,355020,0,0,0,0
1068,value,NOUN,1345584765475359109,355020,trabajo,NOUN,1376217758131583815,350279
1069,will,VERB,18307573501153647118,355020,0,0,0,0
1070,come,VERB,5307304325359566725,355020,0,0,0,0
1071,naturally,ADV,11756612840599052966,355020,0,0,0,0
1072,.,PUNCT,12646065887601541794,355020,0,0,0,0
1073,So,ADV,3893465145528745987,360340,Así,ADV,13115577326766121063,360321
1074,she,PRON,6740321247510922449,360340,ella,PRON,14458929840326100817,360321
1075,embraced,VERB,17489043715172633961,360340,adoptó,VERB,18018673489073855303,360321
1076,her,DET,4115755726172261197,360340,su,DET,14248009254309298022,360321
1077,natural,ADJ,3743574233330547430,360340,natural,ADJ,3743574233330547430,360321
1078,style,NOUN,11923606697255677998,360340,estilo,NOUN,10722492806914000687,360321
1079,",",PUNCT,2593208677638477497,360340,",",PUNCT,2593208677638477497,360321
1080,found,VERB,602335199165703938,362620,encontró,VERB,11900460521884683972,360321
1081,her,DET,4115755726172261197,362620,su,DET,14248009254309298022,360321
1082,voice,NOUN,257396040179354343,362620,que,SCONJ,11474801393294414462,360321
1083,and,CCONJ,2283656566040971221,362620,y,CONJ,9409450202036847209,360321
1084,changed,VERB,955745193281900021,362620,cambió,VERB,16410251734631200477,360321
1085,her,DET,4115755726172261197,362620,su,DET,14248009254309298022,360321
1086,message,NOUN,1381057396011922202,362620,voz,NOUN,8851715578978877515,360321
1087,.,PUNCT,12646065887601541794,362620,.,PUNCT,12646065887601541794,360321
1088,For,ADP,423185678490233567,365940,0,0,0,0
1089,one,NUM,17454115351911680600,365940,0,0,0,0
1090,thing,NOUN,2473243759842082748,365940,mensaje,NOUN,12135910387730772891,360321
1091,",",PUNCT,2593208677638477497,365940,0,0,0,0
1092,she,PRON,6740321247510922449,365940,0,0,0,0
1093,stopped,VERB,214600132313568644,365940,0,0,0,0
1094,calling,VERB,8006877779156746716,365940,0,0,0,0
1095,herself,PRON,2972429824418998863,365940,0,0,0,0
1096,a,DET,11901859001352538922,365940,0,0,0,0
1097,little,ADJ,9778055143417507723,365940,0,0,0,0
1098,web,NOUN,2420254652822703211,365940,0,0,0,0
1099,design,NOUN,4105053907530138126,365940,0,0,0,0
1100,company,NOUN,6905553075311563409,365940,0,0,0,0
1101,.,PUNCT,12646065887601541794,365940,0,0,0,0
1102,She,PRON,5252949303365547547,369940,Por,ADP,623830814368950614,365945
1103,a,DET,11901859001352538922,369940,un,DET,12188161997964598936,365945
1104,lot,NOUN,6920515201346452032,369940,lado,NOUN,11663777537566647114,365945
1105,really,ADV,14653600329166397554,369940,",",PUNCT,2593208677638477497,365945
1106,found,VERB,602335199165703938,369940,dejó,VERB,3865513620734601286,365945
1107,of,ADP,886050111519832510,369940,de,ADP,11144093025662894627,365945
1108,strength,NOUN,18315752594740051987,369940,denominarse,PROPN,16133118101796171467,365945
1109,and,CCONJ,2283656566040971221,369940,"""",PUNCT,15884554869126768810,365945
1110,her,DET,4115755726172261197,369940,una,DET,1019041181156623609,365945
1111,communicating,VERB,239426263547335185,369940,pequeña,ADJ,6127018088006926260,365945
1112,power,NOUN,10405720708504167118,369940,empresa,NOUN,11010082313531436383,365945
1113,in,ADP,3002984154512732771,369940,de,ADP,11144093025662894627,365945
1114,message,NOUN,1381057396011922202,369940,diseño,NOUN,1689742004673472932,365945
1115,0,0,0,0,web,PROPN,2420254652822703211,365945
1116,.,PUNCT,12646065887601541794,369940,"""",PUNCT,15884554869126768810,365945
1117,0,0,0,0,.,PUNCT,12646065887601541794,365945
1118,She,PRON,5252949303365547547,375100,mucha,DET,4628243562065350568,369945
1119,'s,AUX,16428057658620181782,375100,fuerza,NOUN,10950219758988792820,369945
1120,now,ADV,17157488710739566268,375100,y,CONJ,9409450202036847209,369945
1121,charging,VERB,16488112344460592188,375100,Encontró,VERB,3039386236627849593,369945
1122,three,NUM,8241648526530492509,375100,en,ADP,14626626061804382878,369945
1123,times,NOUN,12380071558262218793,375100,poder,NOUN,17496565441882855384,369945
1124,as,ADV,7437575085468336610,375100,la,DET,6804705863737483857,369945
1125,much,ADJ,1935074700818135162,375100,su,DET,14248009254309298022,369945
1126,for,ADP,16037325823156266367,375100,de,ADP,11144093025662894627,369945
1127,web,NOUN,2420254652822703211,375100,comunicación,NOUN,13491236727020250542,369945
1128,design,NOUN,4105053907530138126,375100,mensaje,NOUN,12135910387730772891,369945
1129,",",PUNCT,2593208677638477497,375100,.,PUNCT,12646065887601541794,369945
1130,and,CCONJ,2283656566040971221,378060,Ahora,ADV,10720993020331908228,375112
1131,is,AUX,3411606890003347522,378060,está,AUX,4858725201161983290,375112
1132,growing,VERB,9913285871213521689,378060,cobrando,VERB,11551072314595691767,375112
1133,her,DET,4115755726172261197,378060,tres,NUM,12263923104162374949,375112
1134,business,NOUN,8928139183970412233,378060,veces,NOUN,18218929533061403504,375112
1135,.,PUNCT,12646065887601541794,378060,más,ADV,13805553149795463782,375112
1136,0,0,0,0,por,ADP,18244196334509357400,375112
1137,0,0,0,0,diseño,NOUN,1689742004673472932,375112
1138,0,0,0,0,web,ADJ,2420254652822703211,375112
1139,She,PRON,5252949303365547547,380700,Me,PRON,17688641098104964042,380696
1140,told,VERB,1245643389253732868,380700,habló,VERB,5016653801886742696,380696
1141,me,PRON,18197037023634208128,380700,0,0,0,0
1142,about,ADP,942632335873952620,380700,de,ADP,11144093025662894627,380696
1143,a,DET,11901859001352538922,380700,una,DET,1019041181156623609,380696
1144,recent,ADJ,14101204033091332526,380700,reciente,ADJ,12462685883451098389,380696
1145,meeting,NOUN,14798207169164081740,380700,reunión,NOUN,3869048914498630981,380696
1146,with,ADP,12510949447758279278,382380,con,ADP,6945313634251781056,380696
1147,a,DET,11901859001352538922,382380,un,DET,12188161997964598936,380696
1148,gruff,NOUN,12750600170174002085,382380,cliente,NOUN,4535514403547090944,380696
1149,and,CCONJ,2283656566040971221,382380,",",PUNCT,2593208677638477497,380696
1150,sometimes,ADV,2982782142620708162,382380,y,CONJ,9409450202036847209,380696
1151,difficult,ADJ,7358858360747440042,382380,duro,ADJ,16114260269838110456,380696
1152,client,NOUN,10852021146411011557,382380,veces,NOUN,18218929533061403504,380696
1153,who,PRON,3876862883474502309,384580,difícil,ADJ,5737193594416839770,380696
1154,had,AUX,12960022596163002503,384580,0,0,0,0
1155,called,VERB,3125235652374451650,384580,0,0,0,0
1156,a,DET,11901859001352538922,384580,0,0,0,0
1157,meeting,NOUN,14798207169164081740,384580,0,0,0,0
1158,questioning,VERB,499652317108459091,384580,0,0,0,0
1159,progress,NOUN,3100199706382727292,384580,0,0,0,0
1160,on,ADP,5640369432778651323,384580,a,ADP,11901859001352538922,380696
1161,search,NOUN,295895373269394349,384580,0,0,0,0
1162,engine,NOUN,10857443142397967886,384580,0,0,0,0
1163,optimization,NOUN,6396238269192259275,384580,0,0,0,0
1164,.,PUNCT,12646065887601541794,384580,0,0,0,0
1165,She,PRON,5252949303365547547,389300,acerca,ADV,4355306406960221317,386238
1166,in,ADP,3002984154512732771,389300,de,ADP,11144093025662894627,386238
1167,the,DET,7425985699627899538,389300,su,DET,14248009254309298022,386238
1168,said,VERB,17573686707662795042,389300,progreso,NOUN,17971246754582708091,386238
1169,old,ADJ,2483095116303079762,389300,en,ADP,14626626061804382878,386238
1170,days,NOUN,18443948407981750281,389300,optimización,NOUN,4152027609186438945,386238
1171,0,0,0,0,para,ADP,17491956544424926374,386238
1172,0,0,0,0,buscadores,NOUN,1806322507206241339,386238
1173,",",PUNCT,2593208677638477497,389300,.,PUNCT,12646065887601541794,386238
1174,would,VERB,6992604926141104606,390540,Dijo,VERB,12920198234376309165,389321
1175,that,DET,4380130941430378203,390540,que,SCONJ,11474801393294414462,389321
1176,0,0,0,0,",",PUNCT,2593208677638477497,389321
1177,really,ADV,14653600329166397554,390540,antes,ADV,12446581712315785411,389321
1178,intimidating,VERB,4383266577825800616,390540,",",PUNCT,2593208677638477497,389321
1179,been,AUX,12517269084653561647,390540,habría,AUX,10607423608088269874,389321
1180,have,AUX,14692702688101715474,390540,sido,AUX,9828199342074426560,389321
1181,a,DET,11901859001352538922,390540,una,DET,1019041181156623609,389321
1182,meeting,NOUN,14798207169164081740,390540,reunión,NOUN,3869048914498630981,389321
1183,0,0,0,0,muy,ADV,16868253375141016776,389321
1184,0,0,0,0,intimidante,ADJ,15732610645135377979,389321
1185,for,ADP,16037325823156266367,390540,para,ADP,17491956544424926374,389321
1186,her,PRON,4115755726172261197,390540,ella,PRON,14458929840326100817,389321
1187,",",PUNCT,2593208677638477497,390540,.,PUNCT,12646065887601541794,389321
1188,but,CCONJ,14560795576765492085,393340,pero,CONJ,4949779210556390094,392718
1189,her,DET,4115755726172261197,393340,su,DET,14248009254309298022,392718
1190,mindset,NOUN,9928212653738658748,393340,mentalidad,NOUN,8959677547791565954,392718
1191,was,AUX,9921686513378912864,393340,había,AUX,11746775058755771264,392718
1192,different,ADJ,17379251038783395147,393340,cambiado,VERB,18410637568667305995,392718
1193,.,PUNCT,12646065887601541794,393340,.,PUNCT,12646065887601541794,392718
1194,She,PRON,5252949303365547547,394820,0,0,0,0
1195,said,VERB,17573686707662795042,394820,Dijo,VERB,12920198234376309165,394729
1196,",",PUNCT,2593208677638477497,394820,que,SCONJ,11474801393294414462,394729
1197,she,PRON,6740321247510922449,394820,se,PRON,9839690450034771972,394729
1198,prepared,VERB,6975122994607107428,394820,preparó,VERB,5662731856116068498,394729
1199,the,DET,7425985699627899538,394820,la,DET,6804705863737483857,394729
1200,information,NOUN,5552516367584430480,394820,información,NOUN,1261446803759541272,394729
1201,",",PUNCT,2593208677638477497,394820,",",PUNCT,2593208677638477497,394729
1202,sat,VERB,10999203096914249427,394820,sentó,VERB,10659526584140489007,394729
1203,down,ADP,6421409113692203669,394820,con,ADP,6945313634251781056,394729
1204,with,ADP,12510949447758279278,394820,0,0,0,0
1205,the,DET,7425985699627899538,394820,el,DET,11488171005156075516,394729
1206,client,NOUN,10852021146411011557,394820,cliente,NOUN,4535514403547090944,394729
1207,",",PUNCT,2593208677638477497,394820,",",PUNCT,2593208677638477497,394729
1208,said,VERB,17573686707662795042,398540,dijo,VERB,8367545516374751326,398531
1209,this,DET,1995909169258310477,398540,se,PRON,9839690450034771972,398531
1210,is,AUX,3411606890003347522,398540,:,PUNCT,11532473245541075862,398531
1211,n't,PART,2043519015752540944,398540,tiene,VERB,12773169655925470509,398531
1212,about,ADP,942632335873952620,398540,no,ADV,13055779130471031426,398531
1213,me,PRON,18197037023634208128,398540,Esto,PRON,15115217180518400449,398531
1214,",",PUNCT,2593208677638477497,398540,"""",PUNCT,15884554869126768810,398531
1215,it,PRON,10239237003504588839,398540,conmigo,PRON,14211479878505843858,398531
1216,'s,AUX,16428057658620181782,398540,es,AUX,10343076919720641053,398531
1217,not,PART,447765159362469301,398540,que,SCONJ,11474801393294414462,398531
1218,personal,ADJ,861244163374911113,398540,personal,ADJ,861244163374911113,398531
1219,",",PUNCT,2593208677638477497,398540,",",PUNCT,2593208677638477497,398531
1220,it,PRON,10239237003504588839,401340,no,ADV,13055779130471031426,398531
1221,'s,AUX,16428057658620181782,401340,es,AUX,10343076919720641053,398531
1222,about,ADP,942632335873952620,401340,sobre,ADP,11374976834714679510,398531
1223,the,DET,7425985699627899538,401340,el,DET,11488171005156075516,398531
1224,client,NOUN,10852021146411011557,401340,cliente,NOUN,4535514403547090944,398531
1225,.,PUNCT,12646065887601541794,401340,",",PUNCT,2593208677638477497,398531
1226,She,PRON,5252949303365547547,402700,0,0,0,0
1227,took,VERB,1524062747651706878,402700,ver,VERB,16203534885047373824,398531
1228,them,PRON,7976265300568155021,402700,"""",PUNCT,15884554869126768810,398531
1229,through,ADP,18216413589307435838,402700,0,0,0,0
1230,the,DET,7425985699627899538,402700,0,0,0,0
1231,data,NOUN,6645506661261177361,402700,0,0,0,0
1232,",",PUNCT,2593208677638477497,402700,.,PUNCT,12646065887601541794,398531
1233,through,ADP,18216413589307435838,402700,0,0,0,0
1234,the,DET,7425985699627899538,402700,0,0,0,0
1235,numbers,NOUN,16181666555170135050,402700,0,0,0,0
1236,",",PUNCT,2593208677638477497,402700,0,0,0,0
1237,laid,VERB,13262679759112940737,406260,mostró,VERB,15240253569626616423,402738
1238,out,ADP,1696981056005371314,406260,Les,PRON,16238897526868850703,402738
1239,the,DET,7425985699627899538,406260,los,DET,7307884290799599686,402738
1240,trends,NOUN,14768681456332832334,406260,datos,NOUN,10932945580208112495,402738
1241,and,CCONJ,2283656566040971221,406260,",",PUNCT,2593208677638477497,402738
1242,the,DET,7425985699627899538,406260,los,DET,7307884290799599686,402738
1243,progress,NOUN,3100199706382727292,406260,números,NOUN,8384335502142735989,402738
1244,in,ADP,3002984154512732771,406260,",",PUNCT,2593208677638477497,402738
1245,her,DET,4115755726172261197,406260,las,DET,6526950402091386798,402738
1246,own,ADJ,2646123857127441627,406260,expuso,VERB,10251329293725504738,402738
1247,voice,NOUN,257396040179354343,406260,tendencias,NOUN,17094368762988616088,402738
1248,and,CCONJ,2283656566040971221,406260,y,CONJ,9409450202036847209,402738
1249,in,ADP,3002984154512732771,406260,0,0,0,0
1250,her,DET,4115755726172261197,406260,el,DET,11488171005156075516,402738
1251,own,ADJ,2646123857127441627,406260,0,0,0,0
1252,way,NOUN,6878210874361030284,406260,progreso,NOUN,17971246754582708091,402738
1253,",",PUNCT,2593208677638477497,406260,0,0,0,0
1254,but,CCONJ,14560795576765492085,410220,voz,NOUN,8851715578978877515,408028
1255,very,ADV,9548244504980166557,410220,su,DET,14248009254309298022,408028
1256,directly,ADV,9431896469908734155,410220,propia,DET,10119551108770838509,408028
1257,said,VERB,17573686707662795042,410220,usando,VERB,11016080632141083611,408028
1258,",",PUNCT,2593208677638477497,410220,y,CONJ,9409450202036847209,408028
1259,"""",PUNCT,15884554869126768810,410220,",",PUNCT,2593208677638477497,408028
1260,Here,ADV,13973858553651532596,410220,su,DET,14248009254309298022,408028
1261,'s,AUX,16428057658620181782,410220,manera,NOUN,498987833452431579,408028
1262,what,PRON,5865838185239622912,410220,0,0,0,0
1263,we,PRON,16064069575701507746,410220,0,0,0,0
1264,'ve,AUX,2989924464908128948,410220,0,0,0,0
1265,done,VERB,14395066107632849789,410220,0,0,0,0
1266,for,ADP,16037325823156266367,410220,a,ADP,11901859001352538922,408028
1267,you,PRON,7624161793554793053,410220,0,0,0,0
1268,.,PUNCT,12646065887601541794,410220,0,0,0,0
1269,"""",PUNCT,15884554869126768810,410220,0,0,0,0
1270,The,DET,5059648917813135842,412940,pero,CONJ,4949779210556390094,410234
1271,client,NOUN,10852021146411011557,412940,muy,ADV,16868253375141016776,410234
1272,sat,VERB,10999203096914249427,412940,dijo,VERB,8367545516374751326,410234
1273,up,ADP,2199259611705938403,412940,directamente,ADV,14016367606537497599,410234
1274,and,CCONJ,2283656566040971221,412940,0,0,0,0
1275,took,VERB,1524062747651706878,412940,es,AUX,10343076919720641053,410234
1276,notice,NOUN,9236818973772229989,412940,Esto,PRON,15115217180518400449,410234
1277,",",PUNCT,2593208677638477497,412940,:,PUNCT,11532473245541075862,410234
1278,and,CCONJ,2283656566040971221,412940,lo,DET,12507729120330568444,410234
1279,said,VERB,17573686707662795042,412940,hecho,VERB,12144731232849489260,410234
1280,",",PUNCT,2593208677638477497,412940,hemos,AUX,4219622862681744689,410234
1281,"""",PUNCT,15884554869126768810,412940,"""",PUNCT,15884554869126768810,410234
1282,OK,INTJ,6850223518147840977,412940,por,ADP,18244196334509357400,410234
1283,",",PUNCT,2593208677638477497,412940,"""",PUNCT,15884554869126768810,410234
1284,I,PRON,4690420944186131903,412940,que,PRON,11474801393294414462,410234
1285,got,VERB,12579384389446384672,412940,Ud.,PROPN,1404373474500892445,410234
1286,it,PRON,10239237003504588839,412940,0,0,0,0
1287,.,PUNCT,12646065887601541794,412940,.,PUNCT,12646065887601541794,410234
1288,"""",PUNCT,15884554869126768810,412940,0,0,0,0
1289,And,CCONJ,12172435438170721471,417780,Y,CONJ,16961793518281001049,417779
1290,she,PRON,6740321247510922449,417780,ella,PRON,14458929840326100817,417779
1291,said,VERB,17573686707662795042,417780,dijo,VERB,8367545516374751326,417779
1292,0,0,0,0,",",PUNCT,2593208677638477497,417779
1293,in,ADP,3002984154512732771,417780,al,ADP,8222700718889469974,417779
1294,describing,VERB,2262124661246426770,417780,describir,VERB,14360933706860291958,417779
1295,that,DET,4380130941430378203,417780,esa,DET,12150002208949237779,417779
1296,meeting,NOUN,14798207169164081740,417780,reunión,NOUN,3869048914498630981,417779
1297,",",PUNCT,2593208677638477497,417780,:,PUNCT,11532473245541075862,417779
1298,"""",PUNCT,15884554869126768810,419740,"""",PUNCT,15884554869126768810,419697
1299,did,AUX,13583488448875926965,419740,No,ADV,9692231336188541085,419697
1300,I,PRON,4690420944186131903,419740,me,PRON,18197037023634208128,419697
1301,feel,VERB,5741770584995928333,419740,sentí,VERB,7622701912117642290,419697
1302,scared,ADJ,349581662927628285,419740,asustada,ADJ,9497624965800459446,419697
1303,n't,PART,2043519015752540944,419740,",",PUNCT,2593208677638477497,419697
1304,or,CCONJ,3740602843040177340,419740,o,CONJ,1489474827855109852,419697
1305,panicky,ADJ,16366116901011162961,419740,nerviosa,ADJ,15114238960981847083,419697
1306,or,CCONJ,3740602843040177340,423380,",",PUNCT,2593208677638477497,419697
1307,0,0,0,0,o,CONJ,1489474827855109852,419697
1308,small,ADJ,16938367552274787525,423380,pequeña,ADJ,6127018088006926260,419697
1309,",",PUNCT,2593208677638477497,423380,",",PUNCT,2593208677638477497,419697
1310,which,DET,7063653163634019529,425620,--que,SCONJ,12820395113120700436,425474
1311,is,AUX,3411606890003347522,425620,es,AUX,10343076919720641053,425474
1312,how,ADV,16331095434822636218,425620,como,SCONJ,3817173063683202752,425474
1313,I,PRON,4690420944186131903,425620,solía,NOUN,8525857613839423691,425474
1314,used,VERB,17544535479879614370,425620,sentirme--,PROPN,464378364482002235,425474
1315,to,PART,3791531372978436496,425620,0,0,0,0
1316,feel,VERB,5741770584995928333,425620,0,0,0,0
1317,.,PUNCT,12646065887601541794,425620,0,0,0,0
1318,I,PRON,4690420944186131903,427620,0,0,0,0
1319,know,VERB,7743033266031195906,427620,0,0,0,0
1320,what,PRON,5865838185239622912,427620,0,0,0,0
1321,I,PRON,4690420944186131903,427620,0,0,0,0
1322,'m,AUX,8504683628951808721,427620,0,0,0,0
1323,doing,VERB,10515043043501955111,427620,0,0,0,0
1324,.,PUNCT,12646065887601541794,427620,0,0,0,0
1325,I,PRON,4690420944186131903,427620,0,0,0,0
1326,'m,AUX,8504683628951808721,427620,0,0,0,0
1327,confident,ADJ,11094078565778934776,427620,0,0,0,0
1328,.,PUNCT,12646065887601541794,427620,0,0,0,0
1329,',PUNCT,11221368173670222813,427620,0,0,0,0
1330,"""",PUNCT,15884554869126768810,427620,0,0,0,0
1331,Being,AUX,14664260671543633396,437620,Ser,AUX,12730175849296497586,437542
1332,properly,ADV,11583989354825667201,437620,correctamente,ADV,9503474578093376930,437542
1333,valued,VERB,313297630398983519,437620,valorado,VERB,16429998646130181621,437542
1334,is,AUX,3411606890003347522,437620,es,AUX,10343076919720641053,437542
1335,so,ADV,9781598966686434415,437620,tan,ADV,5127631211755802587,437542
1336,important,ADJ,5951875591235763184,437620,importante,ADJ,3371823424964843453,437542
1337,.,PUNCT,12646065887601541794,437620,.,PUNCT,12646065887601541794,437542
1338,You,PRON,4678963469726251353,440260,0,0,0,0
1339,can,VERB,6635067063807956629,440260,0,0,0,0
1340,hear,VERB,16158783587822825203,440260,0,0,0,0
1341,in,ADP,3002984154512732771,440260,0,0,0,0
1342,this,DET,1995909169258310477,440260,0,0,0,0
1343,story,NOUN,5345497848075657444,440260,0,0,0,0
1344,that,SCONJ,4380130941430378203,441940,Pueden,AUX,18410146094958901486,440286
1345,the,DET,7425985699627899538,441940,esta,DET,5821559423218928566,440286
1346,implications,NOUN,6151292494214257835,441940,historia,NOUN,1358726833428160876,440286
1347,range,VERB,9780120844974374175,441940,apreciar,VERB,10963220239013148718,440286
1348,far,ADV,6785115870927179060,441940,0,0,0,0
1349,beyond,ADP,4208654639279390194,441940,en,ADP,14626626061804382878,440286
1350,just,ADV,7148522813498185515,441940,0,0,0,0
1351,finances,NOUN,10849702946063898813,441940,0,0,0,0
1352,into,ADP,3278561384161438710,445180,que,SCONJ,11474801393294414462,442237
1353,the,DET,7425985699627899538,445180,las,DET,6526950402091386798,442237
1354,realm,NOUN,9550380467241433609,445180,implicaciones,NOUN,1242024561461879512,442237
1355,of,ADP,886050111519832510,445180,van,VERB,16631821489536541084,442237
1356,self,NOUN,10899396943792836290,445180,mucho,ADV,3038928633385455635,442237
1357,-,PUNCT,9153284864653046197,445180,más,ADV,13805553149795463782,442237
1358,respect,NOUN,5423145190727674191,445180,allá,ADV,7286239235571841520,442237
1359,and,CCONJ,2283656566040971221,445180,de,ADP,11144093025662894627,442237
1360,self,NOUN,10899396943792836290,445180,las,DET,6526950402091386798,442237
1361,-,PUNCT,9153284864653046197,445180,0,0,0,0
1362,confidence,NOUN,3390575192292492200,445180,finanzas,NOUN,17295262674058238704,442237
1363,.,PUNCT,12646065887601541794,445180,0,0,0,0
1364,I,PRON,4690420944186131903,450180,al,ADP,8222700718889469974,445197
1365,Today,NOUN,9590909481597011968,450180,terreno,NOUN,3010471139651381435,445197
1366,'ve,AUX,2989924464908128948,450180,del,ADP,14178434899903659559,445197
1367,told,VERB,1245643389253732868,450180,auto,NOUN,8828430276747728323,445197
1368,",",PUNCT,2593208677638477497,450180,-,PUNCT,9153284864653046197,445197
1369,stories,NOUN,17024789678871039140,450180,respeto,NOUN,14604138833534288537,445197
1370,two,NUM,11711838292424000352,450180,y,CONJ,9409450202036847209,445197
1371,one,NUM,17454115351911680600,450180,la,DET,6804705863737483857,445197
1372,value,NOUN,1345584765475359109,450180,confianza,NOUN,10259720451512591395,445197
1373,about,ADP,942632335873952620,450180,en,ADP,14626626061804382878,445197
1374,our,DET,17577015140245084783,450180,uno,DET,8171375619591740969,445197
1375,defining,VERB,16403209304200829953,450180,mismo,ADJ,12984459046605325283,445197
1376,0,0,0,0,.,PUNCT,12646065887601541794,445197
1377,and,CCONJ,2283656566040971221,453740,Hoy,ADV,4284965791247639820,450195
1378,the,DET,7425985699627899538,453740,he,AUX,1655312771067108281,450195
1379,communicating,VERB,239426263547335185,453740,contado,VERB,15349212355038766890,450195
1380,other,ADJ,1176656782636220709,453740,dos,NUM,14014603652905717938,450195
1381,value,NOUN,1345584765475359109,453740,historias,NOUN,15868718464784501436,450195
1382,",",PUNCT,2593208677638477497,453740,",",PUNCT,2593208677638477497,450195
1383,0,0,0,0,una,PRON,1019041181156623609,450195
1384,about,ADP,942632335873952620,453740,sobre,ADP,11374976834714679510,450195
1385,our,DET,17577015140245084783,453740,la,DET,6804705863737483857,450195
1386,0,0,0,0,definición,NOUN,13437689316142123744,450195
1387,0,0,0,0,de,ADP,11144093025662894627,450195
1388,0,0,0,0,nuestro,DET,6162416962808358642,450195
1389,0,0,0,0,valor,NOUN,9131729022788928088,450195
1390,and,CCONJ,2283656566040971221,456580,y,CONJ,9409450202036847209,456483
1391,these,DET,6459564349623679250,456580,estos,PRON,10436838843398290757,456483
1392,are,AUX,5012629990875267006,456580,son,AUX,2555790282192608669,456483
1393,the,DET,7425985699627899538,456580,los,DET,7307884290799599686,456483
1394,two,NUM,11711838292424000352,456580,dos,NUM,14014603652905717938,456483
1395,elements,NOUN,5434510067155209058,456580,elementos,NOUN,12314702410255045189,456483
1396,to,ADP,3791531372978436496,456580,0,0,0,0
1397,realizing,VERB,3482743322712588588,456580,0,0,0,0
1398,our,DET,17577015140245084783,456580,0,0,0,0
1399,full,ADJ,6605652555683495965,456580,0,0,0,0
1400,earning,NOUN,1199148952538727511,456580,0,0,0,0
1401,potential,NOUN,15822686403977818401,456580,0,0,0,0
1402,.,PUNCT,12646065887601541794,456580,0,0,0,0
1403,That,DET,4759254855483594167,460380,Esa,PRON,8839463725880303103,460362
1404,'s,AUX,16428057658620181782,460380,es,AUX,10343076919720641053,460362
1405,the,DET,7425985699627899538,460380,la,DET,6804705863737483857,460362
1406,equation,NOUN,4913803591805304302,460380,ecuación,NOUN,16109213992241245357,460362
1407,.,PUNCT,12646065887601541794,460380,.,PUNCT,12646065887601541794,460362
1408,And,CCONJ,12172435438170721471,462660,Y,CONJ,16961793518281001049,462654
1409,if,SCONJ,12446819118446800910,462660,si,SCONJ,13884469947995795204,462654
1410,you,PRON,7624161793554793053,462660,Ud.,PROPN,1404373474500892445,462654
1411,'re,AUX,523464648099722843,462660,está,AUX,4858725201161983290,462654
1412,sitting,VERB,12382101295562943896,462660,sentado,ADJ,12849181526352179790,462654
1413,in,ADP,3002984154512732771,462660,entre,ADP,13518256460832573697,462654
1414,the,DET,7425985699627899538,462660,el,DET,11488171005156075516,462654
1415,audience,NOUN,1887105629196476915,462660,hoy,ADV,13035178216107647832,462654
1416,today,NOUN,11042482332948150395,462660,público,NOUN,10024981358365153720,462654
1417,and,CCONJ,2283656566040971221,465380,y,CONJ,9409450202036847209,465280
1418,you,PRON,7624161793554793053,465380,le,PRON,13361843836202591494,465280
1419,'re,AUX,523464648099722843,465380,no,ADV,13055779130471031426,465280
1420,not,PART,447765159362469301,465380,pagan,VERB,5831161549902091873,465280
1421,being,AUX,3899131925553995529,465380,lo,DET,12507729120330568444,465280
1422,paid,VERB,8131282532884834198,465380,vale,VERB,8419709755603981138,465280
1423,what,PRON,5865838185239622912,465380,que,PRON,11474801393294414462,465280
1424,you,PRON,7624161793554793053,465380,0,0,0,0
1425,'re,AUX,523464648099722843,465380,0,0,0,0
1426,worth,ADJ,12282438651404021516,465380,0,0,0,0
1427,",",PUNCT,2593208677638477497,465380,",",PUNCT,2593208677638477497,465280
1428,I,PRON,4690420944186131903,467860,0,0,0,0
1429,'d,VERB,11195369525898364697,467860,0,0,0,0
1430,like,VERB,18194338103975822726,467860,0,0,0,0
1431,to,PART,3791531372978436496,467860,0,0,0,0
1432,welcome,VERB,13464593006667652248,467860,0,0,0,0
1433,you,PRON,7624161793554793053,467860,0,0,0,0
1434,into,ADP,3278561384161438710,467860,0,0,0,0
1435,this,DET,1995909169258310477,467860,0,0,0,0
1436,equation,NOUN,4913803591805304302,467860,0,0,0,0
1437,.,PUNCT,12646065887601541794,467860,0,0,0,0
1438,what,PRON,5865838185239622912,470420,me,PRON,18197037023634208128,467903
1439,imagine,VERB,11158042576763907092,470420,gustaría,VERB,17422621297144130604,467903
1440,could,VERB,7494117911267222209,470420,darle,VERB,1351545400830782699,467903
1441,Just,ADV,1627781620377393522,470420,la,DET,6804705863737483857,467903
1442,life,NOUN,16477424308483498569,470420,bienvenida,NOUN,12940415856012275073,467903
1443,be,AUX,10382539506755952630,470420,a,ADP,11901859001352538922,467903
1444,like,SCONJ,18194338103975822726,470420,esta,DET,5821559423218928566,467903
1445,0,0,0,0,ecuación,NOUN,16109213992241245357,467903
1446,",",PUNCT,2593208677638477497,470420,.,PUNCT,12646065887601541794,467903
1447,how,ADV,16331095434822636218,472820,0,0,0,0
1448,much,ADV,1935074700818135162,472820,más,ADV,13805553149795463782,472820
1449,more,ADV,2160362229054775535,472820,podríamos,AUX,16177683144410512622,472820
1450,we,PRON,16064069575701507746,472820,cuánto,PRON,16490285227171123793,472820
1451,could,VERB,7494117911267222209,472820,hacer,VERB,17672920047749692400,472820
1452,do,AUX,2158845516055552166,472820,podríamos,AUX,16177683144410512622,472820
1453,",",PUNCT,2593208677638477497,472820,",",PUNCT,2593208677638477497,472820
1454,how,ADV,16331095434822636218,474700,más,ADV,13805553149795463782,472820
1455,much,ADV,1935074700818135162,474700,0,0,0,0
1456,more,ADV,2160362229054775535,474700,0,0,0,0
1457,we,PRON,16064069575701507746,474700,cuánto,PRON,16490285227171123793,472820
1458,could,VERB,7494117911267222209,474700,devolver,VERB,5641196820702079606,472820
1459,give,VERB,11640825575873464194,474700,0,0,0,0
1460,back,ADV,15255859468896132977,474700,0,0,0,0
1461,",",PUNCT,2593208677638477497,474700,",",PUNCT,2593208677638477497,472820
1462,how,ADV,16331095434822636218,476820,0,0,0,0
1463,much,ADV,1935074700818135162,476820,0,0,0,0
1464,more,ADV,2160362229054775535,476820,0,0,0,0
1465,we,PRON,16064069575701507746,476820,0,0,0,0
1466,could,VERB,7494117911267222209,476820,0,0,0,0
1467,plan,VERB,6610255016299222351,476820,0,0,0,0
1468,for,ADP,16037325823156266367,476820,0,0,0,0
1469,the,DET,7425985699627899538,476820,0,0,0,0
1470,future,NOUN,17783898315335276456,476820,0,0,0,0
1471,",",PUNCT,2593208677638477497,476820,0,0,0,0
1472,we,PRON,16064069575701507746,479380,cuánto,PRON,16490285227171123793,476840
1473,how,ADV,16331095434822636218,479380,más,ADV,13805553149795463782,476840
1474,and,CCONJ,2283656566040971221,479380,podríamos,AUX,16177683144410512622,476840
1475,respected,VERB,5993736403604994506,479380,planear,VERB,17762586571948853231,476840
1476,validated,ADJ,7416950091529268497,479380,para,ADP,17491956544424926374,476840
1477,would,VERB,6992604926141104606,479380,el,DET,11488171005156075516,476840
1478,feel,VERB,5741770584995928333,479380,futuro,NOUN,817804706655085151,476840
1479,0,0,0,0,",",PUNCT,2593208677638477497,476840
1480,if,SCONJ,12446819118446800910,482580,si,SCONJ,13884469947995795204,482365
1481,we,PRON,16064069575701507746,482580,0,0,0,0
1482,could,VERB,7494117911267222209,482580,ganar,VERB,17106073330863156284,482365
1483,earn,VERB,6443249459906139446,482580,pudiéramos,VERB,12402385103545868262,482365
1484,our,DET,17577015140245084783,482580,nuestro,DET,6162416962808358642,482365
1485,full,ADJ,6605652555683495965,482580,todo,DET,1039296168925561739,482365
1486,potential,NOUN,15822686403977818401,482580,potencial,NOUN,13184386541584286676,482365
1487,",",PUNCT,2593208677638477497,482580,",",PUNCT,2593208677638477497,482365
1488,No,DET,9692231336188541085,485300,todo,DET,1039296168925561739,485281
1489,one,NOUN,17454115351911680600,485300,valor,NOUN,9131729022788928088,485281
1490,will,VERB,18307573501153647118,485300,descubrir,VERB,10374856595209890950,485281
1491,ever,ADV,6231102377460051108,485300,nuestro,DET,6162416962808358642,485281
1492,pay,VERB,645224182615914541,485300,0,0,0,0
1493,you,PRON,7624161793554793053,485300,0,0,0,0
1494,what,PRON,5865838185239622912,485300,0,0,0,0
1495,you,PRON,7624161793554793053,485300,0,0,0,0
1496,'re,AUX,523464648099722843,485300,0,0,0,0
1497,worth,ADJ,12282438651404021516,485300,0,0,0,0
1498,.,PUNCT,12646065887601541794,485300,.,PUNCT,12646065887601541794,485281
1499,They,PRON,14947529218328092544,491140,le,PRON,13361843836202591494,490950
1500,'ll,VERB,5816706412157836887,491140,pagarán,VERB,5162704057236628058,490950
1501,only,ADV,13398675276606405380,491140,Solo,ADV,8123074002173051279,490950
1502,ever,ADV,6231102377460051108,491140,lo,DET,12507729120330568444,490950
1503,pay,VERB,645224182615914541,491140,piensan,VERB,7328092445825530554,490950
1504,you,PRON,7624161793554793053,491140,que,PRON,11474801393294414462,490950
1505,what,PRON,5865838185239622912,491140,que,SCONJ,11474801393294414462,490950
1506,they,PRON,16875582379069451158,491140,0,0,0,0
1507,think,VERB,16875814820671380748,491140,vale,VERB,8419709755603981138,490950
1508,you,PRON,7624161793554793053,491140,0,0,0,0
1509,'re,AUX,523464648099722843,491140,0,0,0,0
1510,worth,ADJ,12282438651404021516,491140,0,0,0,0
1511,",",PUNCT,2593208677638477497,491140,.,PUNCT,12646065887601541794,490950
1512,and,CCONJ,2283656566040971221,493780,Y,CONJ,16961793518281001049,493730
1513,0,0,0,0,Ud.,PROPN,1404373474500892445,493730
1514,control,VERB,572204754761179701,493780,controla,VERB,6505881124719817415,493730
1515,their,DET,4244585616942201722,493780,lo,DET,12507729120330568444,493730
1516,you,PRON,7624161793554793053,493780,que,PRON,11474801393294414462,493730
1517,thinking,NOUN,10346293177613240481,493780,piensan,VERB,7328092445825530554,493730
1518,.,PUNCT,12646065887601541794,493780,.,PUNCT,12646065887601541794,493730
1519,Thank,VERB,11061341230758823191,496060,0,0,0,0
1520,you,PRON,7624161793554793053,496060,Aplausos,PROPN,5625793903345412492,497330
1521,.,PUNCT,12646065887601541794,496060,(,PUNCT,12638816674900267446,497330
1522,(,PUNCT,12638816674900267446,497460,.,PUNCT,12646065887601541794,496060
1523,Applause,NOUN,8922310725892301193,497460,Gracias,NOUN,13343105967155848449,496060
1524,),PUNCT,3842344029291005339,497460,),PUNCT,3842344029291005339,497330
