,0,1,2,3,4,5,6,7
0,I,PRON,4690420944186131903,16837,Je,PRON,2628248770713310789,16837
1,'d,VERB,11195369525898364697,16837,voudrais,AUX,4279841427153709728,16837
2,like,VERB,18194338103975822726,16837,partager,VERB,8765261129119767485,16837
3,to,PART,3791531372978436496,16837,0,0,0,0
4,share,VERB,8233640825368986631,16837,0,0,0,0
5,with,ADP,12510949447758279278,16837,avec,ADP,18367549186037839347,16837
6,you,PRON,7624161793554793053,16837,vous,PRON,6151699640482831038,16837
7,the,DET,7425985699627899538,18833,l',DET,11055277117081255759,18833
8,story,NOUN,5345497848075657444,18833,histoire,NOUN,1317516511664725747,18833
9,of,ADP,886050111519832510,18833,d',ADP,18329478872494918915,18833
10,one,NUM,17454115351911680600,18833,une,PRON,16752500866415647,18833
11,of,ADP,886050111519832510,18833,de,ADP,11144093025662894627,18833
12,my,DET,227504873216781231,18833,mes,DET,11263725817377229159,18833
13,patients,NOUN,9411398066792923322,18833,patientes,NOUN,5423285932476318505,18833
14,called,VERB,3125235652374451650,18833,:,PUNCT,11532473245541075862,18833
15,Celine,PROPN,14470097297115573216,18833,Céline,NOUN,9345060135594826758,18833
16,.,PUNCT,12646065887601541794,18833,.,PUNCT,12646065887601541794,18833
17,Celine,NOUN,14470097297115573216,22670,C&line,NOUN,3484440069412082078,22670
18,is,AUX,3411606890003347522,22670,est,AUX,14619786160612475726,22670
19,a,DET,11901859001352538922,22670,mère,VERB,1745104184344853739,22670
20,0,0,0,0,au,X,11216685815786043991,22670
21,lives,VERB,11245784847398743405,22670,foyer,VERB,13251057438812291252,22670
22,and,CCONJ,2283656566040971221,22670,et,CCONJ,13620178847145827813,22670
23,housewife,NOUN,16738221341296673702,22670,vie,NOUN,1847880880418315348,22670
24,in,ADP,3002984154512732771,22670,dans,ADP,6959196919681770914,22670
25,a,DET,11901859001352538922,22670,une,DET,16752500866415647,22670
26,district,NOUN,13084401038175140655,22670,zone,NOUN,13382239391501194836,22670
27,rural,ADJ,132814216812512435,22670,rurale,ADJ,16460724187406600552,22670
28,0,0,0,0,du,DET,17166863280368009634,25823
29,Cameroon,PROPN,519655553950877700,25823,Cameroun,NOUN,8842946548538862015,25823
30,in,ADP,3002984154512732771,25823,à,ADP,1840659177240090782,25823
31,Central,PROPN,2326625430448217935,25823,l',DET,11055277117081255759,25823
32,.,PUNCT,12646065887601541794,25823,ouest,NOUN,6120091913059745103,25823
33,of,ADP,886050111519832510,25823,de,ADP,11144093025662894627,25823
34,Africa,PROPN,14216530883836791987,25823,Afrique,PROPN,12240427746564662082,25823
35,west,ADJ,604795421259768958,25823,centrale,ADJ,15315677438176479506,25823
36,years,NOUN,9492612516460955585,28895,Il,PRON,4524258024941853120,28895
37,at,ADP,11667289587015813222,28895,y,PRON,9409450202036847209,28895
38,ago,ADV,18432988265768819336,28895,a,VERB,11901859001352538922,28895
39,Six,NUM,16151757876632491049,28895,6,NUM,10999827425508017904,28895
40,time,NOUN,8885804376230376864,28895,ans,NOUN,4232654337548179339,28895
41,",",PUNCT,2593208677638477497,28895,",",PUNCT,2593208677638477497,28895
42,the,DET,7425985699627899538,28895,quand,SCONJ,2456370392436531967,28895
43,of,ADP,886050111519832510,28895,elle,PRON,9260199389753928846,28895
44,her,DET,4115755726172261197,28895,a,AUX,11901859001352538922,28895
45,HIV,PROPN,17506446039830019050,28895,été,AUX,416107850921971791,28895
46,diagnosis,NOUN,12883373482306788754,28895,diagnostiquée,VERB,7688204346363323600,28895
47,0,0,0,0,séropositive,ADJ,8026658104559386920,28895
48,",",PUNCT,2593208677638477497,28895,",",PUNCT,2593208677638477497,28895
49,she,PRON,6740321247510922449,32582,elle,PRON,9260199389753928846,32582
50,was,AUX,9921686513378912864,32582,a,AUX,11901859001352538922,32582
51,0,0,0,0,été,AUX,416107850921971791,32582
52,recruited,VERB,15012634865755912991,32582,recrutée,VERB,6038323869981375558,32582
53,to,PART,3791531372978436496,32582,pour,ADP,4302925298007755726,32582
54,participate,VERB,4176336786957309062,32582,participer,VERB,2073413081965559201,32582
55,in,ADP,3002984154512732771,32582,à,ADP,1840659177240090782,32582
56,the,DET,7425985699627899538,32582,des,DET,6923696665978021163,32582
57,trial,NOUN,17825847762981951240,32582,essais,NOUN,6341535086408066800,32582
58,clinical,ADJ,2114572871053212045,32582,cliniques,ADJ,16958084855436719063,32582
59,which,DET,7063653163634019529,35583,qui,PRON,18025162834834030610,35583
60,was,AUX,9921686513378912864,35583,se,PRON,9839690450034771972,35583
61,running,VERB,12212083579121184944,35583,déroulaient,VERB,8970642797002745699,35583
62,in,ADP,3002984154512732771,35583,dans,ADP,6959196919681770914,35583
63,her,DET,4115755726172261197,35583,son,DET,2555790282192608669,35583
64,health,NOUN,9743534323633052289,35583,district,NOUN,13084401038175140655,35583
65,district,NOUN,13084401038175140655,35583,sanitaire,ADJ,11889567584181401326,35583
66,at,ADP,11667289587015813222,35583,à,ADP,1840659177240090782,35583
67,the,DET,7425985699627899538,35583,l',DET,11055277117081255759,35583
68,time,NOUN,8885804376230376864,35583,époque,NOUN,18076015608170148627,35583
69,.,PUNCT,12646065887601541794,35583,.,PUNCT,12646065887601541794,35583
70,When,ADV,10109588199364727116,38654,La,DET,6239908149323985340,38654
71,little,ADJ,9778055143417507723,38654,première,ADJ,17888992579011702209,38654
72,first,ADV,11860158879560853892,38654,fois,NOUN,25389435430533786,38654
73,I,PRON,4690420944186131903,38654,que,PRON,11474801393294414462,38654
74,Celine,PROPN,14470097297115573216,38654,j',PRON,7275302914444174311,38654
75,a,DET,11901859001352538922,38654,ai,AUX,4489555979637837711,38654
76,met,VERB,14332210279624491740,38654,rencontré,VERB,7415650924513679066,38654
77,year,NOUN,14889849580704678361,38654,Céline,NOUN,9345060135594826758,38654
78,",",PUNCT,2593208677638477497,38654,",",PUNCT,2593208677638477497,38654
79,0,0,0,0,il,PRON,8081183868394845856,38654
80,0,0,0,0,y,PRON,9409450202036847209,38654
81,0,0,0,0,a,VERB,11901859001352538922,38654
82,a,DET,11901859001352538922,38654,un,DET,12188161997964598936,38654
83,ago,ADV,18432988265768819336,38654,peu,ADV,8637690577923243362,38654
84,0,0,0,0,plus,ADV,2123754640991541914,38654
85,over,ADP,5456543204961066030,38654,d',ADP,18329478872494918915,38654
86,0,0,0,0,un,DET,12188161997964598936,38654
87,0,0,0,0,an,NOUN,15099054000809333061,38654
88,",",PUNCT,2593208677638477497,38654,",",PUNCT,2593208677638477497,38654
89,she,PRON,6740321247510922449,42358,elle,PRON,9260199389753928846,42358
90,had,AUX,12960022596163002503,42358,avait,AUX,13530271013657210905,42358
91,gone,VERB,4291772615796638197,42358,passé,VERB,12562688244803323830,42358
92,for,ADP,16037325823156266367,42358,0,0,0,0
93,18,NUM,3049302120552557844,42358,18,NUM,3049302120552557844,42358
94,months,NOUN,11199438407386692767,42358,mois,NOUN,17316059834606091534,42358
95,without,ADP,4711265942760212190,44042,sans,ADP,9657006580796694207,44042
96,any,DET,13148361048351484388,44042,aucun,DET,12324126461516503768,44042
97,antiretroviral,ADJ,2449697763350996220,44042,antirétroviral,ADJ,386632858921210550,44042
98,therapy,NOUN,15538746684792019534,44042,traitement,NOUN,17315432999375353101,44042
99,",",PUNCT,2593208677638477497,44042,",",PUNCT,2593208677638477497,44042
100,and,CCONJ,2283656566040971221,46329,et,CCONJ,13620178847145827813,46329
101,she,PRON,6740321247510922449,46329,elle,PRON,9260199389753928846,46329
102,was,AUX,9921686513378912864,46329,était,AUX,9706033412567555684,46329
103,very,ADV,9548244504980166557,46329,très,ADV,5241201599711993136,46329
104,ill,ADJ,10522273805588696859,46329,malade,ADJ,18417589759868529307,46329
105,.,PUNCT,12646065887601541794,46329,.,PUNCT,12646065887601541794,46329
106,She,PRON,5252949303365547547,49066,Elle,PRON,12225682826792831341,49066
107,me,PRON,18197037023634208128,49066,m',PRON,9871122146191930138,49066
108,0,0,0,0,a,AUX,11901859001352538922,49066
109,told,VERB,1245643389253732868,49066,dit,VERB,17081335077687568740,49066
110,that,SCONJ,4380130941430378203,49066,qu',SCONJ,13574260379477198189,49066
111,she,PRON,6740321247510922449,49066,elle,PRON,9260199389753928846,49066
112,0,0,0,0,avait,AUX,13530271013657210905,49066
113,coming,VERB,17483048438088526599,49066,arrêté,VERB,17964091609808723577,49066
114,to,ADP,3791531372978436496,49066,de,ADP,11144093025662894627,49066
115,stopped,VERB,214600132313568644,49066,venir,VERB,11436627399126521484,49066
116,0,0,0,0,à,ADP,1840659177240090782,49066
117,the,DET,7425985699627899538,49066,la,DET,6804705863737483857,49066
118,clinic,NOUN,17166385598464921498,49066,clinique,NOUN,7328475835860795575,49066
119,when,ADV,15807309897752499399,51464,depuis,ADP,8583993174102219320,51464
120,the,DET,7425985699627899538,51464,la,DET,6804705863737483857,51464
121,trial,NOUN,17825847762981951240,51464,fin,NOUN,12721762991029016641,51464
122,ended,VERB,15514233349186999473,51464,des,DET,6923696665978021163,51464
123,0,0,0,0,essais,NOUN,6341535086408066800,51464
124,because,SCONJ,16950148841647037698,53015,parce,SCONJ,3029210411987363175,53015
125,had,AUX,12960022596163002503,53015,qu',SCONJ,13574260379477198189,53015
126,she,PRON,6740321247510922449,53015,elle,PRON,9260199389753928846,53015
127,0,0,0,0,n',ADV,6790753473526118935,53015
128,money,NOUN,14917444839815175757,53015,avait,VERB,13530271013657210905,53015
129,0,0,0,0,pas,ADV,162626740300448766,53015
130,the,DET,7425985699627899538,53015,les,DET,5902437463952755554,53015
131,bus,NOUN,15155854979279043342,53015,moyens,NOUN,6216946889824675162,53015
132,for,ADP,16037325823156266367,53015,de,ADP,11144093025662894627,53015
133,0,0,0,0,payer,VERB,6698970454928280498,53015
134,no,DET,13055779130471031426,53015,le,DET,13361843836202591494,53015
135,fare,NOUN,13078792641662941945,53015,ticket,NOUN,15863588404275575787,53015
136,0,0,0,0,de,ADP,11144093025662894627,53015
137,0,0,0,0,bus,NOUN,15155854979279043342,53015
138,and,CCONJ,2283656566040971221,55726,et,CCONJ,13620178847145827813,55726
139,0,0,0,0,qu',SCONJ,13574260379477198189,55726
140,to,PART,3791531372978436496,55726,elle,PRON,9260199389753928846,55726
141,was,AUX,9921686513378912864,55726,était,AUX,9706033412567555684,55726
142,too,ADV,12286903790479710773,55726,trop,ADV,14543024876703554092,55726
143,ill,ADJ,10522273805588696859,55726,malade,ADJ,18417589759868529307,55726
144,0,0,0,0,pour,ADP,4302925298007755726,55726
145,walk,VERB,1674876016505392235,55726,faire,VERB,3866958562204505264,55726
146,0,0,0,0,à,ADP,1840659177240090782,55726
147,distance,NOUN,2136676006725676517,55726,pied,NOUN,12342042867179441937,55726
148,the,DET,7425985699627899538,55726,les,DET,5902437463952755554,55726
149,35-kilometer,NUM,7329796055521153091,55726,35,NUM,2129047679670916745,55726
150,0,0,0,0,km,NOUN,378805508655178951,55726
151,0,0,0,0,nécessaires,ADJ,2789240237731070526,55726
152,.,PUNCT,12646065887601541794,55726,.,PUNCT,12646065887601541794,55726
153,Now,ADV,13923566239961886281,59454,0,0,0,0
154,during,ADP,16172899360071598086,59454,Pendant,ADP,4050031323557468123,59454
155,the,DET,7425985699627899538,59454,les,DET,5902437463952755554,59454
156,clinical,ADJ,2114572871053212045,59454,cliniques,ADJ,16958084855436719063,59454
157,trial,NOUN,17825847762981951240,59454,essais,NOUN,6341535086408066800,59454
158,",",PUNCT,2593208677638477497,59454,",",PUNCT,2593208677638477497,59454
159,she,PRON,6740321247510922449,61198,on,PRON,5640369432778651323,61198
160,'d,VERB,11195369525898364697,61198,lui,PRON,18433398419770100958,61198
161,been,AUX,12517269084653561647,61198,avait,AUX,13530271013657210905,61198
162,given,VERB,15718315682364332688,61198,donné,VERB,5566041238710707615,61198
163,all,DET,13409319323822384369,61198,le,DET,13361843836202591494,61198
164,her,DET,4115755726172261197,61198,0,0,0,0
165,antiretroviral,ADJ,2449697763350996220,61198,antirétroviral,ADJ,386632858921210550,61198
166,drugs,NOUN,4414034037522705453,61198,traitement,NOUN,17315432999375353101,61198
167,free,ADJ,17712913731469760764,61198,gratuitement,PROPN,6562408485769358651,61198
168,of,ADP,886050111519832510,61198,0,0,0,0
169,charge,NOUN,16743499924604303818,61198,0,0,0,0
170,",",PUNCT,2593208677638477497,61198,",",PUNCT,2593208677638477497,61198
171,and,CCONJ,2283656566040971221,65583,et,CCONJ,13620178847145827813,65583
172,her,DET,4115755726172261197,65583,ses,DET,1588056499098558155,65583
173,transportation,NOUN,15418757384268527447,65583,frais,NOUN,10937351927458927841,65583
174,0,0,0,0,de,ADP,11144093025662894627,65583
175,costs,NOUN,2772908615185555060,65583,transports,NOUN,16586839644365485762,65583
176,had,AUX,12960022596163002503,67614,étaient,AUX,11819722117786961778,67614
177,covered,VERB,4324263136523083561,67614,couverts,VERB,5996687988388583787,67614
178,by,ADP,16764210730586636600,67614,par,ADP,11560817535472117264,67614
179,been,AUX,12517269084653561647,67614,les,DET,5902437463952755554,67614
180,research,NOUN,4129690550177407157,67614,financements,NOUN,6011574451854601605,67614
181,the,DET,7425985699627899538,67614,du,DET,17166863280368009634,67614
182,funds,NOUN,4050838395382176112,67614,projet,NOUN,11612456268119971240,67614
183,0,0,0,0,de,ADP,11144093025662894627,67614
184,0,0,0,0,recherche,NOUN,8806048816990155829,67614
185,.,PUNCT,12646065887601541794,67614,.,PUNCT,12646065887601541794,67614
186,All,DET,3199372179527662625,70221,Tous,ADJ,512893539203435327,70221
187,0,0,0,0,ça,PRON,6716136869789229852,70221
188,once,SCONJ,18381768081115421630,70221,s',PRON,13057294305572976255,70221
189,was,AUX,9921686513378912864,70221,est,AUX,14619786160612475726,70221
190,ended,VERB,15514233349186999473,70221,arrêté,VERB,17964091609808723577,70221
191,of,ADP,886050111519832510,70221,à,ADP,1840659177240090782,70221
192,the,DET,7425985699627899538,70221,la,DET,6804705863737483857,70221
193,trial,NOUN,17825847762981951240,70221,fin,NOUN,12721762991029016641,70221
194,these,DET,6459564349623679250,70221,des,DET,6923696665978021163,70221
195,completed,VERB,6902582109160719430,70221,essais,NOUN,6341535086408066800,70221
196,",",PUNCT,2593208677638477497,70221,",",PUNCT,2593208677638477497,70221
197,leaving,VERB,2383841674852641854,73575,laissant,VERB,15800945073321876473,73575
198,Celine,PROPN,14470097297115573216,73575,ne,ADV,6065859282030310819,73575
199,with,ADP,12510949447758279278,73575,à,ADP,1840659177240090782,73575
200,no,DET,13055779130471031426,73575,aucune,DET,16221081690077053839,73575
201,alternatives,NOUN,7152298557042728611,73575,Céline,NOUN,9345060135594826758,73575
202,.,PUNCT,12646065887601541794,73575,alternative,NOUN,17024108707146051813,73575
203,She,PRON,5252949303365547547,76567,Elle,PRON,12225682826792831341,76567
204,was,AUX,9921686513378912864,76567,était,AUX,9706033412567555684,76567
205,unable,ADJ,5479078682019508,76567,incapable,ADJ,15616650080843423049,76567
206,to,PART,3791531372978436496,76567,0,0,0,0
207,tell,VERB,63172552626595070,76567,dire,VERB,14258168727630584276,76567
208,me,PRON,18197037023634208128,76567,me,PRON,18197037023634208128,76567
209,the,DET,7425985699627899538,76567,les,DET,5902437463952755554,76567
210,names,NOUN,10418055189834494426,76567,noms,NOUN,4885452656677663535,76567
211,of,ADP,886050111519832510,76567,de,ADP,11144093025662894627,76567
212,the,DET,7425985699627899538,76567,des,DET,6923696665978021163,76567
213,drugs,NOUN,4414034037522705453,76567,médicaments,NOUN,12210213590819559669,76567
214,0,0,0,0,qu',SCONJ,13574260379477198189,79243
215,she,PRON,6740321247510922449,79243,elle,PRON,9260199389753928846,79243
216,'d,VERB,11195369525898364697,79243,avait,AUX,13530271013657210905,79243
217,received,VERB,8054871301319024843,79243,reçus,VERB,11423554229674519853,79243
218,during,ADP,16172899360071598086,79243,pendant,ADP,678496858239509109,79243
219,the,DET,7425985699627899538,79243,les,DET,5902437463952755554,79243
220,trial,NOUN,17825847762981951240,79243,essais,NOUN,6341535086408066800,79243
221,",",PUNCT,2593208677638477497,79243,",",PUNCT,2593208677638477497,79243
222,or,CCONJ,3740602843040177340,81270,ni,CCONJ,13213308835019175813,81270
223,even,ADV,17339226045912991082,81270,même,ADV,1130429708572951360,81270
224,what,PRON,5865838185239622912,81270,quel,ADJ,7522534266403931311,81270
225,had,AUX,12960022596163002503,81270,était,AUX,9706033412567555684,81270
226,the,DET,7425985699627899538,81270,le,DET,13361843836202591494,81270
227,trial,NOUN,17825847762981951240,81270,sujet,NOUN,16509512374981535802,81270
228,about,ADP,942632335873952620,81270,de,ADP,11144093025662894627,81270
229,been,AUX,12517269084653561647,81270,l',DET,11055277117081255759,81270
230,0,0,0,0,essai,NOUN,7938939179498311145,81270
231,.,PUNCT,12646065887601541794,81270,.,PUNCT,12646065887601541794,81270
232,I,PRON,4690420944186131903,84027,Je,PRON,2628248770713310789,84027
233,n't,PART,2043519015752540944,84027,n',ADV,6790753473526118935,84027
234,did,AUX,13583488448875926965,84027,ai,AUX,4489555979637837711,84027
235,her,PRON,4115755726172261197,84027,même,ADV,1130429708572951360,84027
236,to,PART,3791531372978436496,84027,pas,ADV,162626740300448766,84027
237,ask,VERB,203487227105936704,84027,pris,VERB,1087397833460969066,84027
238,the,DET,7425985699627899538,84027,la,DET,6804705863737483857,84027
239,results,NOUN,14589115831107487419,84027,peine,NOUN,4956064177392366820,84027
240,of,ADP,886050111519832510,84027,de,ADP,11144093025662894627,84027
241,what,PRON,5865838185239622912,84027,lui,PRON,18433398419770100958,84027
242,bother,VERB,18427864865890715081,84027,demander,VERB,1687404580159575482,84027
243,0,0,0,0,quels,ADJ,8898232924832161,84027
244,0,0,0,0,avaient,AUX,3163488656981493304,84027
245,were,AUX,9570894245975188254,84027,été,AUX,416107850921971791,84027
246,the,DET,7425985699627899538,84027,les,DET,5902437463952755554,84027
247,trial,NOUN,17825847762981951240,84027,résultats,NOUN,2664753611814902125,84027
248,0,0,0,0,des,DET,6923696665978021163,84027
249,0,0,0,0,essais,NOUN,6341535086408066800,84027
250,because,SCONJ,16950148841647037698,87576,parce,SCONJ,3029210411987363175,87576
251,it,PRON,10239237003504588839,87576,il,PRON,8081183868394845856,87576
252,seemed,VERB,12172617334749072916,87576,qu',SCONJ,13574260379477198189,87576
253,obvious,ADJ,7743306943433510820,87576,évident,ADJ,3762534991787719172,87576
254,to,ADP,3791531372978436496,87576,n',ADV,6790753473526118935,87576
255,me,PRON,18197037023634208128,87576,elle,PRON,9260199389753928846,87576
256,that,SCONJ,4380130941430378203,87576,qu',SCONJ,13574260379477198189,87576
257,she,PRON,6740321247510922449,87576,en,PRON,14626626061804382878,87576
258,would,VERB,6992604926141104606,87576,avait,VERB,13530271013657210905,87576
259,have,AUX,14692702688101715474,87576,était,AUX,9706033412567555684,87576
260,no,DET,13055779130471031426,87576,aucune,DET,16221081690077053839,87576
261,clue,NOUN,682173560715366168,87576,idée,NOUN,10850411686038042622,87576
262,.,PUNCT,12646065887601541794,87576,.,PUNCT,12646065887601541794,87576
263,Yet,CCONJ,10150578945572349518,91983,Pourtant,ADV,4141952396398309531,91983
264,0,0,0,0,",",PUNCT,2593208677638477497,91983
265,what,PRON,5865838185239622912,91983,ce,PRON,5293259605002647980,91983
266,me,PRON,18197037023634208128,91983,qui,PRON,18025162834834030610,91983
267,0,0,0,0,m',PRON,9871122146191930138,91983
268,puzzled,VERB,14663058422575924688,91983,intriguait,VERB,7861619116188024823,91983
269,0,0,0,0,le,DET,13361843836202591494,91983
270,most,ADV,11104729984170784471,91983,plus,ADV,2123754640991541914,91983
271,her,PRON,4115755726172261197,94252,c',PRON,3614287697118523228,94252
272,was,AUX,9921686513378912864,94252,était,AUX,9706033412567555684,94252
273,Celine,PROPN,14470097297115573216,94252,que,SCONJ,11474801393294414462,94252
274,0,0,0,0,Céline,NOUN,9345060135594826758,94252
275,had,AUX,12960022596163002503,94252,ait,AUX,12604581822445695189,94252
276,given,VERB,15718315682364332688,94252,donné,VERB,5566041238710707615,94252
277,informed,ADJ,2537872997886871862,94252,son,DET,2555790282192608669,94252
278,consent,NOUN,8502122544330676507,94252,consentement,NOUN,2236396829064322519,94252
279,to,PART,3791531372978436496,97359,pour,ADP,4302925298007755726,97359
280,be,AUX,10382539506755952630,97359,participer,VERB,2073413081965559201,97359
281,of,ADP,886050111519832510,97359,à,ADP,1840659177240090782,97359
282,a,DET,11901859001352538922,97359,cet,DET,14689647049407980185,97359
283,part,NOUN,4485934323942657167,97359,essai,NOUN,7938939179498311145,97359
284,this,DET,1995909169258310477,97359,bien,ADV,8265441118321635764,97359
285,trial,NOUN,17825847762981951240,97359,qu',SCONJ,13574260379477198189,97359
286,",",PUNCT,2593208677638477497,97359,il,PRON,8081183868394845856,97359
287,did,AUX,13583488448875926965,97359,était,AUX,9706033412567555684,97359
288,yet,CCONJ,3642769012341782148,97359,évident,ADJ,3762534991787719172,97359
289,0,0,0,0,qu',SCONJ,13574260379477198189,97359
290,she,PRON,6740321247510922449,97359,elle,PRON,9260199389753928846,97359
291,clearly,ADV,14707466519059640334,97359,ne,ADV,6065859282030310819,97359
292,understand,VERB,2256871070683278179,97359,comprenait,VERB,12854970621892410934,97359
293,not,PART,447765159362469301,97359,pas,ADV,162626740300448766,97359
294,the,DET,7425985699627899538,101191,ce,PRON,5293259605002647980,101191
295,implications,NOUN,6151292494214257835,101191,que,PRON,11474801393294414462,101191
296,of,ADP,886050111519832510,101191,0,0,0,0
297,being,AUX,3899131925553995529,101191,impliquait,VERB,8956986934702179310,101191
298,a,DET,11901859001352538922,101191,sa,DET,397185324164439704,101191
299,participant,NOUN,3315915883792884868,101191,participation,NOUN,18150166591859933778,101191
300,or,CCONJ,3740602843040177340,103661,ni,CCONJ,13213308835019175813,103661
301,what,PRON,5865838185239622912,103661,ce,PRON,5293259605002647980,103661
302,would,VERB,6992604926141104606,103661,qui,PRON,18025162834834030610,103661
303,happen,VERB,193386613490856276,103661,passerait,VERB,12870861699626624973,103661
304,to,ADP,3791531372978436496,103661,une,DET,16752500866415647,103661
305,her,PRON,4115755726172261197,103661,se,PRON,9839690450034771972,103661
306,once,SCONJ,18381768081115421630,103661,que,SCONJ,11474801393294414462,103661
307,the,DET,7425985699627899538,103661,les,DET,5902437463952755554,103661
308,trial,NOUN,17825847762981951240,103661,fois,NOUN,25389435430533786,103661
309,had,AUX,12960022596163002503,103661,essais,NOUN,6341535086408066800,103661
310,been,AUX,12517269084653561647,103661,seraient,AUX,16583424210248572494,103661
311,completed,VERB,6902582109160719430,103661,terminés,VERB,6758092531006302298,103661
312,.,PUNCT,12646065887601541794,103661,.,PUNCT,12646065887601541794,103661
313,Now,ADV,13923566239961886281,108070,Si,SCONJ,17232677785023700288,108070
314,",",PUNCT,2593208677638477497,108070,0,0,0,0
315,I,PRON,4690420944186131903,108070,je,PRON,8612506203511071854,108070
316,have,AUX,14692702688101715474,108070,avec,ADP,18367549186037839347,108070
317,shared,VERB,4361563519079368632,108070,partage,VERB,18228874275361298579,108070
318,this,DET,1995909169258310477,108070,cette,DET,13014437646612957149,108070
319,story,NOUN,5345497848075657444,108070,histoire,NOUN,1317516511664725747,108070
320,with,ADP,12510949447758279278,108070,comme,ADP,6699011506843298584,108070
321,you,PRON,7624161793554793053,108070,vous,PRON,6151699640482831038,108070
322,as,SCONJ,7437575085468336610,108070,0,0,0,0
323,an,DET,15099054000809333061,108070,un,DET,12188161997964598936,108070
324,example,NOUN,899618643364689362,108070,exemple,NOUN,6085141703336254892,108070
325,of,ADP,886050111519832510,111465,de,ADP,11144093025662894627,111465
326,what,PRON,5865838185239622912,111465,ce,PRON,5293259605002647980,111465
327,can,VERB,6635067063807956629,111465,qui,PRON,18025162834834030610,111465
328,happen,VERB,193386613490856276,111465,arrive,VERB,15357328220926964755,111465
329,to,ADP,3791531372978436496,111465,aux,ADJ,405,111465
330,participants,NOUN,688720313650701041,111465,participants,NOUN,688720313650701041,111465
331,in,ADP,3002984154512732771,111465,d',ADP,18329478872494918915,111465
332,the,DET,7425985699627899538,111465,un,DET,12188161997964598936,111465
333,clinical,ADJ,2114572871053212045,111465,clinique,ADJ,7328475835860795575,111465
334,trial,NOUN,17825847762981951240,111465,essai,NOUN,7938939179498311145,111465
335,0,0,0,0,lorsqu',SCONJ,14291511952930789757,114394
336,it,PRON,10239237003504588839,114394,il,PRON,8081183868394845856,114394
337,when,ADV,15807309897752499399,114394,n',ADV,6790753473526118935,114394
338,is,AUX,3411606890003347522,114394,est,AUX,14619786160612475726,114394
339,poorly,ADV,5170545882746339110,114394,pas,ADV,162626740300448766,114394
340,conducted,VERB,13464636772350774058,114394,mené,VERB,16804704078674485038,114394
341,0,0,0,0,correctement,ADV,2269269606970642567,114394
342,.,PUNCT,12646065887601541794,114394,.,PUNCT,12646065887601541794,114394
343,this,DET,1995909169258310477,116853,Cet,DET,11156752108865011802,116853
344,trial,NOUN,17825847762981951240,116853,essai,NOUN,7938939179498311145,116853
345,particular,ADJ,15677032745291991228,116853,particulier,ADJ,1956904709721095607,116853
346,Maybe,ADV,2411557000688341021,116853,a,AUX,11901859001352538922,116853
347,0,0,0,0,peut,AUX,18189483339446925138,116853
348,.,PUNCT,12646065887601541794,116853,-,PUNCT,9153284864653046197,116853
349,0,0,0,0,être,AUX,198149567613473063,116853
350,yielded,VERB,1935014476425811924,116853,donné,VERB,5566041238710707615,116853
351,0,0,0,0,des,DET,6923696665978021163,116853
352,results,NOUN,14589115831107487419,116853,résultats,NOUN,2664753611814902125,116853
353,exciting,ADJ,3354655898455221663,116853,enthousiasmants,ADJ,2031974065524599471,116853
354,0,0,0,0,..,PUNCT,8848021949395737739,116853
355,it,PRON,10239237003504588839,120718,Il,PRON,4524258024941853120,120718
356,Maybe,ADV,2411557000688341021,120718,a,AUX,11901859001352538922,120718
357,even,ADV,17339226045912991082,120718,peut,AUX,18189483339446925138,120718
358,-,PUNCT,9153284864653046197,120718,-,PUNCT,9153284864653046197,120718
359,got,VERB,12579384389446384672,120718,être,AUX,198149567613473063,120718
360,0,0,0,0,été,AUX,416107850921971791,120718
361,published,VERB,6032455370920491303,120718,publié,VERB,7560625900287101035,120718
362,in,ADP,3002984154512732771,120718,dans,ADP,6959196919681770914,120718
363,a,DET,11901859001352538922,120718,des,DET,6923696665978021163,120718
364,profile,NOUN,5054459765280675977,120718,revues,NOUN,14704876335952278789,120718
365,scientific,ADJ,12096978277017718205,120718,scientifiques,ADJ,17358741668553887671,120718
366,journal,NOUN,11272410901002936602,120718,très,ADV,5241201599711993136,120718
367,high,ADJ,8587113882175654237,120718,pointues,ADJ,4746387438658691387,120718
368,.,PUNCT,12646065887601541794,120718,.,PUNCT,12646065887601541794,120718
369,it,PRON,10239237003504588839,124407,Il,PRON,4524258024941853120,124407
370,Maybe,ADV,2411557000688341021,124407,a,AUX,11901859001352538922,124407
371,0,0,0,0,peut,AUX,18189483339446925138,124407
372,0,0,0,0,-,PUNCT,9153284864653046197,124407
373,clinicians,NOUN,7975899724068751377,124407,être,AUX,198149567613473063,124407
374,inform,VERB,4201870561030741218,124407,permis,VERB,1805210032172995900,124407
375,around,ADP,3194226484742107227,124407,d',ADP,18329478872494918915,124407
376,would,VERB,6992604926141104606,124407,informer,VERB,9175184139710561087,124407
377,the,DET,7425985699627899538,124407,les,DET,5902437463952755554,124407
378,world,NOUN,1703489418272052182,124407,médecins,NOUN,2907997460312641255,124407
379,0,0,0,0,dans,ADP,6959196919681770914,124407
380,0,0,0,0,le,DET,13361843836202591494,124407
381,0,0,0,0,monde,NOUN,6271367927324676804,124407
382,0,0,0,0,entier,ADJ,11234162671255762105,124407
383,on,ADP,5640369432778651323,127214,sur,ADP,14175982410302701706,127214
384,how,ADV,16331095434822636218,127214,la,DET,6804705863737483857,127214
385,to,PART,3791531372978436496,127214,manière,NOUN,14429809162322607943,127214
386,improve,VERB,4687493659934148016,127214,améliorer,VERB,17071925172859633134,127214
387,on,ADP,5640369432778651323,127214,d',ADP,18329478872494918915,127214
388,the,DET,7425985699627899538,127214,la,DET,6804705863737483857,127214
389,clinical,ADJ,2114572871053212045,127214,clinique,ADJ,7328475835860795575,127214
390,management,NOUN,1454996307668600469,127214,gestion,NOUN,6462592632648740637,127214
391,of,ADP,886050111519832510,127214,des,DET,6923696665978021163,127214
392,HIV,PROPN,17506446039830019050,127214,séropositifs,ADJ,11819386343361527581,127214
393,patients,NOUN,9411398066792923322,127214,patients,NOUN,9411398066792923322,127214
394,.,PUNCT,12646065887601541794,127214,.,PUNCT,12646065887601541794,127214
395,But,CCONJ,18004243461113809161,132749,Mais,CCONJ,3985832202445185970,132749
396,it,PRON,10239237003504588839,132749,il,PRON,8081183868394845856,132749
397,would,VERB,6992604926141104606,132749,l',PRON,11055277117081255759,132749
398,have,AUX,14692702688101715474,132749,aura,AUX,6626371029102187881,132749
399,done,VERB,14395066107632849789,132749,au,VERB,11216685815786043991,132749
400,so,ADV,9781598966686434415,132749,été,AUX,416107850921971791,132749
401,at,ADP,11667289587015813222,132749,0,0,0,0
402,a,DET,11901859001352538922,132749,0,0,0,0
403,price,NOUN,10375657863284908246,132749,prix,NOUN,3390137631914323550,132749
404,to,ADP,3791531372978436496,135535,de,ADP,11144093025662894627,135535
405,hundreds,NOUN,13354359924547950576,135535,centaines,NOUN,1506754054917523627,135535
406,of,ADP,886050111519832510,135535,de,ADP,11144093025662894627,135535
407,patients,NOUN,9411398066792923322,135535,patients,NOUN,9411398066792923322,135535
408,who,PRON,3876862883474502309,135535,qui,PRON,18025162834834030610,135535
409,",",PUNCT,2593208677638477497,135535,",",PUNCT,2593208677638477497,135535
410,like,SCONJ,18194338103975822726,135535,comme,SCONJ,6699011506843298584,135535
411,Celine,PROPN,14470097297115573216,135535,Céline,NOUN,9345060135594826758,135535
412,",",PUNCT,2593208677638477497,135535,",",PUNCT,2593208677638477497,135535
413,were,AUX,9570894245975188254,138482,ont,AUX,4980175405888007940,138482
414,0,0,0,0,été,AUX,416107850921971791,138482
415,left,VERB,4003250512168697582,138482,livrés,VERB,17114998546320812640,138482
416,to,ADP,3791531372978436496,138482,à,ADP,1840659177240090782,138482
417,their,DET,4244585616942201722,138482,eux,PRON,18387682471356816887,138482
418,devices,NOUN,9147593335824553955,138482,-,PUNCT,9153284864653046197,138482
419,own,ADJ,2646123857127441627,138482,mêmes,ADJ,17130095393320870608,138482
420,once,SCONJ,18381768081115421630,140726,une,DET,16752500866415647,140726
421,the,DET,7425985699627899538,140726,les,DET,5902437463952755554,140726
422,research,NOUN,4129690550177407157,140726,fois,NOUN,25389435430533786,140726
423,had,AUX,12960022596163002503,140726,essais,NOUN,6341535086408066800,140726
424,been,AUX,12517269084653561647,140726,cliniques,ADJ,16958084855436719063,140726
425,completed,VERB,6902582109160719430,140726,terminés,VERB,6758092531006302298,140726
426,.,PUNCT,12646065887601541794,140726,.,PUNCT,12646065887601541794,140726
427,I,PRON,4690420944186131903,143797,Je,PRON,2628248770713310789,143797
428,do,AUX,2158845516055552166,143797,suis,AUX,9227762830378992001,143797
429,not,PART,447765159362469301,143797,ne,ADV,6065859282030310819,143797
430,stand,VERB,16121235759125543490,143797,pas,ADV,162626740300448766,143797
431,here,ADV,411390626470654571,143797,ici,ADV,16082578346872542639,143797
432,today,NOUN,11042482332948150395,143797,aujourd'hui,ADP,9478438274351682003,143797
433,to,PART,3791531372978436496,143797,pour,ADP,4302925298007755726,143797
434,suggest,VERB,18092478065528711851,143797,insinuer,VERB,3775333427934032012,143797
435,in,ADP,3002984154512732771,143797,en,ADP,14626626061804382878,143797
436,any,DET,13148361048351484388,143797,aucune,DET,16221081690077053839,143797
437,way,NOUN,6878210874361030284,143797,manière,NOUN,14429809162322607943,143797
438,that,SCONJ,4380130941430378203,147135,que,SCONJ,11474801393294414462,147135
439,conducting,VERB,2310693119069787904,147135,mener,VERB,8526760681867945577,147135
440,HIV,PROPN,17506446039830019050,147135,des,DET,6923696665978021163,147135
441,trials,NOUN,2156042093276175838,147135,essais,NOUN,6341535086408066800,147135
442,clinical,ADJ,2114572871053212045,147135,clinique,ADJ,7328475835860795575,147135
443,0,0,0,0,sur,ADP,14175982410302701706,147135
444,0,0,0,0,le,DET,13361843836202591494,147135
445,0,0,0,0,VIH,NOUN,12387595633673898333,147135
446,in,ADP,3002984154512732771,149148,dans,ADP,6959196919681770914,149148
447,developing,VERB,3366803384199824112,149148,les,DET,5902437463952755554,149148
448,countries,NOUN,13957816561748780037,149148,pays,NOUN,4009823960085937146,149148
449,0,0,0,0,en,ADP,14626626061804382878,149148
450,bad,ADJ,12342627399458421040,149148,voie,NOUN,12058848413224914023,149148
451,0,0,0,0,de,ADP,11144093025662894627,149148
452,0,0,0,0,développement,NOUN,8660105959128505328,149148
453,is,AUX,3411606890003347522,149148,est,AUX,14619786160612475726,149148
454,0,0,0,0,mal,ADV,17891639207125098893,149148
455,.,PUNCT,12646065887601541794,149148,.,PUNCT,12646065887601541794,149148
456,On,ADP,9434774322673848734,151363,Au,NOUN,13827004177159200908,151363
457,contrary,ADJ,1694533618688304091,151363,contraire,ADJ,12727242554034098081,151363
458,",",PUNCT,2593208677638477497,151363,",",PUNCT,2593208677638477497,151363
459,the,DET,7425985699627899538,151363,les,DET,5902437463952755554,151363
460,trials,NOUN,2156042093276175838,151363,essais,NOUN,6341535086408066800,151363
461,clinical,ADJ,2114572871053212045,151363,cliniques,ADJ,16958084855436719063,151363
462,are,AUX,5012629990875267006,151363,sont,AUX,2183785841973629617,151363
463,0,0,0,0,des,DET,6923696665978021163,151363
464,tools,NOUN,5990950555658558085,151363,outils,NOUN,14655103303124882546,151363
465,extremely,ADV,8355665817224033847,151363,extrêmement,ADV,9606575675455945264,151363
466,useful,ADJ,10974085886875223464,151363,utiles,ADJ,13249029641751597145,151363
467,",",PUNCT,2593208677638477497,151363,",",PUNCT,2593208677638477497,151363
468,and,CCONJ,2283656566040971221,155730,et,CCONJ,13620178847145827813,155730
469,needed,VERB,9839220791660699563,155730,sont,VERB,2183785841973629617,155730
470,much,ADV,1935074700818135162,155730,plus,ADV,2123754640991541914,155730
471,are,AUX,5012629990875267006,155730,que,SCONJ,11474801393294414462,155730
472,to,PART,3791531372978436496,155730,nécessaires,ADJ,2789240237731070526,155730
473,0,0,0,0,pour,ADP,4302925298007755726,155730
474,address,VERB,14349763737243715186,155730,alléger,VERB,14825823789132932783,155730
475,the,DET,7425985699627899538,155730,le,DET,13361843836202591494,155730
476,burden,NOUN,14500162602809235481,155730,fardeau,NOUN,1229615340224393394,155730
477,0,0,0,0,des,DET,6923696665978021163,158028
478,disease,PROPN,5781322434961390358,158028,maladies,NOUN,7257885212572801099,158028
479,in,ADP,3002984154512732771,158028,dans,ADP,6959196919681770914,158028
480,developing,VERB,3366803384199824112,158028,les,DET,5902437463952755554,158028
481,countries,NOUN,13957816561748780037,158028,pays,NOUN,4009823960085937146,158028
482,of,ADP,886050111519832510,158028,en,ADP,14626626061804382878,158028
483,0,0,0,0,voie,NOUN,12058848413224914023,158028
484,0,0,0,0,de,ADP,11144093025662894627,158028
485,0,0,0,0,développement,NOUN,8660105959128505328,158028
486,.,PUNCT,12646065887601541794,158028,.,PUNCT,12646065887601541794,158028
487,However,ADV,11935558616188258213,160499,Cependant,ADV,18004697191813398051,160499
488,",",PUNCT,2593208677638477497,160499,",",PUNCT,2593208677638477497,160499
489,the,DET,7425985699627899538,160499,les,DET,5902437463952755554,160499
490,inequalities,NOUN,15906669428567523300,160499,inégalités,NOUN,7512792293470289943,160499
491,that,DET,4380130941430378203,160499,qui,PRON,18025162834834030610,160499
492,exist,VERB,2808794269826886559,160499,existent,VERB,11315813358174337729,160499
493,between,ADP,7508752285157982505,160499,0,0,0,0
494,0,0,0,0,entre,ADP,13518256460832573697,163358
495,developing,VERB,3366803384199824112,163358,les,DET,5902437463952755554,163358
496,countries,NOUN,13957816561748780037,163358,pays,NOUN,4009823960085937146,163358
497,richer,ADJ,12183206591224591560,163358,riches,ADJ,13099648235135542908,163358
498,and,CCONJ,2283656566040971221,163358,et,CCONJ,13620178847145827813,163358
499,0,0,0,0,ceux,PRON,2375212218711141737,163358
500,in,ADP,3002984154512732771,163358,en,ADP,14626626061804382878,163358
501,terms,NOUN,6225537969047103320,163358,voie,NOUN,12058848413224914023,163358
502,of,ADP,886050111519832510,163358,de,ADP,11144093025662894627,163358
503,funding,NOUN,3726624177514968955,163358,développement,NOUN,8660105959128505328,163358
504,0,0,0,0,en,ADP,14626626061804382878,163358
505,countries,NOUN,13957816561748780037,163358,terme,NOUN,5722752233428598747,163358
506,0,0,0,0,de,ADP,11144093025662894627,163358
507,0,0,0,0,financement,NOUN,4988417601089665421,163358
508,pose,VERB,6083211525606388699,167060,posent,ADV,6609766510687072229,167060
509,a,DET,11901859001352538922,167060,un,DET,12188161997964598936,167060
510,real,ADJ,7050692189315705983,167060,vrai,ADJ,17524364835280506940,167060
511,risk,NOUN,14326900376835226264,167060,risque,NOUN,12136832730963222685,167060
512,for,ADP,16037325823156266367,167060,d',ADP,18329478872494918915,167060
513,exploitation,NOUN,2520930307841164003,167060,exploitation,NOUN,2520930307841164003,167060
514,",",PUNCT,2593208677638477497,167060,",",PUNCT,2593208677638477497,167060
515,in,ADP,3002984154512732771,170217,en,ADP,14626626061804382878,170217
516,especially,ADV,13751905263548122051,170217,particulier,ADJ,1956904709721095607,170217
517,of,ADP,886050111519832510,170217,dans,ADP,6959196919681770914,170217
518,the,DET,7425985699627899538,170217,le,DET,13361843836202591494,170217
519,context,NOUN,4351783600509501051,170217,cas,NOUN,16256677867477813697,170217
520,externally,ADV,9781493678211031567,170217,des,DET,6923696665978021163,170217
521,-,PUNCT,9153284864653046197,170217,recherches,NOUN,2206004219407128916,170217
522,funded,VERB,3231126456416825075,170217,à,ADP,1840659177240090782,170217
523,research,NOUN,4129690550177407157,170217,financement,NOUN,4988417601089665421,170217
524,0,0,0,0,externes,ADJ,3220760271728834403,170217
525,.,PUNCT,12646065887601541794,170217,.,PUNCT,12646065887601541794,170217
526,Sadly,ADV,11795153068937635257,174102,Malheureusement,ADV,229201037505294840,174102
527,enough,ADV,5083403373732563023,174102,0,0,0,0
528,",",PUNCT,2593208677638477497,174102,",",PUNCT,2593208677638477497,174102
529,the,DET,7425985699627899538,174102,le,DET,13361843836202591494,174102
530,fact,NOUN,3814049101131682695,174102,fait,NOUN,303196683033024630,174102
531,remains,VERB,13115953490462407258,174102,que,SCONJ,11474801393294414462,174102
532,that,DET,4380130941430378203,174102,est,AUX,14619786160612475726,174102
533,a,DET,11901859001352538922,176708,de,DET,11144093025662894627,176708
534,0,0,0,0,nombreuses,ADJ,14626207423456159714,176708
535,lot,NOUN,6920515201346452032,176708,études,NOUN,14041755817746998610,176708
536,the,DET,7425985699627899538,176708,qui,PRON,18025162834834030610,176708
537,are,AUX,5012629990875267006,176708,sont,AUX,2183785841973629617,176708
538,conducted,VERB,13464636772350774058,176708,menées,VERB,9704634176622591190,176708
539,of,ADP,886050111519832510,176708,dans,ADP,6959196919681770914,176708
540,that,DET,4380130941430378203,176708,les,DET,5902437463952755554,176708
541,studies,NOUN,15376595263306574226,176708,pays,NOUN,4009823960085937146,176708
542,in,ADP,3002984154512732771,176708,en,ADP,14626626061804382878,176708
543,countries,NOUN,13957816561748780037,176708,voie,NOUN,12058848413224914023,176708
544,developing,VERB,3366803384199824112,176708,de,ADP,11144093025662894627,176708
545,0,0,0,0,développement,NOUN,8660105959128505328,176708
546,could,VERB,7494117911267222209,180692,ne,ADV,6065859282030310819,180692
547,never,ADV,10879546028211794123,180692,jamais,ADV,18256579310662257439,180692
548,be,AUX,10382539506755952630,180692,seraient,AUX,16583424210248572494,180692
549,authorized,VERB,6986451536581902674,180692,autorisées,VERB,5883272729944891032,180692
550,in,ADP,3002984154512732771,180692,dans,ADP,6959196919681770914,180692
551,the,DET,7425985699627899538,180692,les,DET,5902437463952755554,180692
552,richer,ADJ,12183206591224591560,180692,riches,ADJ,13099648235135542908,180692
553,countries,NOUN,13957816561748780037,180692,pays,NOUN,4009823960085937146,180692
554,which,DET,7063653163634019529,183268,qui,PRON,18025162834834030610,183268
555,fund,VERB,5574188819171674764,183268,financent,VERB,2449128690227472589,183268
556,the,DET,7425985699627899538,183268,les,DET,5902437463952755554,183268
557,research,NOUN,4129690550177407157,183268,travaux,NOUN,5666104667403403633,183268
558,.,PUNCT,12646065887601541794,183268,.,PUNCT,12646065887601541794,183268
559,I,PRON,4690420944186131903,185516,Je,PRON,2628248770713310789,185516
560,'m,AUX,8504683628951808721,185516,suis,AUX,9227762830378992001,185516
561,sure,ADJ,2985827712170516640,185516,sûre,ADV,9860989762344632520,185516
562,you,PRON,7624161793554793053,185516,vous,PRON,6151699640482831038,185516
563,must,VERB,7290638946010101875,185516,que,SCONJ,11474801393294414462,185516
564,be,AUX,10382539506755952630,185516,vous,PRON,6151699640482831038,185516
565,asking,VERB,6688108727890483219,185516,demandez,VERB,6702009550909517734,185516
566,yourselves,NOUN,8673651643837743491,185516,0,0,0,0
567,what,PRON,5865838185239622912,187763,ce,PRON,5293259605002647980,187763
568,makes,VERB,13268885963146728493,187763,qui,PRON,18025162834834030610,187763
569,developing,VERB,3366803384199824112,187763,fait,VERB,303196683033024630,187763
570,0,0,0,0,que,SCONJ,11474801393294414462,187763
571,0,0,0,0,les,DET,5902437463952755554,187763
572,countries,NOUN,13957816561748780037,187763,pays,NOUN,4009823960085937146,187763
573,0,0,0,0,en,ADP,14626626061804382878,187763
574,0,0,0,0,voie,NOUN,12058848413224914023,187763
575,0,0,0,0,de,ADP,11144093025662894627,187763
576,0,0,0,0,développement,NOUN,8660105959128505328,187763
577,",",PUNCT,2593208677638477497,187763,",",PUNCT,2593208677638477497,187763
578,especially,ADV,13751905263548122051,189679,notamment,ADV,7731715036840078570,189679
579,those,DET,5224941539530611462,189679,l',DET,11055277117081255759,189679
580,in,ADP,3002984154512732771,189679,de,ADP,11144093025662894627,189679
581,sub,ADJ,144868287865513341,189679,sub-saharienne,ADJ,600074743357078107,189679
582,-,PUNCT,9153284864653046197,189679,ceux,PRON,2375212218711141737,189679
583,Saharan,PROPN,11741823656979582551,189679,Afrique,PROPN,12240427746564662082,189679
584,Africa,PROPN,14216530883836791987,189679,0,0,0,0
585,",",PUNCT,2593208677638477497,189679,",",PUNCT,2593208677638477497,189679
586,so,ADV,9781598966686434415,192223,sont,AUX,2183785841973629617,192223
587,attractive,ADJ,2888516395942049495,192223,si,SCONJ,13884469947995795204,192223
588,HIV,PROPN,17506446039830019050,192223,intéressants,NOUN,13304774411984053369,192223
589,for,ADP,16037325823156266367,192223,pour,ADP,4302925298007755726,192223
590,these,DET,6459564349623679250,192223,les,DET,5902437463952755554,192223
591,trials,NOUN,2156042093276175838,192223,essais,NOUN,6341535086408066800,192223
592,clinical,ADJ,2114572871053212045,192223,cliniques,ADJ,16958084855436719063,192223
593,0,0,0,0,sur,ADP,14175982410302701706,192223
594,0,0,0,0,le,DET,13361843836202591494,192223
595,0,0,0,0,VIH,NOUN,12387595633673898333,192223
596,?,PUNCT,8205403955989537350,192223,.,PUNCT,12646065887601541794,192223
597,Well,INTJ,14379783840816760627,195790,Et,CCONJ,1620920187821177431,195790
598,",",PUNCT,2593208677638477497,195790,",",PUNCT,2593208677638477497,195790
599,in,ADP,3002984154512732771,195790,bien,ADV,8265441118321635764,195790
600,order,NOUN,13136985495629980461,195790,qu',SCONJ,13574260379477198189,195790
601,for,ADP,16037325823156266367,195790,pour,ADP,4302925298007755726,195790
602,a,DET,11901859001352538922,195790,un,DET,12188161997964598936,195790
603,clinical,ADJ,2114572871053212045,195790,clinique,ADJ,7328475835860795575,195790
604,trial,NOUN,17825847762981951240,195790,essai,NOUN,7938939179498311145,195790
605,to,PART,3791531372978436496,195790,0,0,0,0
606,generate,VERB,17214151181767158707,195790,fournissent,VERB,7156725065907399117,195790
607,0,0,0,0,des,DET,6923696665978021163,199062
608,results,NOUN,14589115831107487419,199062,résultats,NOUN,2664753611814902125,199062
609,valid,ADJ,14566126149644487813,199062,valides,ADJ,17124479290692242024,199062
610,and,CCONJ,2283656566040971221,199062,et,CCONJ,13620178847145827813,199062
611,widely,ADV,7396368586904573525,199062,largement,ADV,15504600037891846630,199062
612,applicable,ADJ,15717441996292838248,199062,applicables,ADJ,5447177051577021974,199062
613,",",PUNCT,2593208677638477497,199062,",",PUNCT,2593208677638477497,199062
614,they,PRON,16875582379069451158,202178,il,PRON,8081183868394845856,202178
615,need,VERB,478886015463313967,202178,faut,VERB,6792372707269389571,202178
616,to,PART,3791531372978436496,202178,qu',SCONJ,13574260379477198189,202178
617,be,AUX,10382539506755952630,202178,soient,AUX,8571091518271129526,202178
618,conducted,VERB,13464636772350774058,202178,menés,VERB,837928425376345718,202178
619,with,ADP,12510949447758279278,202178,ils,PRON,7400529878339724166,202178
620,large,ADJ,2751841902330220293,202178,nombreux,ADJ,2391922909557844821,202178
621,numbers,NOUN,16181666555170135050,202178,de,DET,11144093025662894627,202178
622,of,ADP,886050111519832510,202178,sur,ADP,14175982410302701706,202178
623,study,NOUN,4251533498015236010,202178,participants,NOUN,688720313650701041,202178
624,participants,NOUN,688720313650701041,202178,0,0,0,0
625,and,CCONJ,2283656566040971221,206178,et,CCONJ,13620178847145827813,206178
626,preferably,ADV,749989517050325337,206178,de,ADP,11144093025662894627,206178
627,0,0,0,0,préférence,NOUN,18094018759334279383,206178
628,on,ADP,5640369432778651323,206178,sur,ADP,14175982410302701706,206178
629,a,DET,11901859001352538922,206178,une,DET,16752500866415647,206178
630,population,NOUN,3855458763365470110,206178,population,NOUN,3855458763365470110,206178
631,with,ADP,12510949447758279278,208821,avec,ADP,18367549186037839347,208821
632,a,DET,11901859001352538922,208821,une,DET,16752500866415647,208821
633,high,ADJ,8587113882175654237,208821,haute,ADJ,10308094184161990724,208821
634,incidence,NOUN,14566226757701786044,208821,incidence,NOUN,14566226757701786044,208821
635,of,ADP,886050111519832510,208821,de,ADP,11144093025662894627,208821
636,new,ADJ,4753564829687343602,208821,nouvelles,ADJ,6423181157118153444,208821
637,infections,NOUN,5937699617083569081,208821,contamination,NOUN,10291381065559111109,208821
638,HIV,PROPN,17506446039830019050,208821,par,ADP,11560817535472117264,208821
639,0,0,0,0,le,DET,13361843836202591494,208821
640,0,0,0,0,VIH,NOUN,12387595633673898333,208821
641,.,PUNCT,12646065887601541794,208821,.,PUNCT,12646065887601541794,208821
642,-,PUNCT,9153284864653046197,212602,L',DET,7927797470563099839,212602
643,Sub,PROPN,11751643480156653318,212602,Afrique,PROPN,12240427746564662082,212602
644,Saharan,PROPN,11741823656979582551,212602,sub-saharienne,PROPN,600074743357078107,212602
645,fits,VERB,11785487678710480849,212602,correspond,VERB,10032062504385627437,212602
646,largely,ADV,10276148039871828041,212602,tout,ADV,15661096398690594318,212602
647,Africa,PROPN,14216530883836791987,212602,à,ADP,1840659177240090782,212602
648,description,NOUN,15699362302781265145,212602,fait,NOUN,303196683033024630,212602
649,0,0,0,0,à,ADP,1840659177240090782,212602
650,this,DET,1995909169258310477,212602,cette,DET,13014437646612957149,212602
651,0,0,0,0,description,NOUN,15699362302781265145,212602
652,",",PUNCT,2593208677638477497,212602,",",PUNCT,2593208677638477497,212602
653,with,ADP,12510949447758279278,216073,avec,ADP,18367549186037839347,216073
654,22,NUM,16299688167931099149,216073,22,NUM,16299688167931099149,216073
655,million,NUM,17365054503653917826,216073,millions,NOUN,14933237458888621515,216073
656,people,NOUN,7593739049417968140,216073,personnes,NOUN,12155298742963050427,216073
657,living,VERB,15682350408950521769,216073,0,0,0,0
658,with,ADP,12510949447758279278,216073,de,ADP,11144093025662894627,216073
659,HIV,PROPN,17506446039830019050,216073,séropositives,ADJ,12400538770369928193,216073
660,",",PUNCT,2593208677638477497,216073,",",PUNCT,2593208677638477497,216073
661,an,DET,15099054000809333061,219275,soit,CCONJ,13860546894558360219,219275
662,estimated,VERB,10461199186950131959,219275,%,NOUN,16590897233515608007,219275
663,70,NUM,17272628333277205899,219275,70,NUM,17272628333277205899,219275
664,percent,NOUN,10567149558781529811,219275,millions,NOUN,14933237458888621515,219275
665,of,ADP,886050111519832510,219275,de,ADP,11144093025662894627,219275
666,the,DET,7425985699627899538,219275,des,DET,6923696665978021163,219275
667,30,NUM,17750038938330149908,219275,30,NUM,17750038938330149908,219275
668,million,NUM,17365054503653917826,219275,0,0,0,0
669,people,NOUN,7593739049417968140,219275,personnes,NOUN,12155298742963050427,219275
670,infected,VERB,620795885822490953,222915,infectées,VERB,7400285545889131278,222915
671,are,AUX,5012629990875267006,222915,dans,ADP,6959196919681770914,222915
672,who,PRON,3876862883474502309,222915,le,DET,13361843836202591494,222915
673,worldwide,ADV,6060799483763683437,222915,monde,NOUN,6271367927324676804,222915
674,0,0,0,0,entier,ADJ,11234162671255762105,222915
675,.,PUNCT,12646065887601541794,222915,.,PUNCT,12646065887601541794,222915
676,Also,ADV,3694423386705252764,225396,Les,DET,16238897526868850703,225396
677,",",PUNCT,2593208677638477497,225396,0,0,0,0
678,research,NOUN,4129690550177407157,225396,recherches,NOUN,2206004219407128916,225396
679,within,ADP,7666004699573636134,225396,dans,ADP,6959196919681770914,225396
680,the,DET,7425985699627899538,225396,ce,DET,5293259605002647980,225396
681,continent,NOUN,18254223790136712723,225396,continent,NOUN,18254223790136712723,225396
682,is,AUX,3411606890003347522,227826,sont,AUX,2183785841973629617,227826
683,0,0,0,0,aussi,ADV,10514909888095890428,227826
684,lot,NOUN,6920515201346452032,227826,bien,ADV,8265441118321635764,227826
685,to,PART,3791531372978436496,227826,plus,ADV,2123754640991541914,227826
686,easier,ADJ,14633579141586060447,227826,faciles,ADJ,18321126466827774712,227826
687,due,ADP,3766551886407196655,227826,à,ADP,1840659177240090782,227826
688,conduct,VERB,34069908794565189,227826,mener,VERB,8526760681867945577,227826
689,a,DET,11901859001352538922,227826,du,DET,17166863280368009634,227826
690,widespread,ADJ,8613179593724520135,227826,fait,NOUN,303196683033024630,227826
691,to,ADP,3791531372978436496,227826,de,ADP,11144093025662894627,227826
692,0,0,0,0,la,DET,6804705863737483857,227826
693,poverty,NOUN,15725901658366636386,227826,pauvreté,NOUN,9293578529846396105,227826
694,",",PUNCT,2593208677638477497,227826,",",PUNCT,2593208677638477497,227826
695,endemic,PROPN,17896743856614135155,231938,des,DET,6923696665978021163,231938
696,diseases,PROPN,15146321182096927661,231938,maladies,NOUN,7257885212572801099,231938
697,inadequate,ADJ,17995393726734896709,231938,endémiques,ADJ,12077854909347273050,231938
698,and,CCONJ,2283656566040971221,231938,et,CCONJ,13620178847145827813,231938
699,health,NOUN,9743534323633052289,231938,systèmes,NOUN,8094712560235445175,231938
700,0,0,0,0,de,ADP,11144093025662894627,231938
701,systems,NOUN,2784036749983215141,231938,santé,NOUN,8049862055168087869,231938
702,care,NOUN,14027581762467160941,231938,inadéquats,NOUN,4624923755580709492,231938
703,.,PUNCT,12646065887601541794,231938,.,PUNCT,12646065887601541794,231938
704,A,DET,14862748245026736845,235789,Un,DET,362773788461399393,235789
705,clinical,ADJ,2114572871053212045,235789,clinique,ADJ,7328475835860795575,235789
706,trial,NOUN,17825847762981951240,235789,essai,NOUN,7938939179498311145,235789
707,that,DET,4380130941430378203,235789,qui,PRON,18025162834834030610,235789
708,is,AUX,3411606890003347522,235789,est,AUX,14619786160612475726,235789
709,considered,VERB,4561094321430017216,235789,0,0,0,0
710,to,PART,3791531372978436496,235789,0,0,0,0
711,be,AUX,10382539506755952630,235789,considéré,AUX,16637954564066272613,235789
712,0,0,0,0,comme,ADP,6699011506843298584,238578
713,potentially,ADV,7402228109618993592,238578,potentiellement,ADV,13471822954748400750,238578
714,beneficial,ADJ,1546072716529728834,238578,bénéfique,ADJ,5739753731136745216,238578
715,to,ADP,3791531372978436496,238578,pour,ADP,4302925298007755726,238578
716,the,DET,7425985699627899538,238578,la,DET,6804705863737483857,238578
717,population,NOUN,3855458763365470110,238578,population,NOUN,3855458763365470110,238578
718,is,AUX,3411606890003347522,241328,est,AUX,14619786160612475726,241328
719,more,ADV,2160362229054775535,241328,plus,ADV,2123754640991541914,241328
720,likely,ADJ,6740298879949941214,241328,susceptible,ADJ,6475280069903874058,241328
721,to,PART,3791531372978436496,241328,d',ADP,18329478872494918915,241328
722,be,AUX,10382539506755952630,241328,être,AUX,198149567613473063,241328
723,authorized,VERB,6986451536581902674,241328,autorisé,VERB,6839332385907226056,241328
724,",",PUNCT,2593208677638477497,241328,",",PUNCT,2593208677638477497,241328
725,and,CCONJ,2283656566040971221,243635,et,CCONJ,13620178847145827813,243635
726,in,ADP,3002984154512732771,243635,en,ADP,14626626061804382878,243635
727,the,DET,7425985699627899538,243635,l',DET,11055277117081255759,243635
728,absence,NOUN,6992782915584321189,243635,absence,NOUN,6992782915584321189,243635
729,of,ADP,886050111519832510,243635,de,ADP,11144093025662894627,243635
730,good,ADJ,5711639017775284443,243635,bon,ADJ,10631477032748906546,243635
731,health,NOUN,9743534323633052289,243635,système,NOUN,3890726974331609913,243635
732,care,NOUN,14027581762467160941,243635,de,ADP,11144093025662894627,243635
733,systems,NOUN,2784036749983215141,243635,santé,NOUN,8049862055168087869,243635
734,",",PUNCT,2593208677638477497,243635,",",PUNCT,2593208677638477497,243635
735,almost,ADV,9970931496028849525,246435,presque,ADV,4580106547403534469,246435
736,any,DET,13148361048351484388,246435,toute,DET,12342536481348422681,246435
737,offer,NOUN,6502919589296598169,246435,proposition,NOUN,7679470313514165669,246435
738,of,ADP,886050111519832510,246435,d',ADP,18329478872494918915,246435
739,medical,ADJ,10039723232229819975,246435,médicale,ADJ,14316433448964577559,246435
740,assistance,NOUN,13758060267895693543,246435,assistance,NOUN,13758060267895693543,246435
741,is,AUX,3411606890003347522,249389,est,AUX,14619786160612475726,249389
742,accepted,VERB,5907372897554580966,249389,acceptée,VERB,2399076795878544887,249389
743,as,SCONJ,7437575085468336610,249389,de,ADP,11144093025662894627,249389
744,better,ADJ,13468287115010965206,249389,faute,ADJ,6199346620330166190,249389
745,than,SCONJ,10794458019344880855,249389,mieux,ADV,7601652742004098736,249389
746,nothing,PRON,13695514059466747455,249389,0,0,0,0
747,.,PUNCT,12646065887601541794,249389,.,PUNCT,12646065887601541794,249389
748,0,0,0,0,Parmi,ADP,14372329389392257791,252307
749,0,0,0,0,les,DET,5902437463952755554,252307
750,reasons,NOUN,15484397239115399678,252307,raisons,NOUN,17349259313864793110,252307
751,more,ADV,2160362229054775535,252307,encore,ADV,11855764264454003551,252307
752,Even,ADV,13991018208885099298,252307,plus,ADV,2123754640991541914,252307
753,problematic,ADJ,13903103489912098909,252307,problématiques,ADJ,7336632317489983721,252307
754,include,VERB,14049642289933595219,252307,",",PUNCT,2593208677638477497,252307
755,0,0,0,0,il,PRON,8081183868394845856,254893
756,risk,NOUN,14326900376835226264,254893,y,PRON,9409450202036847209,254893
757,of,ADP,886050111519832510,254893,a,VERB,11901859001352538922,254893
758,0,0,0,0,un,DET,12188161997964598936,254893
759,litigation,NOUN,12416542815611320904,254893,risque,NOUN,12136832730963222685,254893
760,",",PUNCT,2593208677638477497,254893,moins,ADV,4309863648335428729,254893
761,lower,ADJ,5214811637946031204,254893,important,ADJ,5951875591235763184,254893
762,0,0,0,0,de,DET,11144093025662894627,254893
763,0,0,0,0,poursuites,NOUN,3866551985216336042,254893
764,0,0,0,0,judiciaires,ADJ,16611821509629708118,254893
765,0,0,0,0,des,DET,6923696665978021163,257180
766,reviews,NOUN,16523550573420018805,257180,examens,NOUN,5243939630539987980,257180
767,ethical,ADJ,6472221427036573472,257180,éthiques,ADJ,15198960458253755073,257180
768,less,ADV,589070940943333110,257180,moins,ADV,4309863648335428729,257180
769,rigorous,ADJ,1985154209227243091,257180,rigoureux,ADJ,16351525056745709173,257180
770,",",PUNCT,2593208677638477497,257180,",",PUNCT,2593208677638477497,257180
771,and,CCONJ,2283656566040971221,259647,et,CCONJ,13620178847145827813,259647
772,that,DET,4380130941430378203,259647,des,DET,6923696665978021163,259647
773,populations,NOUN,3461652637672609334,259647,populations,NOUN,3461652637672609334,259647
774,willing,ADJ,9510057520540763910,259647,qui,PRON,18025162834834030610,259647
775,are,AUX,5012629990875267006,259647,sont,AUX,2183785841973629617,259647
776,to,PART,3791531372978436496,259647,prêtes,VERB,3174960113318345734,259647
777,0,0,0,0,à,ADP,1840659177240090782,259647
778,participate,VERB,4176336786957309062,259647,participer,VERB,2073413081965559201,259647
779,in,ADP,3002984154512732771,262203,à,ADP,1840659177240090782,262203
780,almost,ADV,9970931496028849525,262203,presque,ADV,4580106547403534469,262203
781,any,DET,13148361048351484388,262203,toute,DET,12342536481348422681,262203
782,study,NOUN,4251533498015236010,262203,étude,NOUN,9168378136254602260,262203
783,that,DET,4380130941430378203,262203,qui,PRON,18025162834834030610,262203
784,hints,VERB,3986595637948560347,262203,laissent,VERB,14889012421481788586,262203
785,at,ADP,11667289587015813222,262203,entrevoir,VERB,14116302618831356317,262203
786,a,DET,11901859001352538922,262203,un,DET,12188161997964598936,262203
787,cure,NOUN,910830628473846539,262203,remède,NOUN,105419260921448613,262203
788,.,PUNCT,12646065887601541794,262203,.,PUNCT,12646065887601541794,262203
789,As,SCONJ,4315396256372657493,266867,Comme,ADP,11856038458250197351,266867
790,0,0,0,0,les,DET,5902437463952755554,266867
791,funding,NOUN,3726624177514968955,266867,fonds,NOUN,10668232435686686218,266867
792,for,ADP,16037325823156266367,266867,pour,ADP,4302925298007755726,266867
793,HIV,PROPN,17506446039830019050,266867,les,DET,5902437463952755554,266867
794,research,NOUN,4129690550177407157,266867,recherches,NOUN,2206004219407128916,266867
795,0,0,0,0,sur,ADP,14175982410302701706,266867
796,0,0,0,0,le,DET,13361843836202591494,266867
797,0,0,0,0,VIH,NOUN,12387595633673898333,266867
798,0,0,0,0,augmentent,ADV,7906313257121999268,270492
799,in,ADP,3002984154512732771,270492,dans,ADP,6959196919681770914,270492
800,developing,VERB,3366803384199824112,270492,les,DET,5902437463952755554,270492
801,countries,NOUN,13957816561748780037,270492,pays,NOUN,4009823960085937146,270492
802,0,0,0,0,en,ADP,14626626061804382878,270492
803,increases,NOUN,9774157418451419691,270492,voie,NOUN,12058848413224914023,270492
804,0,0,0,0,de,ADP,11144093025662894627,270492
805,0,0,0,0,développement,NOUN,8660105959128505328,270492
806,and,CCONJ,2283656566040971221,272748,et,CCONJ,13620178847145827813,272748
807,ethical,ADJ,6472221427036573472,272748,que,SCONJ,11474801393294414462,272748
808,0,0,0,0,les,DET,5902437463952755554,272748
809,review,NOUN,6618089098118556736,272748,examens,NOUN,5243939630539987980,272748
810,richer,ADJ,12183206591224591560,272748,éthiques,ADJ,15198960458253755073,272748
811,in,ADP,3002984154512732771,272748,dans,ADP,6959196919681770914,272748
812,become,VERB,12558846041070486771,272748,les,DET,5902437463952755554,272748
813,countries,NOUN,13957816561748780037,272748,pays,NOUN,4009823960085937146,272748
814,strict,ADJ,5376891816893238967,272748,riches,ADJ,13099648235135542908,272748
815,0,0,0,0,deviennent,AUX,1135789879772979166,272748
816,more,ADV,2160362229054775535,272748,plus,ADV,2123754640991541914,272748
817,0,0,0,0,stricts,ADJ,13375438836117199874,272748
818,",",PUNCT,2593208677638477497,272748,",",PUNCT,2593208677638477497,272748
819,you,PRON,7624161793554793053,276755,vous,PRON,6151699640482831038,276755
820,can,VERB,6635067063807956629,276755,voyez,VERB,558074746627998263,276755
821,see,VERB,11925638236994514241,276755,0,0,0,0
822,why,ADV,16315412628806490806,276755,pourquoi,ADV,10296499511166091654,276755
823,this,DET,1995909169258310477,276755,ce,DET,5293259605002647980,276755
824,context,NOUN,4351783600509501051,276755,contexte,NOUN,5655122328117615628,276755
825,becomes,VERB,1999701435125378550,276755,devient,AUX,6667260681432206778,276755
826,very,ADV,9548244504980166557,278840,vraiment,ADV,5673541881756200603,278840
827,",",PUNCT,2593208677638477497,278840,0,0,0,0
828,very,ADV,9548244504980166557,278840,très,ADV,5241201599711993136,278840
829,attractive,ADJ,2888516395942049495,278840,attrayant,ADJ,4755785754380950923,278840
830,.,PUNCT,12646065887601541794,278840,.,PUNCT,12646065887601541794,278840
831,The,DET,5059648917813135842,281401,La,DET,6239908149323985340,281401
832,prevalence,NOUN,861443116172242701,281401,prévalence,NOUN,10321161734868428641,281401
833,high,ADJ,8587113882175654237,281401,élevée,ADJ,5400036520950937260,281401
834,of,ADP,886050111519832510,281401,du,DET,17166863280368009634,281401
835,HIV,PROPN,17506446039830019050,281401,VIH,NOUN,12387595633673898333,281401
836,drives,VERB,2645917010399640238,281401,conduits,VERB,16529341377583113440,281401
837,0,0,0,0,les,DET,5902437463952755554,281401
838,researchers,NOUN,7692331408493112439,281401,chercheurs,NOUN,10976893143868093033,281401
839,to,PART,3791531372978436496,285081,à,ADP,1840659177240090782,285081
840,conduct,VERB,34069908794565189,285081,mener,VERB,8526760681867945577,285081
841,that,DET,4380130941430378203,285081,des,DET,6923696665978021163,285081
842,research,NOUN,4129690550177407157,285081,recherches,NOUN,2206004219407128916,285081
843,0,0,0,0,qui,PRON,18025162834834030610,285081
844,sometimes,ADV,2982782142620708162,285081,parfois,ADV,2968236938530820948,285081
845,is,AUX,3411606890003347522,285081,sont,AUX,2183785841973629617,285081
846,scientifically,ADV,11159381012564026935,285081,scientifiquement,ADV,15569708958478510056,285081
847,acceptable,ADJ,15635199268207170545,285081,acceptables,ADJ,4627540321525866108,285081
848,but,CCONJ,14560795576765492085,289565,mais,CCONJ,3927803321315481089,289565
849,0,0,0,0,restent,AUX,17389808105554841610,289565
850,many,ADJ,9720044723474553187,289565,douteuses,VERB,14352154550229867673,289565
851,on,ADP,5640369432778651323,289565,sur,ADP,14175982410302701706,289565
852,ethically,ADV,4561060226241960338,289565,bien,ADV,8265441118321635764,289565
853,0,0,0,0,des,DET,6923696665978021163,289565
854,levels,NOUN,9000511934091839874,289565,aspects,NOUN,18015010500079489456,289565
855,questionable,ADJ,3776061206157405451,289565,éthiques,ADJ,15198960458253755073,289565
856,.,PUNCT,12646065887601541794,289565,.,PUNCT,12646065887601541794,289565
857,How,ADV,16762307017182994292,292844,Comment,ADV,17353263593269434791,292844
858,can,VERB,6635067063807956629,292844,peut,VERB,18189483339446925138,292844
859,",",PUNCT,2593208677638477497,292844,-,PUNCT,9153284864653046197,292844
860,we,PRON,16064069575701507746,292844,on,PRON,5640369432778651323,292844
861,then,ADV,2630753287402592467,292844,alors,ADV,1600773500536969168,292844
862,0,0,0,0,s',PRON,13057294305572976255,292844
863,ensure,VERB,15159758025291269046,292844,assurer,VERB,8883298248744718526,292844
864,that,SCONJ,4380130941430378203,292844,que,SCONJ,11474801393294414462,292844
865,in,ADP,3002984154512732771,292844,dans,ADP,6959196919681770914,292844
866,our,DET,17577015140245084783,292844,notre,DET,16699583448167008180,292844
867,search,NOUN,295895373269394349,292844,quête,NOUN,10480827731608858478,292844
868,for,ADP,16037325823156266367,292844,d',ADP,18329478872494918915,292844
869,the,DET,7425985699627899538,292844,un,DET,12188161997964598936,292844
870,cure,NOUN,910830628473846539,292844,remède,NOUN,105419260921448613,292844
871,",",PUNCT,2593208677638477497,292844,",",PUNCT,2593208677638477497,292844
872,we,PRON,16064069575701507746,296283,nous,PRON,15994519860812886258,296283
873,do,AUX,2158845516055552166,296283,ne,ADV,6065859282030310819,296283
874,not,PART,447765159362469301,296283,pas,ADV,162626740300448766,296283
875,take,VERB,6789454535283781228,296283,profitons,VERB,5829590709036450127,296283
876,an,DET,15099054000809333061,296283,injustement,ADV,15779696714581513413,296283
877,unfair,ADJ,15674680345820241310,296283,0,0,0,0
878,advantage,NOUN,10060822149772554711,296283,0,0,0,0
879,of,ADP,886050111519832510,298603,de,ADP,11144093025662894627,298603
880,0,0,0,0,ceux,PRON,2375212218711141737,298603
881,who,PRON,3876862883474502309,298603,qui,PRON,18025162834834030610,298603
882,are,AUX,5012629990875267006,298603,sont,AUX,2183785841973629617,298603
883,already,ADV,12647358837591399640,298603,déjà,ADV,16914957675802460112,298603
884,those,DET,5224941539530611462,298603,les,DET,5902437463952755554,298603
885,most,ADV,11104729984170784471,298603,plus,ADV,2123754640991541914,298603
886,affected,VERB,3742164476416456328,298603,touchés,VERB,9638907479321857442,298603
887,by,ADP,16764210730586636600,298603,par,ADP,11560817535472117264,298603
888,the,DET,7425985699627899538,298603,la,DET,6804705863737483857,298603
889,pandemic,NOUN,10977170604869370187,298603,pandémie,NOUN,15828976644213403862,298603
890,?,PUNCT,8205403955989537350,298603,?,PUNCT,8205403955989537350,298603
891,I,PRON,4690420944186131903,302107,Je,PRON,2628248770713310789,302107
892,invite,VERB,301885767908118356,302107,propose,VERB,11717044941477424016,302107
893,to,PART,3791531372978436496,302107,de,ADP,11144093025662894627,302107
894,consider,VERB,17360727451542821422,302107,considérer,VERB,4132612012273536217,302107
895,four,NUM,13283271314760746512,302107,4,NUM,16743743820210141046,302107
896,areas,NOUN,8712024525343010093,302107,points,NOUN,13898866402362896928,302107
897,think,VERB,16875814820671380748,302107,sur,ADP,14175982410302701706,302107
898,I,PRON,4690420944186131903,302107,lesquels,PRON,10296888186704118314,302107
899,on,ADP,5640369432778651323,302107,selon,ADP,14865888153772057445,302107
900,you,PRON,7624161793554793053,302107,moi,PRON,3970053486024285833,302107
901,we,PRON,16064069575701507746,302107,on,PRON,5640369432778651323,302107
902,can,VERB,6635067063807956629,302107,peut,AUX,18189483339446925138,302107
903,0,0,0,0,se,PRON,9839690450034771972,302107
904,focus,VERB,12460925685579008443,302107,concentrer,VERB,6337827577253224685,302107
905,in,ADP,3002984154512732771,305963,pour,ADP,4302925298007755726,305963
906,order,NOUN,13136985495629980461,305963,façon,NOUN,14594028065977672975,305963
907,to,PART,3791531372978436496,305963,dont,PRON,4501752004708075930,305963
908,improve,VERB,4687493659934148016,305963,améliorer,VERB,17071925172859633134,305963
909,the,DET,7425985699627899538,305963,la,DET,6804705863737483857,305963
910,way,NOUN,6878210874361030284,305963,choses,NOUN,17775586813245600102,305963
911,in,ADP,3002984154512732771,305963,se,PRON,9839690450034771972,305963
912,which,DET,7063653163634019529,305963,les,DET,5902437463952755554,305963
913,things,NOUN,3586418546468265269,305963,0,0,0,0
914,are,AUX,5012629990875267006,305963,0,0,0,0
915,done,VERB,14395066107632849789,305963,font,VERB,6570418013318078118,305963
916,.,PUNCT,12646065887601541794,305963,.,PUNCT,12646065887601541794,305963
917,The,DET,5059648917813135842,309538,La,DET,6239908149323985340,309538
918,first,ADJ,11860158879560853892,309538,première,ADJ,17888992579011702209,309538
919,of,ADP,886050111519832510,309538,0,0,0,0
920,these,DET,6459564349623679250,309538,un,DET,12188161997964598936,309538
921,is,AUX,3411606890003347522,309538,est,AUX,14619786160612475726,309538
922,informed,VERB,2537872997886871862,309538,éclairé,VERB,903647524316906497,309538
923,consent,NOUN,8502122544330676507,309538,consentement,NOUN,2236396829064322519,309538
924,.,PUNCT,12646065887601541794,309538,.,PUNCT,12646065887601541794,309538
925,Now,ADV,13923566239961886281,312365,0,0,0,0
926,",",PUNCT,2593208677638477497,312365,qu',SCONJ,13574260379477198189,312365
927,in,ADP,3002984154512732771,312365,Pour,ADP,1064552762910369986,312365
928,order,NOUN,13136985495629980461,312365,essai,NOUN,7938939179498311145,312365
929,for,ADP,16037325823156266367,312365,0,0,0,0
930,a,DET,11901859001352538922,312365,un,DET,12188161997964598936,312365
931,clinical,ADJ,2114572871053212045,312365,clinique,ADJ,7328475835860795575,312365
932,trial,NOUN,17825847762981951240,312365,0,0,0,0
933,to,PART,3791531372978436496,312365,0,0,0,0
934,be,AUX,10382539506755952630,312365,soit,AUX,13860546894558360219,312365
935,considered,VERB,4561094321430017216,314733,considéré,VERB,16637954564066272613,314733
936,0,0,0,0,comme,ADP,6699011506843298584,314733
937,ethically,ADV,4561060226241960338,314733,éthiquement,ADV,10046537312518549026,314733
938,acceptable,ADJ,15635199268207170545,314733,acceptable,ADJ,15635199268207170545,314733
939,",",PUNCT,2593208677638477497,314733,",",PUNCT,2593208677638477497,314733
940,participants,NOUN,688720313650701041,318414,participants,NOUN,688720313650701041,318414
941,must,VERB,7290638946010101875,318414,les,DET,5902437463952755554,318414
942,be,AUX,10382539506755952630,318414,doivent,AUX,9729637548678767222,318414
943,given,VERB,15718315682364332688,318414,recevoir,VERB,3838424543934928445,318414
944,the,DET,7425985699627899538,318414,des,DET,6923696665978021163,318414
945,relevant,ADJ,17355397762532421057,318414,pertinentes,ADJ,8356980732872723090,318414
946,information,NOUN,5552516367584430480,318414,informations,NOUN,4610647947222657699,318414
947,in,ADP,3002984154512732771,321238,de,ADP,11144093025662894627,321238
948,a,DET,11901859001352538922,321238,0,0,0,0
949,way,NOUN,6878210874361030284,321238,façon,NOUN,14594028065977672975,321238
950,in,ADP,3002984154512732771,321238,pour,ADP,4302925298007755726,321238
951,which,DET,7063653163634019529,321238,compréhensible,ADJ,11014264636064306374,321238
952,they,PRON,16875582379069451158,321238,eux,PRON,18387682471356816887,321238
953,can,VERB,6635067063807956629,321238,formulées,VERB,8672496146725265023,321238
954,understand,VERB,2256871070683278179,321238,0,0,0,0
955,",",PUNCT,2593208677638477497,321238,",",PUNCT,2593208677638477497,321238
956,and,CCONJ,2283656566040971221,323673,et,CCONJ,13620178847145827813,323673
957,must,VERB,7290638946010101875,323673,doivent,AUX,9729637548678767222,323673
958,consent,VERB,8502122544330676507,323673,accepter,VERB,7601170197355257553,323673
959,freely,ADV,1166352851740861917,323673,de,ADP,11144093025662894627,323673
960,participate,VERB,4176336786957309062,323673,participer,VERB,2073413081965559201,323673
961,to,PART,3791531372978436496,323673,aux,DET,405,323673
962,0,0,0,0,essais,NOUN,6341535086408066800,323673
963,in,ADP,3002984154512732771,323673,en,ADP,14626626061804382878,323673
964,the,DET,7425985699627899538,323673,toute,DET,12342536481348422681,323673
965,trial,NOUN,17825847762981951240,323673,liberté,NOUN,5876670247706629062,323673
966,.,PUNCT,12646065887601541794,323673,.,PUNCT,12646065887601541794,323673
967,0,0,0,0,C',PRON,13529430013742482571,327890
968,is,AUX,3411606890003347522,327890,est,AUX,14619786160612475726,327890
969,in,ADP,3002984154512732771,327890,d',ADP,18329478872494918915,327890
970,especially,ADV,13751905263548122051,327890,autant,ADV,14262783891306947912,327890
971,0,0,0,0,plus,ADV,2123754640991541914,327890
972,important,ADJ,5951875591235763184,327890,important,ADJ,5951875591235763184,327890
973,developing,VERB,3366803384199824112,327890,dans,ADP,6959196919681770914,327890
974,This,DET,12943039165150086467,327890,les,DET,5902437463952755554,327890
975,countries,NOUN,13957816561748780037,327890,pays,NOUN,4009823960085937146,327890
976,0,0,0,0,en,ADP,14626626061804382878,327890
977,0,0,0,0,voie,NOUN,12058848413224914023,327890
978,0,0,0,0,de,ADP,11144093025662894627,327890
979,0,0,0,0,développement,NOUN,8660105959128505328,327890
980,",",PUNCT,2593208677638477497,327890,",",PUNCT,2593208677638477497,327890
981,0,0,0,0,où,PRON,779685322035147723,330568
982,where,ADV,16318918034475841628,330568,beaucoup,ADV,9766336526659121080,330568
983,of,ADP,886050111519832510,330568,de,ADP,11144093025662894627,330568
984,lot,NOUN,6920515201346452032,330568,personnes,NOUN,12155298742963050427,330568
985,participants,NOUN,688720313650701041,330568,acceptent,VERB,15245991716861342983,330568
986,to,ADP,3791531372978436496,330568,de,ADP,11144093025662894627,330568
987,consent,NOUN,8502122544330676507,330568,participer,VERB,2073413081965559201,330568
988,a,DET,11901859001352538922,330568,aux,DET,405,330568
989,research,NOUN,4129690550177407157,330568,essais,NOUN,6341535086408066800,330568
990,because,SCONJ,16950148841647037698,333470,parce,SCONJ,3029210411987363175,333470
991,they,PRON,16875582379069451158,333470,ils,PRON,7400529878339724166,333470
992,believe,VERB,7936246238499659209,333470,pensent,VERB,7848403714216361810,333470
993,it,PRON,10239237003504588839,333470,c',PRON,3614287697118523228,333470
994,is,AUX,3411606890003347522,333470,est,AUX,14619786160612475726,333470
995,the,DET,7425985699627899538,333470,qu',SCONJ,13574260379477198189,333470
996,only,ADJ,13398675276606405380,333470,seule,ADJ,7584129663625992993,333470
997,way,NOUN,6878210874361030284,333470,façon,NOUN,14594028065977672975,333470
998,in,ADP,3002984154512732771,333470,que,SCONJ,11474801393294414462,333470
999,which,DET,7063653163634019529,333470,la,DET,6804705863737483857,333470
1000,they,PRON,16875582379069451158,336158,de,ADP,11144093025662894627,336158
1001,can,VERB,6635067063807956629,336158,recevoir,VERB,3838424543934928445,336158
1002,receive,VERB,9255145433075943736,336158,des,DET,6923696665978021163,336158
1003,medical,ADJ,10039723232229819975,336158,0,0,0,0
1004,care,NOUN,14027581762467160941,336158,soins,NOUN,17910553382151046241,336158
1005,or,CCONJ,3740602843040177340,336158,0,0,0,0
1006,other,ADJ,1176656782636220709,336158,0,0,0,0
1007,benefits,NOUN,14486975567459880298,336158,0,0,0,0
1008,.,PUNCT,12646065887601541794,336158,.,PUNCT,12646065887601541794,336158
1009,that,DET,4380130941430378203,339728,Les,DET,16238897526868850703,339728
1010,procedures,NOUN,12907335104772456035,339728,procédures,NOUN,6540908432498332484,339728
1011,Consent,NOUN,10748375701398807269,339728,de,ADP,11144093025662894627,339728
1012,are,AUX,5012629990875267006,339728,consentement,ADV,2236396829064322519,339728
1013,used,VERB,17544535479879614370,339728,utilisées,VERB,12154454630384136866,339728
1014,in,ADP,3002984154512732771,339728,dans,ADP,6959196919681770914,339728
1015,0,0,0,0,les,DET,5902437463952755554,339728
1016,countries,NOUN,13957816561748780037,339728,pays,NOUN,4009823960085937146,339728
1017,richer,ADJ,12183206591224591560,339728,riches,ADJ,13099648235135542908,339728
1018,are,AUX,5012629990875267006,342695,sont,AUX,2183785841973629617,342695
1019,often,ADV,8603663329082222656,342695,souvent,ADV,821433950267086228,342695
1020,inappropriate,ADJ,1630987391741973757,342695,inappropriées,VERB,2439123561331140719,342695
1021,or,CCONJ,3740602843040177340,342695,ou,CCONJ,7904677917145870628,342695
1022,ineffective,ADJ,17397718052442282692,342695,inefficaces,NOUN,14366899178985605189,342695
1023,in,ADP,3002984154512732771,345497,dans,ADP,6959196919681770914,345497
1024,a,DET,11901859001352538922,345497,beaucoup,ADV,9766336526659121080,345497
1025,of,ADP,886050111519832510,345497,de,ADP,11144093025662894627,345497
1026,lot,NOUN,6920515201346452032,345497,pays,NOUN,4009823960085937146,345497
1027,developing,VERB,3366803384199824112,345497,en,ADP,14626626061804382878,345497
1028,countries,NOUN,13957816561748780037,345497,voie,NOUN,12058848413224914023,345497
1029,0,0,0,0,de,ADP,11144093025662894627,345497
1030,0,0,0,0,développement,NOUN,8660105959128505328,345497
1031,.,PUNCT,12646065887601541794,345497,.,PUNCT,12646065887601541794,345497
1032,For,ADP,423185678490233567,347850,Par,ADP,1753069579298643653,347850
1033,example,NOUN,899618643364689362,347850,exemple,NOUN,6085141703336254892,347850
1034,",",PUNCT,2593208677638477497,347850,",",PUNCT,2593208677638477497,347850
1035,it,PRON,10239237003504588839,347850,il,PRON,8081183868394845856,347850
1036,is,AUX,3411606890003347522,347850,est,AUX,14619786160612475726,347850
1037,counterintuitive,ADJ,3211470612381312773,347850,contre-intuitif,ADJ,15713377711950230248,347850
1038,to,PART,3791531372978436496,347850,de,ADP,11144093025662894627,347850
1039,have,AUX,14692702688101715474,347850,faire,VERB,3866958562204505264,347850
1040,0,0,0,0,signer,VERB,11340170411022267470,347850
1041,an,DET,15099054000809333061,350823,un,DET,12188161997964598936,350823
1042,illiterate,ADJ,11759259207505300425,350823,long,ADJ,12965068231793614765,350823
1043,study,NOUN,4251533498015236010,350823,formulaire,ADJ,17033448084521001700,350823
1044,participant,NOUN,3315915883792884868,350823,consentement,NOUN,2236396829064322519,350823
1045,",",PUNCT,2593208677638477497,350823,de,ADP,11144093025662894627,350823
1046,like,SCONJ,18194338103975822726,350823,0,0,0,0
1047,Celine,PROPN,14470097297115573216,350823,0,0,0,0
1048,",",PUNCT,2593208677638477497,350823,0,0,0,0
1049,a,DET,11901859001352538922,353822,des,DET,6923696665978021163,353822
1050,consent,NOUN,8502122544330676507,353822,participants,NOUN,688720313650701041,353822
1051,lengthy,ADJ,13358820778112963755,353822,analphabètes,ADJ,845146024157409025,353822
1052,sign,VERB,13677717534749417047,353822,",",PUNCT,2593208677638477497,353822
1053,that,DET,4380130941430378203,353822,comme,SCONJ,6699011506843298584,353822
1054,form,NOUN,16052413196044414349,353822,Céline,NOUN,9345060135594826758,353822
1055,0,0,0,0,",",PUNCT,2593208677638477497,353822
1056,they,PRON,16875582379069451158,353822,qu',PRON,13574260379477198189,353822
1057,to,PART,3791531372978436496,353822,ils,PRON,7400529878339724166,353822
1058,are,AUX,5012629990875267006,353822,sont,AUX,2183785841973629617,353822
1059,unable,ADJ,5479078682019508,353822,incapable,ADJ,15616650080843423049,353822
1060,0,0,0,0,de,ADP,11144093025662894627,353822
1061,read,VERB,11792590063656742891,353822,lire,VERB,219024502071544056,353822
1062,",",PUNCT,2593208677638477497,353822,",",PUNCT,2593208677638477497,353822
1063,let,VERB,278066919066513387,357149,et,CCONJ,13620178847145827813,357149
1064,alone,ADV,49985297707304326,357149,encore,ADV,11855764264454003551,357149
1065,0,0,0,0,moins,ADV,4309863648335428729,357149
1066,0,0,0,0,de,ADP,11144093025662894627,357149
1067,understand,VERB,2256871070683278179,357149,comprendre,VERB,17519702582982702326,357149
1068,.,PUNCT,12646065887601541794,357149,.,PUNCT,12646065887601541794,357149
1069,Local,ADJ,18380570648207911571,359256,locales,ADJ,5073791311536899255,359256
1070,communities,NOUN,2219141502775456467,359256,communautés,NOUN,12025035328766777364,359256
1071,need,VERB,478886015463313967,359256,doivent,VERB,9729637548678767222,359256
1072,to,PART,3791531372978436496,359256,Les,DET,16238897526868850703,359256
1073,be,AUX,10382539506755952630,359256,être,AUX,198149567613473063,359256
1074,more,ADV,2160362229054775535,359256,plus,ADV,2123754640991541914,359256
1075,involved,ADJ,16516520583231350447,359256,impliquées,ADJ,2310414955138312997,359256
1076,in,ADP,3002984154512732771,362336,dans,ADP,6959196919681770914,362336
1077,establishing,VERB,15755628099686890975,362336,l',DET,11055277117081255759,362336
1078,criteria,NOUN,16578013216656255675,362336,établissement,NOUN,9113034987605807876,362336
1079,the,DET,7425985699627899538,362336,des,DET,6923696665978021163,362336
1080,recruiting,VERB,17828974138558075493,362336,critères,NOUN,4591140837405844402,362336
1081,for,ADP,16037325823156266367,362336,de,ADP,11144093025662894627,362336
1082,participants,NOUN,688720313650701041,362336,recrutement,NOUN,12721585367879675232,362336
1083,0,0,0,0,des,DET,6923696665978021163,362336
1084,0,0,0,0,participants,NOUN,688720313650701041,362336
1085,in,ADP,3002984154512732771,365609,aux,ADJ,405,365609
1086,clinical,ADJ,2114572871053212045,365609,cliniques,ADJ,16958084855436719063,365609
1087,trials,NOUN,2156042093276175838,365609,essais,NOUN,6341535086408066800,365609
1088,",",PUNCT,2593208677638477497,365609,",",PUNCT,2593208677638477497,365609
1089,as,ADV,7437575085468336610,365609,ainsi,ADV,11906536706582700613,365609
1090,well,ADV,4525988469032889948,365609,les,DET,5902437463952755554,365609
1091,as,SCONJ,7437575085468336610,365609,que,SCONJ,11474801393294414462,365609
1092,the,DET,7425985699627899538,365609,la,DET,6804705863737483857,365609
1093,incentives,NOUN,16680006477002862859,365609,incitations,NOUN,10447893663715659893,365609
1094,for,ADP,16037325823156266367,365609,à,ADP,1840659177240090782,365609
1095,participation,NOUN,18150166591859933778,365609,participation,NOUN,18150166591859933778,365609
1096,.,PUNCT,12646065887601541794,365609,.,PUNCT,12646065887601541794,365609
1097,The,DET,5059648917813135842,370310,Les,DET,16238897526868850703,370310
1098,information,NOUN,5552516367584430480,370310,informations,NOUN,4610647947222657699,370310
1099,in,ADP,3002984154512732771,370310,concernant,VERB,17865213422812564344,370310
1100,these,DET,6459564349623679250,370310,ces,DET,10477575395255680452,370310
1101,trials,NOUN,2156042093276175838,370310,essais,NOUN,6341535086408066800,370310
1102,0,0,0,0,cliniques,ADJ,16958084855436719063,370310
1103,needs,VERB,1326643797369586373,372126,doivent,VERB,9729637548678767222,372126
1104,to,PART,3791531372978436496,372126,0,0,0,0
1105,be,AUX,10382539506755952630,372126,être,AUX,198149567613473063,372126
1106,given,VERB,15718315682364332688,372126,données,VERB,1471001329859234630,372126
1107,to,ADP,3791531372978436496,372126,aux,ADJ,405,372126
1108,the,DET,7425985699627899538,372126,0,0,0,0
1109,potential,ADJ,15822686403977818401,372126,potentiels,ADJ,2697875051586792294,372126
1110,participants,NOUN,688720313650701041,372126,participants,NOUN,688720313650701041,372126
1111,in,ADP,3002984154512732771,375077,dans,ADP,6959196919681770914,375077
1112,linguistically,ADV,17662144646913044633,375077,des,DET,6923696665978021163,375077
1113,culturally,ADV,13291525829773337820,375077,formats,NOUN,8783820284807247690,375077
1114,acceptable,ADJ,15635199268207170545,375077,linguistiques,ADJ,16865116679139149175,375077
1115,and,CCONJ,2283656566040971221,375077,et,CCONJ,13620178847145827813,375077
1116,formats,NOUN,8783820284807247690,375077,culturels,NOUN,14875272701179263793,375077
1117,0,0,0,0,acceptables,ADJ,4627540321525866108,375077
1118,.,PUNCT,12646065887601541794,375077,.,PUNCT,12646065887601541794,375077
1119,The,DET,5059648917813135842,379505,Le,DET,17405251050291145966,379505
1120,second,ADJ,18193336062778529705,379505,deuxième,ADJ,16757615388035240005,379505
1121,point,NOUN,15479733260938818482,379505,point,NOUN,15479733260938818482,379505
1122,I,PRON,4690420944186131903,379505,que,PRON,11474801393294414462,379505
1123,would,VERB,6992604926141104606,379505,je,PRON,8612506203511071854,379505
1124,like,VERB,18194338103975822726,379505,voudrais,AUX,4279841427153709728,379505
1125,for,ADP,16037325823156266367,379505,0,0,0,0
1126,you,PRON,7624161793554793053,379505,vous,PRON,6151699640482831038,379505
1127,to,PART,3791531372978436496,379505,0,0,0,0
1128,consider,VERB,17360727451542821422,379505,soumettre,VERB,12727724079014924647,379505
1129,is,AUX,3411606890003347522,382326,est,AUX,14619786160612475726,382326
1130,the,DET,7425985699627899538,382326,le,DET,13361843836202591494,382326
1131,standard,NOUN,4892528069537811086,382326,standard,NOUN,4892528069537811086,382326
1132,of,ADP,886050111519832510,382326,de,ADP,11144093025662894627,382326
1133,care,NOUN,14027581762467160941,382326,soin,NOUN,18373359453273658746,382326
1134,that,DET,4380130941430378203,382326,qui,PRON,18025162834834030610,382326
1135,is,AUX,3411606890003347522,382326,est,AUX,14619786160612475726,382326
1136,provided,VERB,333741129952275274,382326,fourni,VERB,14121893539669161495,382326
1137,to,ADP,3791531372978436496,384764,aux,ADJ,405,384764
1138,participants,NOUN,688720313650701041,384764,participants,NOUN,688720313650701041,384764
1139,within,ADP,7666004699573636134,384764,dans,ADP,6959196919681770914,384764
1140,any,DET,13148361048351484388,384764,les,DET,5902437463952755554,384764
1141,clinical,ADJ,2114572871053212045,384764,cliniques,ADJ,16958084855436719063,384764
1142,trial,NOUN,17825847762981951240,384764,essais,NOUN,6341535086408066800,384764
1143,.,PUNCT,12646065887601541794,384764,.,PUNCT,12646065887601541794,384764
1144,Now,ADV,13923566239961886281,387710,largement,ADV,15504600037891846630,387710
1145,",",PUNCT,2593208677638477497,387710,point,NOUN,15479733260938818482,387710
1146,this,DET,1995909169258310477,387710,Ce,DET,10217257574287006157,387710
1147,is,AUX,3411606890003347522,387710,est,AUX,14619786160612475726,387710
1148,subject,ADJ,15643352692411922430,387710,sujet,ADJ,16509512374981535802,387710
1149,to,ADP,3791531372978436496,387710,à,ADP,1840659177240090782,387710
1150,a,DET,11901859001352538922,387710,0,0,0,0
1151,lot,NOUN,6920515201346452032,387710,débat,NOUN,2739632362292139395,387710
1152,of,ADP,886050111519832510,387710,à,ADP,1840659177240090782,387710
1153,debate,NOUN,18155832865155370377,387710,controverse,NOUN,1151014057336798335,387710
1154,and,CCONJ,2283656566040971221,387710,et,CCONJ,13620178847145827813,387710
1155,controversy,NOUN,15751828339246612462,387710,0,0,0,0
1156,.,PUNCT,12646065887601541794,387710,0,0,0,0
1157,Should,VERB,3304949189488015084,391407,Est,,16793024966044232030,391407
1158,0,0,0,0,-ce,PRON,18265511929968616396,391407
1159,0,0,0,0,que,SCONJ,11474801393294414462,391407
1160,the,DET,7425985699627899538,391407,le,DET,13361843836202591494,391407
1161,group,NOUN,16767868930224892138,391407,groupe,NOUN,10593683794932491354,391407
1162,control,NOUN,572204754761179701,391407,témoin,NOUN,7988403095204696262,391407
1163,in,ADP,3002984154512732771,391407,dans,ADP,6959196919681770914,391407
1164,the,DET,7425985699627899538,391407,l',DET,11055277117081255759,391407
1165,trial,NOUN,17825847762981951240,391407,étude,NOUN,9168378136254602260,391407
1166,clinical,ADJ,2114572871053212045,391407,clinique,ADJ,7328475835860795575,391407
1167,be,AUX,10382539506755952630,394388,doit,AUX,13707113281892827936,394388
1168,given,VERB,15718315682364332688,394388,recevoir,VERB,3838424543934928445,394388
1169,the,DET,7425985699627899538,394388,le,DET,13361843836202591494,394388
1170,best,ADJ,6250203919658647129,394388,meilleur,ADJ,9932848326772889269,394388
1171,current,ADJ,7767688868289770563,394388,disponible,ADJ,11065479836645842960,394388
1172,treatment,NOUN,17998780750743588112,394388,traitement,NOUN,17315432999375353101,394388
1173,which,DET,7063653163634019529,394388,actuellement,ADV,8819730030008940038,394388
1174,is,AUX,3411606890003347522,394388,0,0,0,0
1175,available,ADJ,4887332976578131782,394388,0,0,0,0
1176,anywhere,ADV,5899329028063008718,397661,n',ADV,6790753473526118935,397661
1177,0,0,0,0,importe,VERB,16677760881087293303,397661
1178,0,0,0,0,où,PRON,779685322035147723,397661
1179,in,ADP,3002984154512732771,397661,dans,ADP,6959196919681770914,397661
1180,the,DET,7425985699627899538,397661,le,DET,13361843836202591494,397661
1181,world,NOUN,1703489418272052182,397661,monde,NOUN,6271367927324676804,397661
1182,?,PUNCT,8205403955989537350,397661,?,PUNCT,8205403955989537350,397661
1183,Or,CCONJ,8253460499044575564,399741,Ou,CCONJ,5974218975578708237,399741
1184,should,VERB,10292920167869855674,399741,est,,14619786160612475726,399741
1185,they,PRON,16875582379069451158,399741,-ce,PRON,18265511929968616396,399741
1186,0,0,0,0,qu',SCONJ,13574260379477198189,399741
1187,alternative,ADJ,17024108707146051813,399741,il,PRON,8081183868394845856,399741
1188,be,AUX,10382539506755952630,399741,doit,AUX,13707113281892827936,399741
1189,given,VERB,15718315682364332688,399741,recevoir,VERB,3838424543934928445,399741
1190,an,DET,15099054000809333061,399741,un,DET,12188161997964598936,399741
1191,standard,NOUN,4892528069537811086,399741,standard,NOUN,4892528069537811086,399741
1192,of,ADP,886050111519832510,399741,de,ADP,11144093025662894627,399741
1193,care,NOUN,14027581762467160941,399741,traitement,NOUN,17315432999375353101,399741
1194,",",PUNCT,2593208677638477497,399741,alternatif,ADJ,15465019978463950647,399741
1195,such,ADJ,13040105543478938413,402709,0,0,0,0
1196,as,SCONJ,7437575085468336610,402709,comme,SCONJ,6699011506843298584,402709
1197,the,DET,7425985699627899538,402709,le,DET,13361843836202591494,402709
1198,best,ADJ,6250203919658647129,402709,meilleur,ADJ,9932848326772889269,402709
1199,current,ADJ,7767688868289770563,402709,actuellement,ADV,8819730030008940038,402709
1200,treatment,NOUN,17998780750743588112,402709,traitement,NOUN,17315432999375353101,402709
1201,available,ADJ,4887332976578131782,402709,disponible,ADJ,11065479836645842960,402709
1202,in,ADP,3002984154512732771,405597,dans,ADP,6959196919681770914,405597
1203,the,DET,7425985699627899538,405597,le,DET,13361843836202591494,405597
1204,country,NOUN,12290671265767728302,405597,pays,NOUN,4009823960085937146,405597
1205,in,ADP,3002984154512732771,405597,dans,ADP,6959196919681770914,405597
1206,which,DET,7063653163634019529,405597,lequel,PRON,9351691102884373384,405597
1207,the,DET,7425985699627899538,405597,l',DET,11055277117081255759,405597
1208,research,NOUN,4129690550177407157,405597,étude,NOUN,9168378136254602260,405597
1209,is,AUX,3411606890003347522,405597,est,AUX,14619786160612475726,405597
1210,being,AUX,3899131925553995529,405597,0,0,0,0
1211,conducted,VERB,13464636772350774058,405597,menée,VERB,17920970278644891734,405597
1212,?,PUNCT,8205403955989537350,405597,?,PUNCT,8205403955989537350,405597
1213,Is,AUX,12346995674149584082,408909,Est,NOUN,16793024966044232030,408909
1214,fair,ADJ,11191803910721307139,408909,-,PUNCT,9153284864653046197,408909
1215,it,PRON,10239237003504588839,408909,il,PRON,8081183868394845856,408909
1216,to,PART,3791531372978436496,408909,juste,VERB,5260049946928565178,408909
1217,0,0,0,0,d',ADP,18329478872494918915,408909
1218,evaluate,VERB,1381294825394259025,408909,évaluer,VERB,14101491407138981001,408909
1219,a,DET,11901859001352538922,408909,un,DET,12188161997964598936,408909
1220,regimen,NOUN,4638122350050353050,408909,régime,NOUN,9254479912795649024,408909
1221,0,0,0,0,de,ADP,11144093025662894627,408909
1222,treatment,NOUN,17998780750743588112,408909,traitement,NOUN,17315432999375353101,408909
1223,which,DET,7063653163634019529,412249,qui,PRON,18025162834834030610,412249
1224,may,VERB,14378475389916013800,412249,pourrait,VERB,11855723137980050585,412249
1225,not,PART,447765159362469301,412249,ne,ADV,6065859282030310819,412249
1226,affordable,ADJ,11711833024548864941,412249,pas,ADV,162626740300448766,412249
1227,be,AUX,10382539506755952630,412249,être,AUX,198149567613473063,412249
1228,accessible,ADJ,2642031963734871257,412249,abordable,ADJ,848282031902192294,412249
1229,or,CCONJ,3740602843040177340,412249,ou,CCONJ,7904677917145870628,412249
1230,0,0,0,0,accessible,NOUN,2642031963734871257,412249
1231,to,ADP,3791531372978436496,415325,de,ADP,11144093025662894627,415325
1232,the,DET,7425985699627899538,415325,l',DET,11055277117081255759,415325
1233,study,NOUN,4251533498015236010,415325,participants,NOUN,688720313650701041,415325
1234,participants,NOUN,688720313650701041,415325,étude,NOUN,9168378136254602260,415325
1235,once,SCONJ,18381768081115421630,415325,aux,ADJ,405,415325
1236,the,DET,7425985699627899538,415325,une,DET,16752500866415647,415325
1237,research,NOUN,4129690550177407157,415325,fois,NOUN,25389435430533786,415325
1238,has,AUX,1248239241591158246,415325,les,DET,5902437463952755554,415325
1239,been,AUX,12517269084653561647,415325,essais,NOUN,6341535086408066800,415325
1240,completed,VERB,6902582109160719430,415325,terminés,VERB,6758092531006302298,415325
1241,?,PUNCT,8205403955989537350,415325,?,PUNCT,8205403955989537350,415325
1242,Now,ADV,13923566239961886281,419295,0,0,0,0
1243,",",PUNCT,2593208677638477497,419295,0,0,0,0
1244,in,ADP,3002984154512732771,419295,Dans,ADP,7599904022328638024,419295
1245,a,DET,11901859001352538922,419295,le,DET,13361843836202591494,419295
1246,situation,NOUN,13467163215399432703,419295,cas,NOUN,16256677867477813697,419295
1247,where,ADV,16318918034475841628,419295,où,PRON,779685322035147723,419295
1248,the,DET,7425985699627899538,419295,le,DET,13361843836202591494,419295
1249,best,ADJ,6250203919658647129,419295,actuel,ADJ,15437486679655991681,419295
1250,current,ADJ,7767688868289770563,419295,meilleur,ADJ,9932848326772889269,419295
1251,treatment,NOUN,17998780750743588112,419295,traitement,NOUN,17315432999375353101,419295
1252,is,AUX,3411606890003347522,423036,est,AUX,14619786160612475726,423036
1253,0,0,0,0,peu,ADV,8637690577923243362,423036
1254,inexpensive,ADJ,6169152179704340276,423036,couteux,ADJ,14739498061740763551,423036
1255,and,CCONJ,2283656566040971221,423036,et,CCONJ,13620178847145827813,423036
1256,simple,ADJ,14749329488166600143,423036,simple,ADJ,14749329488166600143,423036
1257,to,PART,3791531372978436496,423036,à,ADP,1840659177240090782,423036
1258,deliver,VERB,9306182646126209050,423036,fournir,VERB,4534299787126630843,423036
1259,",",PUNCT,2593208677638477497,423036,",",PUNCT,2593208677638477497,423036
1260,the,DET,7425985699627899538,425675,la,DET,6804705863737483857,425675
1261,answer,NOUN,10726089026535385654,425675,réponse,NOUN,11538330789756218828,425675
1262,is,AUX,3411606890003347522,425675,est,AUX,14619786160612475726,425675
1263,straightforward,ADJ,15519904426759258894,425675,simple,ADJ,14749329488166600143,425675
1264,.,PUNCT,12646065887601541794,425675,.,PUNCT,12646065887601541794,425675
1265,However,ADV,11935558616188258213,427703,Cependant,ADV,18004697191813398051,427703
1266,",",PUNCT,2593208677638477497,427703,",",PUNCT,2593208677638477497,427703
1267,the,DET,7425985699627899538,427703,le,DET,13361843836202591494,427703
1268,best,ADJ,6250203919658647129,427703,meilleur,ADJ,9932848326772889269,427703
1269,current,ADJ,7767688868289770563,427703,disponible,ADJ,11065479836645842960,427703
1270,treatment,NOUN,17998780750743588112,427703,traitement,NOUN,17315432999375353101,427703
1271,available,ADJ,4887332976578131782,427703,0,0,0,0
1272,anywhere,ADV,5899329028063008718,430853,n',ADV,6790753473526118935,430853
1273,0,0,0,0,importe,VERB,16677760881087293303,430853
1274,0,0,0,0,où,PRON,779685322035147723,430853
1275,in,ADP,3002984154512732771,430853,dans,ADP,6959196919681770914,430853
1276,the,DET,7425985699627899538,430853,le,DET,13361843836202591494,430853
1277,world,NOUN,1703489418272052182,430853,monde,NOUN,6271367927324676804,430853
1278,is,AUX,3411606890003347522,430853,est,AUX,14619786160612475726,430853
1279,very,ADV,9548244504980166557,430853,souvent,ADV,821433950267086228,430853
1280,often,ADV,8603663329082222656,430853,très,ADV,5241201599711993136,430853
1281,difficult,ADJ,7358858360747440042,430853,difficile,ADJ,1748450837886111234,430853
1282,to,PART,3791531372978436496,433740,à,ADP,1840659177240090782,433740
1283,provide,VERB,3805418597433244348,433740,fournir,VERB,4534299787126630843,433740
1284,in,ADP,3002984154512732771,433740,dans,ADP,6959196919681770914,433740
1285,developing,VERB,3366803384199824112,433740,les,DET,5902437463952755554,433740
1286,countries,NOUN,13957816561748780037,433740,pays,NOUN,4009823960085937146,433740
1287,0,0,0,0,en,ADP,14626626061804382878,433740
1288,0,0,0,0,voie,NOUN,12058848413224914023,433740
1289,0,0,0,0,de,ADP,11144093025662894627,433740
1290,0,0,0,0,développement,NOUN,8660105959128505328,433740
1291,.,PUNCT,12646065887601541794,433740,.,PUNCT,12646065887601541794,433740
1292,It,PRON,7859011591137717335,436427,il,PRON,8081183868394845856,436427
1293,is,AUX,3411606890003347522,436427,est,AUX,14619786160612475726,436427
1294,important,ADJ,5951875591235763184,436427,important,ADJ,5951875591235763184,436427
1295,to,PART,3791531372978436496,436427,d',ADP,18329478872494918915,436427
1296,assess,VERB,2942672831277809546,436427,évaluer,VERB,14101491407138981001,436427
1297,the,DET,7425985699627899538,436427,les,DET,5902437463952755554,436427
1298,risks,NOUN,7019744274068724191,436427,risques,NOUN,4016419270728431636,436427
1299,and,CCONJ,2283656566040971221,436427,et,CCONJ,13620178847145827813,436427
1300,0,0,0,0,les,DET,5902437463952755554,436427
1301,benefits,NOUN,14486975567459880298,436427,bénéfices,NOUN,2964065411588500186,436427
1302,potential,ADJ,15822686403977818401,436427,potentiels,ADJ,2697875051586792294,436427
1303,of,ADP,886050111519832510,439979,0,0,0,0
1304,the,DET,7425985699627899538,439979,des,DET,6923696665978021163,439979
1305,standard,NOUN,4892528069537811086,439979,standards,NOUN,11470886225348366848,439979
1306,of,ADP,886050111519832510,439979,de,ADP,11144093025662894627,439979
1307,care,NOUN,14027581762467160941,439979,soin,NOUN,18373359453273658746,439979
1308,which,DET,7063653163634019529,439979,qui,PRON,18025162834834030610,439979
1309,is,AUX,3411606890003347522,439979,sont,AUX,2183785841973629617,439979
1310,to,PART,3791531372978436496,439979,0,0,0,0
1311,be,AUX,10382539506755952630,439979,0,0,0,0
1312,provided,VERB,333741129952275274,439979,fournis,VERB,12051607064783466924,439979
1313,to,ADP,3791531372978436496,442756,aux,ADJ,405,442756
1314,participants,NOUN,688720313650701041,442756,participants,NOUN,688720313650701041,442756
1315,in,ADP,3002984154512732771,442756,dans,ADP,6959196919681770914,442756
1316,any,DET,13148361048351484388,442756,toute,DET,12342536481348422681,442756
1317,clinical,ADJ,2114572871053212045,442756,clinique,ADJ,7328475835860795575,442756
1318,trial,NOUN,17825847762981951240,442756,étude,NOUN,9168378136254602260,442756
1319,",",PUNCT,2593208677638477497,442756,",",PUNCT,2593208677638477497,442756
1320,and,CCONJ,2283656566040971221,445237,et,CCONJ,13620178847145827813,445237
1321,establish,VERB,1940088560065702450,445237,établir,VERB,14547978792492891029,445237
1322,one,NUM,17454115351911680600,445237,d',ADP,18329478872494918915,445237
1323,which,DET,7063653163634019529,445237,lesquels,PRON,10296888186704118314,445237
1324,is,AUX,3411606890003347522,445237,sont,AUX,2183785841973629617,445237
1325,relevant,ADJ,17355397762532421057,445237,pertinents,NOUN,5182029177462275253,445237
1326,for,ADP,16037325823156266367,445237,dans,ADP,6959196919681770914,445237
1327,the,DET,7425985699627899538,445237,le,DET,13361843836202591494,445237
1328,context,NOUN,4351783600509501051,445237,contexte,NOUN,5655122328117615628,445237
1329,of,ADP,886050111519832510,445237,de,ADP,11144093025662894627,445237
1330,the,DET,7425985699627899538,445237,l',DET,11055277117081255759,445237
1331,study,NOUN,4251533498015236010,445237,étude,NOUN,9168378136254602260,445237
1332,and,CCONJ,2283656566040971221,450685,et,CCONJ,13620178847145827813,450685
1333,most,ADV,11104729984170784471,450685,plus,ADV,2123754640991541914,450685
1334,beneficial,ADJ,1546072716529728834,450685,bénéfiques,ADJ,17377573867525873536,450685
1335,for,ADP,16037325823156266367,450685,pour,ADP,4302925298007755726,450685
1336,the,DET,7425985699627899538,450685,les,DET,5902437463952755554,450685
1337,participants,NOUN,688720313650701041,450685,participants,NOUN,688720313650701041,450685
1338,within,ADP,7666004699573636134,450685,aux,ADJ,405,450685
1339,the,DET,7425985699627899538,450685,les,DET,5902437463952755554,450685
1340,study,NOUN,4251533498015236010,450685,essais,ADJ,6341535086408066800,450685
1341,.,PUNCT,12646065887601541794,450685,.,PUNCT,12646065887601541794,450685
1342,That,DET,4759254855483594167,454182,Ceci,PRON,15930291014630082592,454182
1343,brings,VERB,3550784367332140470,454182,amène,NOUN,13921519601669021419,454182
1344,us,PRON,4950757572332304006,454182,nous,PRON,15994519860812886258,454182
1345,to,ADP,3791531372978436496,454182,au,X,11216685815786043991,454182
1346,the,DET,7425985699627899538,454182,que,PRON,11474801393294414462,454182
1347,third,ADJ,6297298663477291791,454182,troisième,ADJ,4355951071752209247,454182
1348,point,NOUN,15479733260938818482,454182,point,NOUN,15479733260938818482,454182
1349,I,PRON,4690420944186131903,454182,je,PRON,8612506203511071854,454182
1350,want,VERB,7597692042947428029,454182,souhaiterais,AUX,1328786170239516083,454182
1351,you,PRON,7624161793554793053,454182,vous,PRON,6151699640482831038,454182
1352,think,VERB,16875814820671380748,454182,soumettre,VERB,12727724079014924647,454182
1353,about,ADP,942632335873952620,454182,0,0,0,0
1354,:,PUNCT,11532473245541075862,454182,:,PUNCT,11532473245541075862,454182
1355,the,DET,7425985699627899538,457433,l',DET,11055277117081255759,457433
1356,review,NOUN,6618089098118556736,457433,examen,NOUN,5836111986033979508,457433
1357,ethical,ADJ,6472221427036573472,457433,éthique,ADJ,3649866173176019764,457433
1358,of,ADP,886050111519832510,457433,de,ADP,11144093025662894627,457433
1359,0,0,0,0,la,DET,6804705863737483857,457433
1360,research,NOUN,4129690550177407157,457433,recherche,NOUN,8806048816990155829,457433
1361,.,PUNCT,12646065887601541794,457433,.,PUNCT,12646065887601541794,457433
1362,An,DET,17652899683494573057,460284,Un,DET,362773788461399393,460284
1363,effective,ADJ,12183215790900673582,460284,efficace,ADJ,4799829699845141345,460284
1364,system,NOUN,16001232513058686804,460284,système,NOUN,3890726974331609913,460284
1365,for,ADP,16037325823156266367,460284,pour,ADP,4302925298007755726,460284
1366,reviewing,VERB,10697678286628255332,460284,examiner,VERB,5645163792780660084,460284
1367,the,DET,7425985699627899538,460284,l',DET,11055277117081255759,460284
1368,ethical,ADJ,6472221427036573472,460284,éthique,ADJ,3649866173176019764,460284
1369,suitability,NOUN,14206886144760994305,460284,adéquation,NOUN,16345927661872629372,460284
1370,clinical,ADJ,2114572871053212045,464083,des,DET,6923696665978021163,464083
1371,trials,NOUN,2156042093276175838,464083,essais,NOUN,6341535086408066800,464083
1372,primordial,ADJ,12364060505517100907,464083,cliniques,ADJ,16958084855436719063,464083
1373,is,AUX,3411606890003347522,464083,est,AUX,14619786160612475726,464083
1374,safeguard,VERB,4376390381401296184,464083,primordial,VERB,12364060505517100907,464083
1375,of,ADP,886050111519832510,464083,pour,ADP,4302925298007755726,464083
1376,to,PART,3791531372978436496,464083,la,DET,6804705863737483857,464083
1377,participants,NOUN,688720313650701041,464083,sécurité,NOUN,10202354863308806566,464083
1378,0,0,0,0,des,DET,6923696665978021163,464083
1379,0,0,0,0,participants,NOUN,688720313650701041,464083
1380,within,ADP,7666004699573636134,468211,dans,ADP,6959196919681770914,468211
1381,any,DET,13148361048351484388,468211,toute,DET,12342536481348422681,468211
1382,clinical,ADJ,2114572871053212045,468211,clinique,ADJ,7328475835860795575,468211
1383,trial,NOUN,17825847762981951240,468211,étude,NOUN,9168378136254602260,468211
1384,.,PUNCT,12646065887601541794,468211,.,PUNCT,12646065887601541794,468211
1385,Unfortunately,ADV,16843854894863473726,470324,Malheureusement,ADV,229201037505294840,470324
1386,",",PUNCT,2593208677638477497,470324,",",PUNCT,2593208677638477497,470324
1387,this,DET,1995909169258310477,470324,il,PRON,8081183868394845856,470324
1388,is,AUX,3411606890003347522,470324,est,AUX,14619786160612475726,470324
1389,often,ADV,8603663329082222656,470324,souvent,ADV,821433950267086228,470324
1390,lacking,VERB,16453745542605623603,470324,absent,ADV,10480242113835854118,470324
1391,or,CCONJ,3740602843040177340,473236,ou,CCONJ,7904677917145870628,473236
1392,inefficient,ADJ,17106655604581489344,473236,inefficace,ADJ,6135881603334927644,473236
1393,in,ADP,3002984154512732771,473236,dans,ADP,6959196919681770914,473236
1394,a,DET,11901859001352538922,473236,beaucoup,ADV,9766336526659121080,473236
1395,of,ADP,886050111519832510,473236,de,ADP,11144093025662894627,473236
1396,lot,NOUN,6920515201346452032,473236,pays,NOUN,4009823960085937146,473236
1397,developing,VERB,3366803384199824112,473236,voie,NOUN,12058848413224914023,473236
1398,0,0,0,0,de,ADP,11144093025662894627,473236
1399,countries,NOUN,13957816561748780037,473236,développement,NOUN,8660105959128505328,473236
1400,.,PUNCT,12646065887601541794,473236,.,PUNCT,12646065887601541794,473236
1401,need,VERB,478886015463313967,476764,Les,DET,16238897526868850703,476764
1402,governments,NOUN,2595847736140886774,476764,gouvernements,NOUN,15145672482628667741,476764
1403,Local,ADJ,18380570648207911571,476764,locaux,ADJ,15045867986004499971,476764
1404,to,PART,3791531372978436496,476764,doivent,AUX,9729637548678767222,476764
1405,set,VERB,11268780503345276587,476764,mettre,VERB,9705990288127644434,476764
1406,up,ADP,2199259611705938403,476764,en,ADP,14626626061804382878,476764
1407,effective,ADJ,12183215790900673582,476764,place,NOUN,7512738811199700769,476764
1408,0,0,0,0,des,DET,6923696665978021163,476764
1409,systems,NOUN,2784036749983215141,476764,systèmes,NOUN,8094712560235445175,476764
1410,for,ADP,16037325823156266367,481127,de,ADP,11144093025662894627,481127
1411,0,0,0,0,contrôle,NOUN,110298003631876724,481127
1412,the,DET,7425985699627899538,481127,des,DET,6923696665978021163,481127
1413,issues,NOUN,12931238529352173609,481127,questions,NOUN,3626233646565002230,481127
1414,ethical,ADJ,6472221427036573472,481127,éthiques,ADJ,15198960458253755073,481127
1415,around,ADP,3194226484742107227,481127,qui,PRON,18025162834834030610,481127
1416,reviewing,VERB,10697678286628255332,481127,entourent,VERB,18145690335996407423,481127
1417,the,DET,7425985699627899538,481127,les,DET,5902437463952755554,481127
1418,trials,NOUN,2156042093276175838,481127,essais,NOUN,6341535086408066800,481127
1419,clinical,ADJ,2114572871053212045,481127,cliniques,ADJ,16958084855436719063,481127
1420,authorized,VERB,6986451536581902674,484004,autorisés,VERB,7238392703949313859,484004
1421,are,AUX,5012629990875267006,484004,dans,ADP,6959196919681770914,484004
1422,different,ADJ,17379251038783395147,484004,différents,ADJ,3931694212643454913,484004
1423,which,DET,7063653163634019529,484004,pays,NOUN,4009823960085937146,484004
1424,in,ADP,3002984154512732771,484004,en,ADP,14626626061804382878,484004
1425,developing,VERB,3366803384199824112,484004,voie,NOUN,12058848413224914023,484004
1426,0,0,0,0,de,ADP,11144093025662894627,484004
1427,countries,NOUN,13957816561748780037,484004,développement,NOUN,8660105959128505328,484004
1428,",",PUNCT,2593208677638477497,484004,",",PUNCT,2593208677638477497,484004
1429,and,CCONJ,2283656566040971221,487921,et,CCONJ,13620178847145827813,487921
1430,they,PRON,16875582379069451158,487921,ils,PRON,7400529878339724166,487921
1431,need,VERB,478886015463313967,487921,doivent,VERB,9729637548678767222,487921
1432,to,PART,3791531372978436496,487921,pour,ADP,4302925298007755726,487921
1433,do,AUX,2158845516055552166,487921,ce,PRON,5293259605002647980,487921
1434,this,DET,1995909169258310477,487921,faire,VERB,3866958562204505264,487921
1435,by,ADP,16764210730586636600,487921,en,ADP,14626626061804382878,487921
1436,setting,VERB,925525334295428357,487921,mettre,VERB,9705990288127644434,487921
1437,up,ADP,2199259611705938403,487921,place,NOUN,7512738811199700769,487921
1438,ethical,ADJ,6472221427036573472,490195,d',ADP,18329478872494918915,490195
1439,review,NOUN,6618089098118556736,490195,comités,NOUN,3397959911341650911,490195
1440,committees,NOUN,2654435881771107649,490195,éthique,NUM,3649866173176019764,490195
1441,that,DET,4380130941430378203,490195,0,0,0,0
1442,are,AUX,5012629990875267006,490195,0,0,0,0
1443,independent,ADJ,4184034130282193152,490195,indépendants,ADJ,13321983503952770204,490195
1444,of,ADP,886050111519832510,492705,des,DET,6923696665978021163,492705
1445,the,DET,7425985699627899538,492705,des,DET,6923696665978021163,492705
1446,government,NOUN,3625794390087546215,492705,gouvernements,NOUN,15145672482628667741,492705
1447,and,CCONJ,2283656566040971221,492705,ou,CCONJ,7904677917145870628,492705
1448,research,NOUN,4129690550177407157,492705,commanditaires,NOUN,6060533621959728555,492705
1449,sponsors,NOUN,1568445688534561413,492705,0,0,0,0
1450,.,PUNCT,12646065887601541794,492705,.,PUNCT,12646065887601541794,492705
1451,Public,ADJ,6171839206055514097,496090,On,PRON,9434774322673848734,496090
1452,be,AUX,10382539506755952630,496090,doit,AUX,13707113281892827936,496090
1453,needs,VERB,1326643797369586373,496090,encourager,VERB,5598935188924777927,496090
1454,to,PART,3791531372978436496,496090,à,ADP,1840659177240090782,496090
1455,promoted,VERB,13226578699959901158,496090,rendre,VERB,10844619616850343688,496090
1456,0,0,0,0,des,DET,6923696665978021163,496090
1457,accountability,NOUN,4363136251652055266,496090,comptes,NOUN,4270165435848302701,496090
1458,0,0,0,0,à,ADP,1840659177240090782,496090
1459,0,0,0,0,la,DET,6804705863737483857,496090
1460,0,0,0,0,population,NOUN,3855458763365470110,496090
1461,through,ADP,18216413589307435838,498500,à,ADP,1840659177240090782,498500
1462,transparency,NOUN,16705303300584719577,498500,travers,NOUN,1367197693629132720,498500
1463,0,0,0,0,la,DET,6804705863737483857,498500
1464,review,NOUN,6618089098118556736,498500,transparence,NOUN,10130511613644423228,498500
1465,and,CCONJ,2283656566040971221,498500,et,CCONJ,13620178847145827813,498500
1466,0,0,0,0,l',DET,11055277117081255759,498500
1467,0,0,0,0,analyse,NOUN,4001921994886326243,498500
1468,independent,ADJ,4184034130282193152,498500,indépendante,ADJ,11082845150419217104,498500
1469,by,ADP,16764210730586636600,501733,par,ADP,11560817535472117264,501733
1470,nongovernmental,ADJ,12876686132931267231,501733,des,DET,6923696665978021163,501733
1471,and,CCONJ,2283656566040971221,501733,0,0,0,0
1472,international,ADJ,6392893036165415004,501733,internationales,ADJ,2560984412831407041,501733
1473,organizations,NOUN,13475968074239666840,501733,ONG,NOUN,12513367827726756571,501733
1474,as,SCONJ,7437575085468336610,504772,comme,SCONJ,6699011506843298584,504772
1475,appropriate,ADJ,2674719509403399314,504772,il,PRON,8081183868394845856,504772
1476,0,0,0,0,convient,VERB,6538261704890366880,504772
1477,.,PUNCT,12646065887601541794,504772,.,PUNCT,12646065887601541794,504772
1478,The,DET,5059648917813135842,506343,Le,DET,17405251050291145966,506343
1479,final,ADJ,17941709405052808741,506343,dernier,ADJ,3520743209281730893,506343
1480,point,NOUN,15479733260938818482,506343,point,NOUN,15479733260938818482,506343
1481,I,PRON,4690420944186131903,506343,que,PRON,11474801393294414462,506343
1482,would,VERB,6992604926141104606,506343,je,PRON,8612506203511071854,506343
1483,like,VERB,18194338103975822726,506343,voudrais,AUX,4279841427153709728,506343
1484,for,ADP,16037325823156266367,506343,0,0,0,0
1485,you,PRON,7624161793554793053,506343,vous,PRON,6151699640482831038,506343
1486,to,PART,3791531372978436496,506343,ce,DET,5293259605002647980,506343
1487,consider,VERB,17360727451542821422,506343,soumettre,VERB,12727724079014924647,506343
1488,tonight,NOUN,8140828781860861265,506343,soir,NOUN,178598295511725387,506343
1489,is,AUX,3411606890003347522,509853,est,AUX,14619786160612475726,509853
1490,what,PRON,5865838185239622912,509853,ce,PRON,5293259605002647980,509853
1491,0,0,0,0,qui,PRON,18025162834834030610,509853
1492,happens,VERB,3853570915800888289,509853,arrive,VERB,15357328220926964755,509853
1493,to,ADP,3791531372978436496,509853,aux,ADJ,405,509853
1494,participants,NOUN,688720313650701041,509853,participants,NOUN,688720313650701041,509853
1495,in,ADP,3002984154512732771,509853,de,ADP,11144093025662894627,509853
1496,the,DET,7425985699627899538,509853,l',DET,11055277117081255759,509853
1497,trial,NOUN,17825847762981951240,509853,étude,NOUN,9168378136254602260,509853
1498,clinical,ADJ,2114572871053212045,509853,clinique,ADJ,7328475835860795575,509853
1499,once,SCONJ,18381768081115421630,513076,une,DET,16752500866415647,513076
1500,the,DET,7425985699627899538,513076,les,DET,5902437463952755554,513076
1501,research,NOUN,4129690550177407157,513076,fois,NOUN,25389435430533786,513076
1502,has,AUX,1248239241591158246,513076,recherches,NOUN,2206004219407128916,513076
1503,been,AUX,12517269084653561647,513076,0,0,0,0
1504,completed,VERB,6902582109160719430,513076,terminées,VERB,10656317001304657990,513076
1505,.,PUNCT,12646065887601541794,513076,.,PUNCT,12646065887601541794,513076
1506,I,PRON,4690420944186131903,515851,Je,PRON,2628248770713310789,515851
1507,think,VERB,16875814820671380748,515851,pense,VERB,12846231688416634999,515851
1508,wrong,ADJ,6602569202175044994,515851,qu',SCONJ,13574260379477198189,515851
1509,it,PRON,10239237003504588839,515851,il,PRON,8081183868394845856,515851
1510,is,AUX,3411606890003347522,515851,est,AUX,14619786160612475726,515851
1511,absolutely,ADV,8657618292496758280,515851,totalement,ADV,937011743644500618,515851
1512,begin,VERB,11234294172215200015,515851,injustifié,VERB,12860963873288480634,515851
1513,for,ADP,16037325823156266367,515851,que,SCONJ,11474801393294414462,515851
1514,to,PART,3791531372978436496,515851,des,DET,6923696665978021163,515851
1515,research,NOUN,4129690550177407157,515851,recherches,NOUN,2206004219407128916,515851
1516,0,0,0,0,commencent,NOUN,13566455743332136681,515851
1517,in,ADP,3002984154512732771,519325,en,ADP,14626626061804382878,519325
1518,the,DET,7425985699627899538,519325,0,0,0,0
1519,first,ADJ,11860158879560853892,519325,premier,ADJ,24020307224967470,519325
1520,place,NOUN,7512738811199700769,519325,lieu,NOUN,6213545402287354208,519325
1521,without,ADP,4711265942760212190,519325,sans,ADP,9657006580796694207,519325
1522,a,DET,11901859001352538922,519325,un,DET,12188161997964598936,519325
1523,clear,ADJ,12321238655908089075,519325,clair,ADJ,14055322304516833165,519325
1524,plan,NOUN,6610255016299222351,519325,plan,NOUN,6610255016299222351,519325
1525,for,ADP,16037325823156266367,521837,de,ADP,11144093025662894627,521837
1526,what,PRON,5865838185239622912,521837,ce,PRON,5293259605002647980,521837
1527,would,VERB,6992604926141104606,521837,qui,PRON,18025162834834030610,521837
1528,happen,VERB,193386613490856276,521837,arrivera,VERB,14532716289195631414,521837
1529,to,ADP,3791531372978436496,521837,aux,ADJ,405,521837
1530,the,DET,7425985699627899538,521837,0,0,0,0
1531,participants,NOUN,688720313650701041,521837,participants,NOUN,688720313650701041,521837
1532,once,SCONJ,18381768081115421630,523916,une,DET,16752500866415647,523916
1533,the,DET,7425985699627899538,523916,l',DET,11055277117081255759,523916
1534,trial,NOUN,17825847762981951240,523916,fois,NOUN,25389435430533786,523916
1535,has,AUX,1248239241591158246,523916,essai,NOUN,7938939179498311145,523916
1536,ended,VERB,15514233349186999473,523916,terminé,VERB,13777048342341549246,523916
1537,.,PUNCT,12646065887601541794,523916,.,PUNCT,12646065887601541794,523916
1538,Now,ADV,13923566239961886281,526356,Les,DET,16238897526868850703,526356
1539,researchers,NOUN,7692331408493112439,526356,chercheurs,NOUN,10976893143868093033,526356
1540,",",PUNCT,2593208677638477497,526356,doivent,AUX,9729637548678767222,526356
1541,need,VERB,478886015463313967,526356,fournir,VERB,4534299787126630843,526356
1542,to,PART,3791531372978436496,526356,tous,ADJ,9219070020730443276,526356
1543,every,DET,2739543297294151269,526356,les,DET,5902437463952755554,526356
1544,effort,NOUN,16063815365313478483,526356,efforts,NOUN,17767389302598502237,526356
1545,make,VERB,9614445426764226664,526356,nécessaires,ADJ,2789240237731070526,526356
1546,to,PART,3791531372978436496,526356,pour,ADP,4302925298007755726,526356
1547,that,DET,4380130941430378203,526356,s',PRON,13057294305572976255,526356
1548,ensure,VERB,15159758025291269046,526356,assurer,VERB,8883298248744718526,526356
1549,0,0,0,0,que,SCONJ,11474801393294414462,526356
1550,an,DET,15099054000809333061,531484,l',DET,11055277117081255759,531484
1551,intervention,NOUN,10179856012940210813,531484,intervention,NOUN,10179856012940210813,531484
1552,that,DET,4380130941430378203,531484,qui,PRON,18025162834834030610,531484
1553,has,AUX,1248239241591158246,531484,s',PRON,13057294305572976255,531484
1554,been,AUX,12517269084653561647,531484,est,AUX,14619786160612475726,531484
1555,shown,VERB,339389742221587039,531484,avérée,VERB,8248476417151401795,531484
1556,to,PART,3791531372978436496,531484,0,0,0,0
1557,be,AUX,10382539506755952630,531484,0,0,0,0
1558,beneficial,ADJ,1546072716529728834,531484,bénéfique,ADJ,5739753731136745216,531484
1559,during,ADP,16172899360071598086,534468,pendant,ADP,678496858239509109,534468
1560,a,DET,11901859001352538922,534468,les,DET,5902437463952755554,534468
1561,clinical,ADJ,2114572871053212045,534468,cliniques,ADJ,16958084855436719063,534468
1562,trial,NOUN,17825847762981951240,534468,essais,NOUN,6341535086408066800,534468
1563,is,AUX,3411606890003347522,536200,soit,CCONJ,13860546894558360219,536200
1564,accessible,ADJ,2642031963734871257,536200,aux,ADJ,405,536200
1565,to,ADP,3791531372978436496,536200,accessible,NOUN,2642031963734871257,536200
1566,the,DET,7425985699627899538,536200,0,0,0,0
1567,participants,NOUN,688720313650701041,536200,participants,NOUN,688720313650701041,536200
1568,of,ADP,886050111519832510,536200,à,ADP,1840659177240090782,536200
1569,the,DET,7425985699627899538,536200,l',DET,11055277117081255759,536200
1570,trial,NOUN,17825847762981951240,536200,essai,NOUN,7938939179498311145,536200
1571,once,SCONJ,18381768081115421630,539812,une,DET,16752500866415647,539812
1572,the,DET,7425985699627899538,539812,l',DET,11055277117081255759,539812
1573,trial,NOUN,17825847762981951240,539812,fois,NOUN,25389435430533786,539812
1574,has,AUX,1248239241591158246,539812,étude,NOUN,9168378136254602260,539812
1575,been,AUX,12517269084653561647,539812,0,0,0,0
1576,completed,VERB,6902582109160719430,539812,terminée,VERB,15244437346612282181,539812
1577,.,PUNCT,12646065887601541794,539812,.,PUNCT,12646065887601541794,539812
1578,In,ADP,17831099778462416609,542360,De,ADP,9709023768673339208,542360
1579,addition,NOUN,13959643207723671347,542360,plus,ADV,2123754640991541914,542360
1580,",",PUNCT,2593208677638477497,542360,",",PUNCT,2593208677638477497,542360
1581,they,PRON,16875582379069451158,542360,ils,PRON,7400529878339724166,542360
1582,should,VERB,10292920167869855674,542360,envisager,VERB,704125237817205325,542360
1583,be,AUX,10382539506755952630,542360,devraient,AUX,7777745772342094485,542360
1584,able,ADJ,1651510583525861271,542360,0,0,0,0
1585,to,PART,3791531372978436496,542360,0,0,0,0
1586,consider,VERB,17360727451542821422,542360,0,0,0,0
1587,the,DET,7425985699627899538,542360,la,DET,6804705863737483857,542360
1588,possibility,NOUN,1318835045993506846,542360,possibilité,NOUN,10073003813600965586,542360
1589,of,ADP,886050111519832510,545884,d',ADP,18329478872494918915,545884
1590,introducing,VERB,7000426153080621372,545884,introduire,ADJ,17832650561101456528,545884
1591,and,CCONJ,2283656566040971221,545884,et,CCONJ,13620178847145827813,545884
1592,0,0,0,0,de,ADP,11144093025662894627,545884
1593,maintaining,VERB,10084284002962780608,545884,maintenir,VERB,5109480393787120137,545884
1594,0,0,0,0,les,DET,5902437463952755554,545884
1595,treatments,NOUN,15134785138817777151,545884,traitements,NOUN,216119993689058253,545884
1596,effective,ADJ,12183215790900673582,545884,efficaces,ADJ,3446617720997221710,545884
1597,in,ADP,3002984154512732771,549485,dans,ADP,6959196919681770914,549485
1598,the,DET,7425985699627899538,549485,la,DET,6804705863737483857,549485
1599,community,NOUN,17822516981717808594,549485,communauté,NOUN,11232955488055838349,549485
1600,wider,ADJ,9728360493800856327,549485,élargie,VERB,4377426686808030565,549485
1601,once,SCONJ,18381768081115421630,549485,une,DET,16752500866415647,549485
1602,trial,NOUN,17825847762981951240,549485,fois,NOUN,25389435430533786,549485
1603,the,DET,7425985699627899538,549485,l',DET,11055277117081255759,549485
1604,0,0,0,0,essai,NOUN,7938939179498311145,549485
1605,ends,VERB,9504871355430204756,549485,terminé,VERB,13777048342341549246,549485
1606,.,PUNCT,12646065887601541794,549485,.,PUNCT,12646065887601541794,549485
1607,If,SCONJ,9698320431655714481,553326,Si,SCONJ,17232677785023700288,553326
1608,",",PUNCT,2593208677638477497,553326,",",PUNCT,2593208677638477497,553326
1609,for,ADP,16037325823156266367,553326,pour,ADP,4302925298007755726,553326
1610,any,DET,13148361048351484388,553326,une,DET,16752500866415647,553326
1611,reason,NOUN,8276932932706964455,553326,raison,NOUN,15387666698244680117,553326
1612,0,0,0,0,quelconque,ADJ,153843463524296400,553326
1613,",",PUNCT,2593208677638477497,553326,",",PUNCT,2593208677638477497,553326
1614,they,PRON,16875582379069451158,553326,ils,PRON,7400529878339724166,553326
1615,feel,VERB,5741770584995928333,553326,pensent,VERB,7848403714216361810,553326
1616,that,SCONJ,4380130941430378203,553326,que,SCONJ,11474801393294414462,553326
1617,this,DET,1995909169258310477,553326,ce,PRON,5293259605002647980,553326
1618,not,PART,447765159362469301,553326,ne,ADV,6065859282030310819,553326
1619,might,VERB,9067754100579305666,553326,serait,VERB,16158805460627241932,553326
1620,be,AUX,10382539506755952630,553326,pas,ADV,162626740300448766,553326
1621,possible,ADJ,1322442146463163273,553326,possible,ADJ,1322442146463163273,553326
1622,",",PUNCT,2593208677638477497,553326,",",PUNCT,2593208677638477497,553326
1623,I,PRON,4690420944186131903,556749,je,PRON,8612506203511071854,556749
1624,think,VERB,16875814820671380748,556749,crois,VERB,5092823106664399153,556749
1625,then,ADV,2630753287402592467,556749,alors,ADV,1600773500536969168,556749
1626,0,0,0,0,qu',SCONJ,13574260379477198189,556749
1627,they,PRON,16875582379069451158,556749,ils,PRON,7400529878339724166,556749
1628,should,VERB,10292920167869855674,556749,devraient,VERB,7777745772342094485,556749
1629,have,AUX,14692702688101715474,556749,être,AUX,198149567613473063,556749
1630,to,PART,3791531372978436496,556749,obligés,VERB,18179070780641849133,556749
1631,ethically,ADV,4561060226241960338,556749,de,ADP,11144093025662894627,556749
1632,justify,VERB,1112723224978483543,556749,justifier,VERB,2884957386500990363,556749
1633,0,0,0,0,sur,ADP,14175982410302701706,556749
1634,0,0,0,0,le,DET,13361843836202591494,556749
1635,0,0,0,0,plan,NOUN,6610255016299222351,556749
1636,0,0,0,0,éthique,ADJ,3649866173176019764,556749
1637,why,ADV,16315412628806490806,559716,pourquoi,ADV,10296499511166091654,559716
1638,the,DET,7425985699627899538,559716,l',PRON,11055277117081255759,559716
1639,clinical,ADJ,2114572871053212045,559716,clinique,ADJ,7328475835860795575,559716
1640,trial,NOUN,17825847762981951240,559716,essai,NOUN,7938939179498311145,559716
1641,should,VERB,10292920167869855674,559716,devrait,VERB,12948243466761781602,559716
1642,be,AUX,10382539506755952630,559716,être,AUX,198149567613473063,559716
1643,conducted,VERB,13464636772350774058,559716,conduit,VERB,15715005871919211145,559716
1644,in,ADP,3002984154512732771,559716,en,ADP,14626626061804382878,559716
1645,the,DET,7425985699627899538,559716,0,0,0,0
1646,first,ADJ,11860158879560853892,559716,premier,ADJ,24020307224967470,559716
1647,place,NOUN,7512738811199700769,559716,lieu,NOUN,6213545402287354208,559716
1648,.,PUNCT,12646065887601541794,559716,.,PUNCT,12646065887601541794,559716
1649,Now,ADV,13923566239961886281,563743,Heureusement,ADV,676999022000154624,563743
1650,",",PUNCT,2593208677638477497,563743,",",PUNCT,2593208677638477497,563743
1651,fortunately,ADV,13851269277375979931,563743,Céline,NOUN,9345060135594826758,563743
1652,for,ADP,16037325823156266367,563743,pour,ADP,4302925298007755726,563743
1653,Celine,PROPN,14470097297115573216,563743,0,0,0,0
1654,",",PUNCT,2593208677638477497,563743,0,0,0,0
1655,our,DET,17577015140245084783,566059,notre,DET,16699583448167008180,566059
1656,meeting,NOUN,14798207169164081740,566059,rencontre,NOUN,10660842899679802505,566059
1657,0,0,0,0,ne,ADV,6065859282030310819,566059
1658,not,PART,447765159362469301,566059,s',PRON,13057294305572976255,566059
1659,did,AUX,13583488448875926965,566059,est,AUX,14619786160612475726,566059
1660,0,0,0,0,pas,ADV,162626740300448766,566059
1661,end,VERB,18250316222013540736,566059,arrêtée,VERB,17351091733215615490,566059
1662,in,ADP,3002984154512732771,566059,à,ADP,1840659177240090782,566059
1663,my,DET,227504873216781231,566059,mon,DET,6098918823203764715,566059
1664,office,NOUN,10874922665013127783,566059,bureau,NOUN,7283437468210832964,566059
1665,.,PUNCT,12646065887601541794,566059,.,PUNCT,12646065887601541794,566059
1666,I,PRON,4690420944186131903,568734,J',PRON,13625533891298606388,568734
1667,was,AUX,9921686513378912864,568734,étais,VERB,314502805875500918,568734
1668,able,ADJ,1651510583525861271,568734,en,ADP,14626626061804382878,568734
1669,to,PART,3791531372978436496,568734,mesure,NOUN,11093202090357598997,568734
1670,get,AUX,2013399242189103424,568734,de,ADP,11144093025662894627,568734
1671,her,PRON,4115755726172261197,568734,lui,PRON,18433398419770100958,568734
1672,enrolled,VERB,3739421616718944287,568734,donner,VERB,16738728089299737102,568734
1673,free,ADJ,17712913731469760764,568734,accès,NOUN,12310794824441920552,568734
1674,into,ADP,3278561384161438710,568734,à,ADP,1840659177240090782,568734
1675,a,DET,11901859001352538922,568734,un,DET,12188161997964598936,568734
1676,HIV,PROPN,17506446039830019050,568734,programme,NOUN,16575308216009452163,568734
1677,treatment,NOUN,17998780750743588112,568734,gratuit,NOUN,7284704528218164848,568734
1678,0,0,0,0,de,ADP,11144093025662894627,568734
1679,program,NOUN,17812688126189747487,568734,traitement,NOUN,17315432999375353101,568734
1680,0,0,0,0,du,DET,17166863280368009634,568734
1681,0,0,0,0,VIH,NOUN,12387595633673898333,568734
1682,closer,ADV,16457362636243758145,573108,plus,ADV,2123754640991541914,573108
1683,to,ADP,3791531372978436496,573108,près,ADP,14071819033749199937,573108
1684,0,0,0,0,de,ADP,11144093025662894627,573108
1685,her,DET,4115755726172261197,573108,son,DET,2555790282192608669,573108
1686,home,NOUN,12006852138382633966,573108,domicile,NOUN,11051751409640854427,573108
1687,",",PUNCT,2593208677638477497,573108,",",PUNCT,2593208677638477497,573108
1688,and,CCONJ,2283656566040971221,574496,ainsi,ADV,11906536706582700613,574496
1689,0,0,0,0,qu',SCONJ,13574260379477198189,574496
1690,with,ADP,12510949447758279278,574496,à,ADP,1840659177240090782,574496
1691,a,DET,11901859001352538922,574496,un,DET,12188161997964598936,574496
1692,group,NOUN,16767868930224892138,574496,groupe,NOUN,10593683794932491354,574496
1693,to,PART,3791531372978436496,574496,de,ADP,11144093025662894627,574496
1694,support,NOUN,5147005412574305164,574496,soutien,NOUN,12452721300414881319,574496
1695,her,PRON,4115755726172261197,574496,pour,ADP,4302925298007755726,574496
1696,0,0,0,0,l',DET,11055277117081255759,574496
1697,cope,VERB,673079016042665104,574496,aider,VERB,15169320607583133746,574496
1698,0,0,0,0,à,ADP,1840659177240090782,574496
1699,help,VERB,17461235395181654430,574496,faire,VERB,3866958562204505264,574496
1700,0,0,0,0,face,NOUN,17395397334214475556,574496
1701,.,PUNCT,12646065887601541794,574496,.,PUNCT,12646065887601541794,574496
1702,Her,DET,452811260292132302,578270,Son,DET,18366556824654818082,578270
1703,story,NOUN,5345497848075657444,578270,histoire,NOUN,1317516511664725747,578270
1704,has,AUX,1248239241591158246,578270,se,PRON,9839690450034771972,578270
1705,a,DET,11901859001352538922,578270,termine,VERB,12843108215690110028,578270
1706,positive,ADJ,8177200212695065927,578270,bien,ADV,8265441118321635764,578270
1707,ending,NOUN,8067141631947323106,578270,0,0,0,0
1708,",",PUNCT,2593208677638477497,578270,",",PUNCT,2593208677638477497,578270
1709,but,CCONJ,14560795576765492085,580604,mais,CCONJ,3927803321315481089,580604
1710,there,PRON,2112642640949226496,580604,il,PRON,8081183868394845856,580604
1711,are,AUX,5012629990875267006,580604,y,PRON,9409450202036847209,580604
1712,0,0,0,0,a,VERB,11901859001352538922,580604
1713,0,0,0,0,des,DET,6923696665978021163,580604
1714,others,NOUN,14197355146880858084,580604,milliers,NOUN,3013037901228537805,580604
1715,in,ADP,3002984154512732771,580604,de,ADP,11144093025662894627,580604
1716,thousands,NOUN,4783127355525135298,580604,gens,NOUN,529915263140659624,580604
1717,of,ADP,886050111519832510,580604,dans,ADP,6959196919681770914,580604
1718,0,0,0,0,des,DET,6923696665978021163,580604
1719,situations,NOUN,124688348429004534,580604,situations,NOUN,124688348429004534,580604
1720,similar,ADJ,18166476740537071113,580604,similaires,ADJ,6561639079656933496,580604
1721,who,PRON,3876862883474502309,584307,qui,PRON,18025162834834030610,584307
1722,are,AUX,5012629990875267006,584307,ont,AUX,4980175405888007940,584307
1723,much,ADV,1935074700818135162,584307,bien,ADV,8265441118321635764,584307
1724,less,ADV,589070940943333110,584307,moins,ADV,4309863648335428729,584307
1725,fortunate,ADJ,13814953331592231421,584307,de,ADP,11144093025662894627,584307
1726,0,0,0,0,chance,NOUN,3164149041490098205,584307
1727,.,PUNCT,12646065887601541794,584307,.,PUNCT,12646065887601541794,584307
1728,she,PRON,6740321247510922449,586604,Elle,PRON,12225682826792831341,586604
1729,Although,SCONJ,9514733108552285355,586604,ne,ADV,6065859282030310819,586604
1730,may,VERB,14378475389916013800,586604,le,PRON,13361843836202591494,586604
1731,not,PART,447765159362469301,586604,sait,AUX,18278858779340034739,586604
1732,know,VERB,7743033266031195906,586604,peut,AUX,18189483339446925138,586604
1733,",",PUNCT,2593208677638477497,586604,-,PUNCT,9153284864653046197,586604
1734,this,DET,1995909169258310477,586604,être,AUX,198149567613473063,586604
1735,0,0,0,0,pas,ADV,162626740300448766,586604
1736,0,0,0,0,",",PUNCT,2593208677638477497,586604
1737,0,0,0,0,mais,CCONJ,3927803321315481089,586604
1738,my,DET,227504873216781231,589028,ma,DET,14862970882317863919,589028
1739,encounter,NOUN,3651019779337866142,589028,rencontre,NOUN,10660842899679802505,589028
1740,with,ADP,12510949447758279278,589028,avec,ADP,18367549186037839347,589028
1741,Celine,PROPN,14470097297115573216,589028,Céline,NOUN,9345060135594826758,589028
1742,has,AUX,1248239241591158246,589028,a,AUX,11901859001352538922,589028
1743,completely,ADV,2718831956170789690,589028,complètement,ADV,17603911577882912725,589028
1744,changed,VERB,955745193281900021,589028,changé,VERB,3882700475138602393,589028
1745,the,DET,7425985699627899538,589028,la,DET,6804705863737483857,589028
1746,way,NOUN,6878210874361030284,589028,façon,NOUN,14594028065977672975,589028
1747,in,ADP,3002984154512732771,592893,dont,PRON,4501752004708075930,592893
1748,I,PRON,4690420944186131903,592893,je,PRON,8612506203511071854,592893
1749,view,VERB,2608925738682777778,592893,vois,AUX,14854072234403692671,592893
1750,which,DET,7063653163634019529,592893,les,DET,5902437463952755554,592893
1751,HIV,PROPN,17506446039830019050,592893,essais,NOUN,6341535086408066800,592893
1752,clinical,ADJ,2114572871053212045,592893,cliniques,ADJ,16958084855436719063,592893
1753,in,ADP,3002984154512732771,592893,sur,ADP,14175982410302701706,592893
1754,0,0,0,0,le,DET,13361843836202591494,592893
1755,trials,NOUN,2156042093276175838,592893,VIH,NOUN,12387595633673898333,592893
1756,developing,VERB,3366803384199824112,592893,dans,ADP,6959196919681770914,592893
1757,0,0,0,0,les,DET,5902437463952755554,592893
1758,countries,NOUN,13957816561748780037,592893,pays,NOUN,4009823960085937146,592893
1759,0,0,0,0,en,ADP,14626626061804382878,592893
1760,0,0,0,0,voie,NOUN,12058848413224914023,592893
1761,0,0,0,0,de,ADP,11144093025662894627,592893
1762,0,0,0,0,développement,NOUN,8660105959128505328,592893
1763,",",PUNCT,2593208677638477497,592893,",",PUNCT,2593208677638477497,592893
1764,and,CCONJ,2283656566040971221,597164,et,CCONJ,13620178847145827813,597164
1765,made,VERB,7136294487848412980,597164,renforcé,VERB,16237151612434029780,597164
1766,me,PRON,18197037023634208128,597164,elle,PRON,9260199389753928846,597164
1767,even,ADV,17339226045912991082,597164,0,0,0,0
1768,more,ADV,2160362229054775535,597164,ma,DET,14862970882317863919,597164
1769,determined,ADJ,11952663599438009915,597164,détermination,NOUN,8946445959218532789,597164
1770,to,PART,3791531372978436496,597164,faire,VERB,3866958562204505264,597164
1771,be,AUX,10382539506755952630,597164,a,AUX,11901859001352538922,597164
1772,part,NOUN,4485934323942657167,597164,partie,NOUN,1349726525384029033,597164
1773,of,ADP,886050111519832510,597164,à,ADP,1840659177240090782,597164
1774,the,DET,7425985699627899538,597164,du,DET,17166863280368009634,597164
1775,movement,NOUN,6184037061712818460,597164,mouvement,NOUN,7813251609071669040,597164
1776,to,PART,3791531372978436496,600884,pour,ADP,4302925298007755726,600884
1777,change,VERB,3979101002134440957,600884,changer,VERB,8389868408818465882,600884
1778,the,DET,7425985699627899538,600884,la,DET,6804705863737483857,600884
1779,way,NOUN,6878210874361030284,600884,façon,NOUN,14594028065977672975,600884
1780,in,ADP,3002984154512732771,600884,de,ADP,11144093025662894627,600884
1781,which,DET,7063653163634019529,600884,0,0,0,0
1782,things,NOUN,3586418546468265269,600884,0,0,0,0
1783,are,AUX,5012629990875267006,600884,0,0,0,0
1784,done,VERB,14395066107632849789,600884,faire,VERB,3866958562204505264,600884
1785,.,PUNCT,12646065887601541794,600884,.,PUNCT,12646065887601541794,600884
1786,I,PRON,4690420944186131903,603741,Je,PRON,2628248770713310789,603741
1787,believe,VERB,7936246238499659209,603741,crois,VERB,5092823106664399153,603741
1788,that,SCONJ,4380130941430378203,603741,que,SCONJ,11474801393294414462,603741
1789,every,DET,2739543297294151269,603741,chacun,PRON,15041372296268137683,603741
1790,single,ADJ,9644341664820045211,603741,de,ADP,11144093025662894627,603741
1791,person,NOUN,14800503047316267216,603741,ceux,PRON,2375212218711141737,603741
1792,to,ADP,3791531372978436496,606109,qui,PRON,18025162834834030610,606109
1793,me,PRON,18197037023634208128,606109,m',PRON,9871122146191930138,606109
1794,tonight,NOUN,8140828781860861265,606109,ont,AUX,4980175405888007940,606109
1795,listening,VERB,10845200884351213302,606109,écouté,VERB,5338932405156793327,606109
1796,0,0,0,0,ce,DET,5293259605002647980,606109
1797,part,NOUN,4485934323942657167,606109,soir,NOUN,178598295511725387,606109
1798,be,AUX,10382539506755952630,606109,peut,AUX,18189483339446925138,606109
1799,can,VERB,6635067063807956629,606109,participer,VERB,2073413081965559201,606109
1800,of,ADP,886050111519832510,606109,à,ADP,1840659177240090782,606109
1801,that,DET,4380130941430378203,606109,ce,DET,5293259605002647980,606109
1802,change,NOUN,3979101002134440957,606109,changement,NOUN,5992002345663081243,606109
1803,.,PUNCT,12646065887601541794,606109,.,PUNCT,12646065887601541794,606109
1804,If,SCONJ,9698320431655714481,610484,Si,SCONJ,17232677785023700288,610484
1805,you,PRON,7624161793554793053,610484,vous,PRON,6151699640482831038,610484
1806,are,AUX,5012629990875267006,610484,êtes,AUX,16603492929472111640,610484
1807,a,DET,11901859001352538922,610484,chercheur,ADJ,631519529050959448,610484
1808,researcher,NOUN,1317581537614213870,610484,sur,ADP,14175982410302701706,610484
1809,",",PUNCT,2593208677638477497,610484,",",PUNCT,2593208677638477497,610484
1810,I,PRON,4690420944186131903,610484,je,PRON,8612506203511071854,610484
1811,hold,VERB,3818475640248018718,610484,compte,VERB,2570510634728914563,610484
1812,you,PRON,7624161793554793053,610484,vous,PRON,6151699640482831038,610484
1813,to,ADP,3791531372978436496,613081,pour,ADP,4302925298007755726,613081
1814,a,DET,11901859001352538922,613081,un,DET,12188161997964598936,613081
1815,standard,NOUN,4892528069537811086,613081,niveau,NOUN,5523254072369132698,613081
1816,0,0,0,0,plus,ADV,2123754640991541914,613081
1817,higher,ADJ,2472857369998538979,613081,élevé,ADJ,5977939984705693191,613081
1818,of,ADP,886050111519832510,613081,de,ADP,11144093025662894627,613081
1819,conscience,NOUN,5403708911896127242,613081,conscience,NOUN,5403708911896127242,613081
1820,moral,ADJ,8489066790985724950,613081,morale,ADJ,3200292696877583930,613081
1821,",",PUNCT,2593208677638477497,613081,",",PUNCT,2593208677638477497,613081
1822,to,PART,3791531372978436496,615651,pour,ADP,4302925298007755726,615651
1823,remain,VERB,8058829260683445515,615651,rester,AUX,1987896363710960303,615651
1824,ethical,ADJ,6472221427036573472,615651,éthique,ADP,3649866173176019764,615651
1825,in,ADP,3002984154512732771,615651,dans,ADP,6959196919681770914,615651
1826,your,DET,1572612192562026184,615651,votre,DET,11359159872749569338,615651
1827,research,NOUN,4129690550177407157,615651,recherche,NOUN,8806048816990155829,615651
1828,",",PUNCT,2593208677638477497,615651,",",PUNCT,2593208677638477497,615651
1829,and,CCONJ,2283656566040971221,618078,et,CCONJ,13620178847145827813,618078
1830,not,PART,447765159362469301,618078,ne,ADV,6065859282030310819,618078
1831,0,0,0,0,pas,ADV,162626740300448766,618078
1832,compromise,VERB,13347588098662350539,618078,compromettre,VERB,11383059978946388387,618078
1833,your,DET,1572612192562026184,618078,le,DET,13361843836202591494,618078
1834,welfare,NOUN,300771049459427896,618078,bien-être,NOUN,2937468605589839687,618078
1835,human,ADJ,5674190450704392893,618078,humain,ADJ,11816489196708669003,618078
1836,in,ADP,3002984154512732771,618078,dans,ADP,6959196919681770914,618078
1837,0,0,0,0,votre,DET,11359159872749569338,618078
1838,answers,NOUN,8754875333091717574,618078,quête,NOUN,10480827731608858478,618078
1839,for,ADP,16037325823156266367,618078,de,ADP,11144093025662894627,618078
1840,search,NOUN,295895373269394349,618078,réponses,NOUN,6511569521643299754,618078
1841,.,PUNCT,12646065887601541794,618078,.,PUNCT,12646065887601541794,618078
1842,If,SCONJ,9698320431655714481,621566,Si,SCONJ,17232677785023700288,621566
1843,you,PRON,7624161793554793053,621566,vous,PRON,6151699640482831038,621566
1844,work,VERB,10038440415813069799,621566,travaillez,VERB,2662893483871358644,621566
1845,for,ADP,16037325823156266367,621566,pour,ADP,4302925298007755726,621566
1846,a,DET,11901859001352538922,621566,un,DET,12188161997964598936,621566
1847,funding,NOUN,3726624177514968955,621566,organisme,NOUN,15492540170965012980,621566
1848,agency,NOUN,12201314692621990721,621566,de,ADP,11144093025662894627,621566
1849,pharmaceutical,NOUN,14250545487430237962,621566,financement,NOUN,4988417601089665421,621566
1850,or,CCONJ,3740602843040177340,621566,ou,CCONJ,7904677917145870628,621566
1851,",",PUNCT,2593208677638477497,621566,une,DET,16752500866415647,621566
1852,company,NOUN,6905553075311563409,621566,compagnie,NOUN,14500774299300862160,621566
1853,0,0,0,0,pharmaceutique,ADJ,5248281496960585923,621566
1854,I,PRON,4690420944186131903,625244,je,PRON,8612506203511071854,625244
1855,you,PRON,7624161793554793053,625244,vous,PRON,6151699640482831038,625244
1856,0,0,0,0,mets,ADJ,8178356574552949904,625244
1857,to,PART,3791531372978436496,625244,au,PROPN,11216685815786043991,625244
1858,hold,VERB,3818475640248018718,625244,défi,VERB,3150313929778272915,625244
1859,0,0,0,0,de,ADP,11144093025662894627,625244
1860,challenge,VERB,8972242473674342607,625244,faire,VERB,3866958562204505264,625244
1861,0,0,0,0,que,SCONJ,11474801393294414462,625244
1862,your,DET,1572612192562026184,625244,vos,DET,17351049957000578581,625244
1863,employers,NOUN,17154885259432667069,625244,employeurs,NOUN,4212062977116456574,625244
1864,fund,VERB,5574188819171674764,628274,financent,VERB,2449128690227472589,628274
1865,to,PART,3791531372978436496,628274,des,DET,6923696665978021163,628274
1866,research,NOUN,4129690550177407157,628274,recherches,NOUN,2206004219407128916,628274
1867,is,AUX,3411606890003347522,628274,saines,ADJ,5212307152709354414,628274
1868,that,DET,4380130941430378203,628274,du,DET,17166863280368009634,628274
1869,ethically,ADV,4561060226241960338,628274,point,NOUN,15479733260938818482,628274
1870,0,0,0,0,de,ADP,11144093025662894627,628274
1871,0,0,0,0,vue,NOUN,16421680880233513876,628274
1872,sound,ADJ,1289836513871212815,628274,éthique,ADJ,3649866173176019764,628274
1873,.,PUNCT,12646065887601541794,628274,.,PUNCT,12646065887601541794,628274
1874,If,SCONJ,9698320431655714481,631449,Si,SCONJ,17232677785023700288,631449
1875,you,PRON,7624161793554793053,631449,vous,PRON,6151699640482831038,631449
1876,come,VERB,5307304325359566725,631449,venez,VERB,17040378402728147879,631449
1877,from,ADP,7831658034963690409,631449,d',ADP,18329478872494918915,631449
1878,a,DET,11901859001352538922,631449,un,DET,12188161997964598936,631449
1879,country,NOUN,12290671265767728302,631449,pays,NOUN,4009823960085937146,631449
1880,developing,VERB,3366803384199824112,631449,en,ADP,14626626061804382878,631449
1881,like,SCONJ,18194338103975822726,631449,voie,NOUN,12058848413224914023,631449
1882,myself,PRON,2177690308569554941,631449,de,ADP,11144093025662894627,631449
1883,0,0,0,0,développement,NOUN,8660105959128505328,631449
1884,",",PUNCT,2593208677638477497,631449,",",PUNCT,2593208677638477497,631449
1885,I,PRON,4690420944186131903,634635,je,PRON,8612506203511071854,634635
1886,urge,VERB,10803216607714685866,634635,incite,VERB,13717231172788937542,634635
1887,you,PRON,7624161793554793053,634635,vous,PRON,6151699640482831038,634635
1888,to,PART,3791531372978436496,634635,à,ADP,1840659177240090782,634635
1889,hold,VERB,3818475640248018718,634635,pousser,VERB,3201305047042271497,634635
1890,your,DET,1572612192562026184,634635,votre,DET,11359159872749569338,634635
1891,government,NOUN,3625794390087546215,634635,gouvernement,NOUN,6810306944463829726,634635
1892,to,ADP,3791531372978436496,637707,à,ADP,1840659177240090782,637707
1893,a,DET,11901859001352538922,637707,un,DET,12188161997964598936,637707
1894,more,ADV,2160362229054775535,637707,plus,ADV,2123754640991541914,637707
1895,thorough,ADJ,10730221608252398184,637707,0,0,0,0
1896,review,NOUN,6618089098118556736,637707,examen,NOUN,5836111986033979508,637707
1897,of,ADP,886050111519832510,637707,approfondi,VERB,7618304464628607093,637707
1898,the,DET,7425985699627899538,637707,des,DET,6923696665978021163,637707
1899,clinical,ADJ,2114572871053212045,637707,cliniques,ADJ,16958084855436719063,637707
1900,trials,NOUN,2156042093276175838,637707,essais,NOUN,6341535086408066800,637707
1901,which,DET,7063653163634019529,640323,0,0,0,0
1902,are,AUX,5012629990875267006,640323,0,0,0,0
1903,authorized,VERB,6986451536581902674,640323,autorisées,VERB,5883272729944891032,640323
1904,in,ADP,3002984154512732771,640323,dans,ADP,6959196919681770914,640323
1905,your,DET,1572612192562026184,640323,votre,DET,11359159872749569338,640323
1906,country,NOUN,12290671265767728302,640323,pays,NOUN,4009823960085937146,640323
1907,.,PUNCT,12646065887601541794,640323,.,PUNCT,12646065887601541794,640323
1908,Yes,INTJ,11298384275670996895,643236,Oui,PROPN,6875815388693269531,643236
1909,",",PUNCT,2593208677638477497,643236,",",PUNCT,2593208677638477497,643236
1910,there,PRON,2112642640949226496,643236,il,PRON,8081183868394845856,643236
1911,is,AUX,3411606890003347522,643236,faut,VERB,6792372707269389571,643236
1912,a,DET,11901859001352538922,643236,des,DET,6923696665978021163,643236
1913,need,NOUN,478886015463313967,643236,traitements,NOUN,216119993689058253,643236
1914,for,ADP,16037325823156266367,643236,contre,ADP,1436034967606154550,643236
1915,us,PRON,4950757572332304006,643236,0,0,0,0
1916,to,PART,3791531372978436496,643236,0,0,0,0
1917,find,VERB,16574616920585318162,643236,trouver,VERB,4554446641187492011,643236
1918,a,DET,11901859001352538922,643236,le,DET,13361843836202591494,643236
1919,cure,NOUN,910830628473846539,643236,VIH,NOUN,12387595633673898333,643236
1920,for,ADP,16037325823156266367,643236,0,0,0,0
1921,HIV,PROPN,17506446039830019050,643236,0,0,0,0
1922,",",PUNCT,2593208677638477497,643236,",",PUNCT,2593208677638477497,643236
1923,to,PART,3791531372978436496,646904,un,DET,12188161997964598936,646904
1924,find,VERB,16574616920585318162,646904,trouver,VERB,4554446641187492011,646904
1925,an,DET,15099054000809333061,646904,le,DET,13361843836202591494,646904
1926,effective,ADJ,12183215790900673582,646904,efficace,ADJ,4799829699845141345,646904
1927,vaccine,NOUN,14178420185689951791,646904,vaccin,NOUN,14426228644595674358,646904
1928,for,ADP,16037325823156266367,646904,contre,ADP,1436034967606154550,646904
1929,malaria,PROPN,10211283478837015997,646904,paludisme,NOUN,2297984802940682079,646904
1930,",",PUNCT,2593208677638477497,646904,",",PUNCT,2593208677638477497,646904
1931,to,PART,3791531372978436496,649556,outil,NOUN,15084494027848449708,649556
1932,find,VERB,16574616920585318162,649556,trouver,VERB,4554446641187492011,649556
1933,a,DET,11901859001352538922,649556,un,DET,12188161997964598936,649556
1934,diagnostic,ADJ,15614751325349280342,649556,efficace,ADJ,4799829699845141345,649556
1935,tool,NOUN,14709190867464521432,649556,diagnostic,NOUN,15614751325349280342,649556
1936,that,DET,4380130941430378203,649556,la,DET,6804705863737483857,649556
1937,works,VERB,13033479285224918482,649556,pour,ADP,4302925298007755726,649556
1938,for,ADP,16037325823156266367,649556,de,ADP,11144093025662894627,649556
1939,T.B.,PROPN,10051580118293514803,649556,tuberculose,NOUN,10887435528426727415,649556
1940,",",PUNCT,2593208677638477497,649556,",",PUNCT,2593208677638477497,649556
1941,but,CCONJ,14560795576765492085,653398,mais,CCONJ,3927803321315481089,653398
1942,I,PRON,4690420944186131903,653398,je,PRON,8612506203511071854,653398
1943,believe,VERB,7936246238499659209,653398,crois,VERB,5092823106664399153,653398
1944,that,SCONJ,4380130941430378203,653398,qu',SCONJ,13574260379477198189,653398
1945,we,PRON,16064069575701507746,653398,on,PRON,5640369432778651323,653398
1946,owe,VERB,6908023722684379908,653398,doit,VERB,13707113281892827936,653398
1947,it,PRON,10239237003504588839,653398,celles,PRON,9129382133138159912,653398
1948,to,ADP,3791531372978436496,653398,à,ADP,1840659177240090782,653398
1949,those,DET,5224941539530611462,653398,et,CCONJ,13620178847145827813,653398
1950,who,PRON,3876862883474502309,653398,ceux,PRON,2375212218711141737,653398
1951,willingly,ADV,3304463116000919943,653398,0,0,0,0
1952,and,CCONJ,2283656566040971221,656973,qui,PRON,18025162834834030610,656973
1953,selflessly,ADV,11577705255110931030,656973,de,ADP,11144093025662894627,656973
1954,consent,VERB,8502122544330676507,656973,participent,VERB,1803039294788008133,656973
1955,to,PART,3791531372978436496,656973,manière,NOUN,14429809162322607943,656973
1956,participate,VERB,4176336786957309062,656973,désintéressée,VERB,12562681846296136022,656973
1957,in,ADP,3002984154512732771,656973,à,ADP,1840659177240090782,656973
1958,these,DET,6459564349623679250,656973,ces,DET,10477575395255680452,656973
1959,clinical,ADJ,2114572871053212045,656973,cliniques,ADJ,16958084855436719063,656973
1960,trials,NOUN,2156042093276175838,656973,essais,NOUN,6341535086408066800,656973
1961,to,PART,3791531372978436496,661028,de,ADP,11144093025662894627,661028
1962,do,AUX,2158845516055552166,661028,le,PRON,13361843836202591494,661028
1963,this,DET,1995909169258310477,661028,0,0,0,0
1964,in,ADP,3002984154512732771,661028,avec,ADP,18367549186037839347,661028
1965,a,DET,11901859001352538922,661028,humanité,NOUN,846397524998541769,661028
1966,humane,ADJ,10850778144185424906,661028,0,0,0,0
1967,way,NOUN,6878210874361030284,661028,Merci,NOUN,2672130808398831532,663254
1968,.,PUNCT,12646065887601541794,661028,.,PUNCT,12646065887601541794,663254
1969,Thank,VERB,11061341230758823191,663254,faire,VERB,3866958562204505264,661028
1970,you,PRON,7624161793554793053,663254,0,0,0,0
1971,.,PUNCT,12646065887601541794,663254,.,PUNCT,12646065887601541794,661028
