,0,1,2,3,4,5,6,7
0,0,0,0,0,j',PRON,7275302914444174311,14480
1,empecé,AUX,9428444712631460568,14480,ai,AUX,4489555979637837711,14480
2,construir,VERB,7603118343443357255,14480,commencé,VERB,5643808758484176907,14480
3,a,ADP,11901859001352538922,14480,à,ADP,1840659177240090782,14480
4,descentralizada,ADJ,13553262605571580336,14480,créer,VERB,16246812613591053974,14480
5,una,DET,1019041181156623609,14480,un,DET,12188161997964598936,14480
6,web,NOUN,2420254652822703211,14480,réseau,NOUN,2869472355735502486,14480
7,0,0,0,0,Internet,NOUN,8006197966488148988,14480
8,0,0,0,0,décentralisé,VERB,8578644890932267594,14480
9,porque,SCONJ,5757082442330786044,17520,car,CCONJ,17545852598994811774,17520
10,0,0,0,0,j',PRON,7275302914444174311,17520
11,estaba,AUX,14917719296641627475,17520,étais,AUX,314502805875500918,17520
12,preocupado,ADJ,15133702778653298603,17520,inquiet,ADJ,10443880544921922316,17520
13,por,ADP,18244196334509357400,17520,de,ADP,11144093025662894627,17520
14,el,DET,11488171005156075516,17520,l',DET,11055277117081255759,17520
15,futuro,NOUN,817804706655085151,17520,avenir,NOUN,18355902648092538706,17520
16,de,ADP,11144093025662894627,17520,de,ADP,11144093025662894627,17520
17,nuestra,DET,6434645427240457100,17520,notre,DET,16699583448167008180,17520
18,internet,NOUN,10937452440342651049,17520,Internet,NOUN,8006197966488148988,17520
19,.,PUNCT,12646065887601541794,17520,.,PUNCT,12646065887601541794,17520
20,La,DET,6239908149323985340,21680,Notre,DET,9944641451907696103,21680
21,internet,NOUN,10937452440342651049,21680,Internet,NOUN,8006197966488148988,21680
22,actual,ADJ,2649145587264012384,21680,actuel,ADJ,15437486679655991681,21680
23,que,PRON,11474801393294414462,21680,des,DET,6923696665978021163,21680
24,usamos,VERB,17030102081383064761,21680,utilise,VERB,11232671211387168695,21680
25,cuenta,VERB,3545150841059450590,21680,0,0,0,0
26,con,ADP,6945313634251781056,21680,0,0,0,0
27,guardianes,NOUN,17950839216239698720,21680,filtres,NOUN,3643217814092533393,21680
28,.,PUNCT,12646065887601541794,21680,.,PUNCT,12646065887601541794,21680
29,Si,SCONJ,17232677785023700288,24320,Si,SCONJ,17232677785023700288,24320
30,se,PRON,9839690450034771972,24320,vous,PRON,6151699640482831038,24320
31,quiere,VERB,3686747369933169209,24320,voulez,AUX,16631674447013149430,24320
32,llegar,VERB,10227016259447306190,24320,accéder,VERB,1945308407461226855,24320
33,a,ADP,11901859001352538922,24320,à,ADP,1840659177240090782,24320
34,algo,PRON,16528986040643271495,24320,quelque,DET,12166229204512560195,24320
35,0,0,0,0,chose,NOUN,16094856241113769018,24320
36,en,ADP,14626626061804382878,24320,sur,ADP,14175982410302701706,24320
37,la,DET,6804705863737483857,24320,le,DET,13361843836202591494,24320
38,web,NOUN,2420254652822703211,24320,web,NOUN,2420254652822703211,24320
39,",",PUNCT,2593208677638477497,24320,",",PUNCT,2593208677638477497,24320
40,entonces,ADV,2260322170557434109,26720,vous,PRON,6151699640482831038,26720
41,hay,AUX,7335652051276811590,26720,devez,AUX,10404665789708802253,26720
42,que,SCONJ,11474801393294414462,26720,0,0,0,0
43,pasar,VERB,8365782747564503572,26720,passer,VERB,13918616867470230953,26720
44,por,ADP,18244196334509357400,26720,par,ADP,11560817535472117264,26720
45,varios,DET,4093425681581578031,26720,plusieurs,DET,12238705327649694374,26720
46,intermediarios,NOUN,17924839052013248713,26720,intermédiaires,NOUN,15910135086588435448,26720
47,.,PUNCT,12646065887601541794,26720,.,PUNCT,12646065887601541794,26720
48,Primero,ADV,14440630803554070121,29120,D',ADP,13893941503401532849,29120
49,0,0,0,0,abord,NOUN,16777147272656447420,29120
50,",",PUNCT,2593208677638477497,29120,",",PUNCT,2593208677638477497,29120
51,un,DET,12188161997964598936,29120,un,DET,12188161997964598936,29120
52,servidor,NOUN,12347199551315242537,29120,système,NOUN,3890726974331609913,29120
53,de,ADP,11144093025662894627,29120,de,ADP,11144093025662894627,29120
54,nombres,NOUN,4890736989312458559,29120,noms,NOUN,4885452656677663535,29120
55,de,ADP,11144093025662894627,29120,de,ADP,11144093025662894627,29120
56,dominio,NOUN,3266239148859738935,29120,domaine,NOUN,474011738095693858,29120
57,",",PUNCT,2593208677638477497,29120,",",PUNCT,2593208677638477497,29120
58,después,ADV,5778971408161131544,31600,puis,CCONJ,18081945031024637612,31600
59,una,DET,1019041181156623609,31600,un,DET,12188161997964598936,31600
60,empresa,NOUN,11010082313531436383,31600,hébergeur,NOUN,1074762289169511931,31600
61,de,ADP,11144093025662894627,31600,de,ADP,11144093025662894627,31600
62,alojamiento,NOUN,13846701010876637842,31600,serveurs,NOUN,17166433138892197433,31600
63,de,ADP,11144093025662894627,31600,informatiques,ADJ,17235720598008159996,31600
64,servidores,NOUN,5300944213969679464,31600,0,0,0,0
65,",",PUNCT,2593208677638477497,31600,0,0,0,0
66,que,SCONJ,11474801393294414462,34160,qui,PRON,18025162834834030610,34160
67,0,0,0,0,va,VERB,15817334002654144152,34160
68,usualmente,ADV,7198409746575275114,34160,généralement,ADV,15923513450120796328,34160
69,nos,PRON,6968452539944589995,34160,vous,PRON,6151699640482831038,34160
70,lleva,VERB,12655890425680816999,34160,rediriger,VERB,1624801237652590474,34160
71,a,ADP,11901859001352538922,34160,vers,ADP,8756464630490101817,34160
72,un,DET,12188161997964598936,34160,un,DET,12188161997964598936,34160
73,tercero,ADJ,16265936078025489383,34160,tiers,NOUN,14676469892024535627,34160
74,",",PUNCT,2593208677638477497,34160,",",PUNCT,2593208677638477497,34160
75,a,ADP,11901859001352538922,37920,0,0,0,0
76,un,DET,12188161997964598936,37920,un,DET,12188161997964598936,37920
77,servicio,NOUN,11146707837178887828,37920,hébergeur,NOUN,1074762289169511931,37920
78,de,ADP,11144093025662894627,37920,web,PROPN,2420254652822703211,37920
79,alojamiento,NOUN,13846701010876637842,37920,0,0,0,0
80,web,ADJ,2420254652822703211,37920,0,0,0,0
81,.,PUNCT,12646065887601541794,37920,.,PUNCT,12646065887601541794,37920
82,esto,PRON,1761747332550045118,41080,C',PRON,13529430013742482571,41080
83,Y,CONJ,16961793518281001049,41080,est,AUX,14619786160612475726,41080
84,sucede,VERB,11983801784852679058,41080,ce,PRON,5293259605002647980,41080
85,que,PRON,11474801393294414462,41080,qui,PRON,18025162834834030610,41080
86,vez,NOUN,8246815288216585998,41080,se,PRON,9839690450034771972,41080
87,quiere,VERB,3686747369933169209,41080,produit,VERB,924659148438953311,41080
88,a,ADP,11901859001352538922,41080,à,ADP,1840659177240090782,41080
89,cada,DET,9828466699353315767,41080,chaque,DET,7090854322111392997,41080
90,sitio,NOUN,5580916346715667817,41080,fois,NOUN,25389435430533786,41080
91,se,PRON,9839690450034771972,41080,que,PRON,11474801393294414462,41080
92,un,DET,12188161997964598936,41080,vous,PRON,6151699640482831038,41080
93,web,ADJ,2420254652822703211,41080,voulez,AUX,16631674447013149430,41080
94,llegar,VERB,10227016259447306190,41080,accéder,VERB,1945308407461226855,41080
95,en,ADP,14626626061804382878,41080,à,ADP,1840659177240090782,41080
96,la,DET,6804705863737483857,41080,un,DET,12188161997964598936,41080
97,web,NOUN,2420254652822703211,41080,site,NOUN,12686102100502772429,41080
98,.,PUNCT,12646065887601541794,41080,.,PUNCT,12646065887601541794,41080
99,Pero,CONJ,3012608552889114327,45440,Mais,CCONJ,3985832202445185970,45440
100,estos,DET,10436838843398290757,45440,ces,DET,10477575395255680452,45440
101,guardianes,NOUN,17950839216239698720,45440,filtres,NOUN,3643217814092533393,45440
102,son,AUX,2555790282192608669,45440,sont,AUX,2183785841973629617,45440
103,vulnerables,ADJ,2405148366590185818,45440,aux,ADJ,405,45440
104,a,ADP,11901859001352538922,45440,vulnérables,VERB,5717030752688515547,45440
105,los,DET,7307884290799599686,45440,cyberattaques,ADJ,3820381018335350095,45440
106,ataques,NOUN,9549115179389391459,45440,0,0,0,0
107,a,ADP,11901859001352538922,45440,0,0,0,0
108,internet,PROPN,10937452440342651049,45440,0,0,0,0
109,.,PUNCT,12646065887601541794,45440,",",PUNCT,2593208677638477497,45440
110,Y,CONJ,16961793518281001049,49920,ils,PRON,7400529878339724166,49920
111,facilita,VERB,17285610094566663117,49920,facilitent,VERB,5293172375555874663,49920
112,también,ADV,18236539777431520510,49920,également,ADV,15230487341192164155,49920
113,la,DET,6804705863737483857,49920,la,DET,6804705863737483857,49920
114,censura,NOUN,2111456914068724033,49920,censure,NOUN,212752049002811844,49920
115,y,CONJ,9409450202036847209,49920,et,CCONJ,13620178847145827813,49920
116,la,DET,6804705863737483857,49920,la,DET,6804705863737483857,49920
117,vigilancia,NOUN,8827437057599641569,49920,surveillance,NOUN,17125625520346170717,49920
118,0,0,0,0,électronique,NOUN,1862396181290423823,49920
119,.,PUNCT,12646065887601541794,49920,.,PUNCT,12646065887601541794,49920
120,Y,CONJ,16961793518281001049,55040,Et,CCONJ,1620920187821177431,55040
121,la,DET,6804705863737483857,55040,la,DET,6804705863737483857,55040
122,situación,NOUN,3700638165296064555,55040,situation,NOUN,13467163215399432703,55040
123,está,AUX,4858725201161983290,55040,ne,ADV,6065859282030310819,55040
124,empeorando,VERB,3646635764256348020,55040,fait,VERB,303196683033024630,55040
125,0,0,0,0,qu',SCONJ,13574260379477198189,55040
126,0,0,0,0,empirer,VERB,16739084431579878798,55040
127,.,PUNCT,12646065887601541794,55040,.,PUNCT,12646065887601541794,55040
128,Todo,PRON,1127858486081597420,57390,Tout,ADJ,4497479093624956546,57840
129,se,PRON,9839690450034771972,57390,0,0,0,0
130,está,AUX,4858725201161983290,57390,est,AUX,14619786160612475726,57840
131,moviendo,VERB,16713613232369606649,57390,transféré,VERB,7928495078044901118,57840
132,hacia,ADP,7757292051082942970,57390,sur,ADP,14175982410302701706,57840
133,la,DET,6804705863737483857,57390,le,DET,13361843836202591494,57840
134,nube,NOUN,5499173716475192171,57390,Cloud,NOUN,2339017065815086148,57840
135,",",PUNCT,2593208677638477497,57390,0,0,0,0
136,donde,SCONJ,15978451798512932743,59560,où,PRON,779685322035147723,59560
137,los,DET,7307884290799599686,59560,les,DET,5902437463952755554,59560
138,datos,NOUN,10932945580208112495,59560,données,NOUN,1471001329859234630,59560
139,son,AUX,2555790282192608669,59560,sont,AUX,2183785841973629617,59560
140,alojados,VERB,12953249083334960265,59560,hébergées,VERB,15723516652455662272,59560
141,por,ADP,18244196334509357400,59560,par,ADP,11560817535472117264,59560
142,0,0,0,0,de,DET,11144093025662894627,59560
143,0,0,0,0,très,ADV,5241201599711993136,59560
144,gigantes,ADJ,8356177061114222528,59560,grandes,ADJ,3923687001980770117,59560
145,corporaciones,NOUN,8432527577205113851,59560,entreprises,NOUN,6340176303327263152,59560
146,.,PUNCT,12646065887601541794,59560,.,PUNCT,12646065887601541794,59560
147,Pasar,VERB,383286610327828411,63400,Passer,VERB,8853116984901106935,63400
148,a,ADP,11901859001352538922,63400,au,PROPN,11216685815786043991,63400
149,0,0,0,0,Cloud,PROPN,2339017065815086148,63400
150,nube,NOUN,5499173716475192171,63400,est,AUX,14619786160612475726,63400
151,la,DET,6804705863737483857,63400,une,DET,16752500866415647,63400
152,tiene,VERB,12773169655925470509,63400,bonne,ADJ,8188062857213037186,63400
153,sentido,NOUN,8538278608356798342,63400,idée,NOUN,10850411686038042622,63400
154,porque,SCONJ,5757082442330786044,70880,car,CCONJ,17545852598994811774,70880
155,así,ADV,13388538489347049961,70880,c',PRON,3614287697118523228,70880
156,es,AUX,10343076919720641053,70880,est,AUX,14619786160612475726,70880
157,más,ADV,13805553149795463782,70880,plus,ADV,2123754640991541914,70880
158,fácil,ADJ,7991621623250481822,70880,facile,ADJ,14947072403562786505,70880
159,y,CONJ,9409450202036847209,70880,et,CCONJ,13620178847145827813,70880
160,más,ADV,13805553149795463782,70880,moins,ADV,4309863648335428729,70880
161,barato,ADJ,12864572601149895860,70880,cher,ADJ,6984195771671034087,70880
162,para,ADP,17491956544424926374,72960,pour,ADP,4302925298007755726,72960
163,los,DET,7307884290799599686,72960,les,DET,5902437463952755554,72960
164,desarrolladores,NOUN,13124786164682172404,72960,développeurs,NOUN,7549454167843650070,72960
165,y,CONJ,9409450202036847209,72960,et,CCONJ,13620178847145827813,72960
166,los,DET,7307884290799599686,72960,les,DET,5902437463952755554,72960
167,operadores,NOUN,287365117398246484,72960,opérateurs,NOUN,9449455863713772460,72960
168,.,PUNCT,12646065887601541794,72960,.,PUNCT,12646065887601541794,72960
169,servicios,NOUN,14424985634985912458,72960,Ils,PRON,1233637810823532730,75120
170,0,0,0,0,n',ADV,6790753473526118935,75120
171,0,0,0,0,ont,VERB,4980175405888007940,75120
172,0,0,0,0,pas,ADV,162626740300448766,75120
173,de,ADP,11144093025662894627,72960,à,ADP,1840659177240090782,75120
174,0,0,0,0,se,PRON,9839690450034771972,75120
175,0,0,0,0,soucier,VERB,202791914727086110,75120
176,0,0,0,0,de,ADP,11144093025662894627,75120
177,0,0,0,0,maintenir,VERB,5109480393787120137,75120
178,0,0,0,0,des,DET,6923696665978021163,75120
179,0,0,0,0,serveurs,NOUN,17166433138892197433,75120
180,0,0,0,0,physiques,ADJ,440221514282616579,75120
181,0,0,0,0,.,PUNCT,12646065887601541794,75120
182,culparles,NOUN,10179836655809967469,80720,Je,PRON,2628248770713310789,80720
183,No,ADV,9692231336188541085,80720,ne,ADV,6065859282030310819,80720
184,puedo,AUX,12531986228534493661,80720,peux,AUX,1078183367608991697,80720
185,.,PUNCT,12646065887601541794,80720,pas,ADV,162626740300448766,80720
186,Sin,ADP,16989565700622806292,80720,leur,DET,9043354729336809481,80720
187,embargo,NOUN,18189741886919438293,80720,en,PRON,14626626061804382878,80720
188,0,0,0,0,vouloir,VERB,13853014366357309526,80720
189,",",PUNCT,2593208677638477497,80720,",",PUNCT,2593208677638477497,80720
190,0,0,0,0,mais,CCONJ,3927803321315481089,80720
191,me,PRON,18197037023634208128,80720,je,PRON,8612506203511071854,80720
192,pareció,AUX,12558006484518713273,80720,trouve,VERB,16931746652588953405,80720
193,esta,DET,5821559423218928566,80720,cette,DET,13014437646612957149,80720
194,tendencia,NOUN,11584407440392349303,80720,tendance,NOUN,17655971138780649039,80720
195,muy,ADV,16868253375141016776,80720,très,ADV,5241201599711993136,80720
196,peligrosa,ADJ,7899831963083485161,80720,dangereuse,ADJ,3510420716601943553,80720
197,",",PUNCT,2593208677638477497,80720,",",PUNCT,2593208677638477497,80720
198,porque,SCONJ,5757082442330786044,85960,car,CCONJ,17545852598994811774,85960
199,",",PUNCT,2593208677638477497,85960,",",PUNCT,2593208677638477497,85960
200,así,ADV,13388538489347049961,85960,ainsi,ADV,11906536706582700613,85960
201,estas,DET,16010204526465958382,85960,",",PUNCT,2593208677638477497,85960
202,0,0,0,0,de,ADP,11144093025662894627,85960
203,0,0,0,0,très,ADV,5241201599711993136,85960
204,gigantescas,ADJ,9178136586058540680,85960,grandes,ADJ,3923687001980770117,85960
205,corporaciones,NOUN,8432527577205113851,85960,sociétés,NOUN,8714232987907993850,85960
206,tienen,VERB,2033244237142066090,88240,ont,VERB,4980175405888007940,88240
207,un,DET,12188161997964598936,88240,un,DET,12188161997964598936,88240
208,control,NOUN,572204754761179701,88240,contrôle,NOUN,110298003631876724,88240
209,ilimitado,ADJ,3310129915161677064,88240,illimité,VERB,6973653222531562453,88240
210,sobre,ADP,11374976834714679510,88240,sur,ADP,14175982410302701706,88240
211,los,DET,7307884290799599686,88240,les,DET,5902437463952755554,88240
212,servicios,NOUN,14424985634985912458,88240,services,NOUN,15545056930122316503,88240
213,de,ADP,11144093025662894627,88240,d',ADP,18329478872494918915,88240
214,alojamiento,NOUN,13846701010876637842,88240,hébergement,NOUN,5387582916473208822,88240
215,0,0,0,0,web,NOUN,2420254652822703211,88240
216,.,PUNCT,12646065887601541794,88240,.,PUNCT,12646065887601541794,88240
217,Y,CONJ,16961793518281001049,92920,Et,CCONJ,1620920187821177431,92920
218,0,0,0,0,il,PRON,8081183868394845856,92920
219,es,AUX,10343076919720641053,92920,est,AUX,14619786160612475726,92920
220,muy,ADV,16868253375141016776,92920,très,ADV,5241201599711993136,92920
221,fácil,ADJ,7991621623250481822,92920,simple,ADJ,14749329488166600143,92920
222,de,ADP,11144093025662894627,92920,d',ADP,18329478872494918915,92920
223,abusar,VERB,14022286248516994296,92920,abuser,VERB,3907002023528048735,92920
224,0,0,0,0,de,ADP,11144093025662894627,92920
225,este,DET,15654890294676217493,92920,ce,DET,5293259605002647980,92920
226,poder,NOUN,17496565441882855384,92920,pouvoir,NOUN,6760164137727914943,92920
227,.,PUNCT,12646065887601541794,92920,.,PUNCT,12646065887601541794,92920
228,Por,ADP,623830814368950614,97440,par,ADP,11560817535472117264,97440
229,ejemplo,NOUN,7343501568198578495,97440,année,NOUN,8237185677528573230,97440
230,",",PUNCT,2593208677638477497,97440,0,0,0,0
231,el,DET,11488171005156075516,97440,L',DET,7927797470563099839,97440
232,año,NOUN,12462213889476236780,97440,exemple,NOUN,6085141703336254892,97440
233,pasado,ADJ,14617614854182988322,97440,dernière,ADJ,13029715355178632127,97440
234,",",PUNCT,2593208677638477497,97440,",",PUNCT,2593208677638477497,97440
235,un,DET,12188161997964598936,97440,le,DET,13361843836202591494,97440
236,CEO,PROPN,18074202468665715823,97440,PDG,NOUN,13308061451629885972,97440
237,de,ADP,11144093025662894627,97440,d',ADP,18329478872494918915,97440
238,una,DET,1019041181156623609,97440,une,DET,16752500866415647,97440
239,empresa,NOUN,11010082313531436383,97440,entreprise,NOUN,6521758268859605960,97440
240,que,SCONJ,11474801393294414462,101240,qui,PRON,18025162834834030610,101240
241,actúa,VERB,2051467473364759869,101240,opère,VERB,5178425128762963208,101240
242,para,ADP,17491956544424926374,101240,en,ADP,14626626061804382878,101240
243,un,DET,12188161997964598936,101240,tant,ADV,1186783939441122731,101240
244,como,SCONJ,3817173063683202752,101240,que,SCONJ,11474801393294414462,101240
245,portero,NOUN,9728269851190172734,101240,filtre,VERB,4952578351362285384,101240
246,nueve,NUM,974981914058779232,101240,pour,ADP,4302925298007755726,101240
247,millones,NOUN,17030242249528229128,101240,neuf,ADJ,12896694264301761357,101240
248,sitios,NOUN,9593644717484060144,101240,millions,NOUN,14933237458888621515,101240
249,de,ADP,11144093025662894627,101240,de,ADP,11144093025662894627,101240
250,web,NOUN,2420254652822703211,101240,sites,NOUN,24251518153235700,101240
251,0,0,0,0,web,X,2420254652822703211,101240
252,0,0,0,0,",",PUNCT,2593208677638477497,101240
253,decidió,VERB,10497049839143795797,105880,décidé,VERB,9156811872805224867,105880
254,",",PUNCT,2593208677638477497,105880,a,AUX,11901859001352538922,105880
255,tras,ADP,12465099835422794330,105880,sous,ADP,17442958008897001386,105880
256,alguna,DET,9476533234829010752,105880,la,DET,6804705863737483857,105880
257,presión,NOUN,14368744436819779218,105880,pression,NOUN,11190165999803731506,105880
258,pública,ADJ,3412695260386240264,105880,populaire,ADJ,16618006565912346454,105880
259,",",PUNCT,2593208677638477497,105880,0,0,0,0
260,que,SCONJ,11474801393294414462,108000,qu',SCONJ,13574260379477198189,108000
261,uno,PRON,8171375619591740969,108000,un,PRON,12188161997964598936,108000
262,los,DET,7307884290799599686,108000,des,DET,6923696665978021163,108000
263,sitios,NOUN,9593644717484060144,108000,sites,NOUN,24251518153235700,108000
264,de,ADP,11144093025662894627,108000,dont,PRON,4501752004708075930,108000
265,que,PRON,11474801393294414462,108000,il,PRON,8081183868394845856,108000
266,gestionaba,VERB,229312861214367773,108000,assure,VERB,17269411013279344921,108000
267,0,0,0,0,la,DET,6804705863737483857,108000
268,0,0,0,0,gestion,NOUN,6462592632648740637,108000
269,",",PUNCT,2593208677638477497,108000,",",PUNCT,2593208677638477497,108000
270,una,DET,1019041181156623609,110440,une,DET,16752500866415647,110440
271,página,NOUN,13220187457938237938,110440,page,NOUN,3927966406316424861,110440
272,extrema,ADJ,16065539684113057177,110440,web,X,2420254652822703211,110440
273,de,ADP,11144093025662894627,110440,d',ADP,18329478872494918915,110440
274,derecha,NOUN,8240009971971989935,110440,extrême,NOUN,11364307853422821649,110440
275,",",PUNCT,2593208677638477497,110440,-,PUNCT,9153284864653046197,110440
276,bloquearse,PROPN,8439207645710064226,110440,droite,NOUN,11358833935822230502,110440
277,.,PUNCT,12646065887601541794,110440,",",PUNCT,2593208677638477497,110440
278,0,0,0,0,devait,VERB,8382683856411173892,110440
279,debía,AUX,14306224685398379800,110440,être,AUX,198149567613473063,110440
280,0,0,0,0,bloquée,VERB,14787381179978335071,110440
281,0,0,0,0,.,PUNCT,12646065887601541794,110440
282,Luego,ADV,12469601405544975109,114370,Il,PRON,4524258024941853120,114520
283,envió,VERB,187473067782747506,114370,envoyé,VERB,4228706029273687142,114520
284,un,DET,12188161997964598936,114370,un,DET,12188161997964598936,114520
285,correo,NOUN,13667447631377488072,114370,courriel,NOUN,10745171287137600820,114520
286,electrónico,ADJ,4553677601619860059,114370,a,AUX,11901859001352538922,114520
287,interno,ADJ,17209920991993251504,114370,privé,ADJ,640563895553778931,114520
288,a,ADP,11901859001352538922,114370,à,ADP,1840659177240090782,114520
289,sus,DET,11087495102510657763,114370,ses,DET,1588056499098558155,114520
290,compañeros,NOUN,4694923109052322975,114370,collègues,NOUN,10912749537224042294,114520
291,de,ADP,11144093025662894627,114370,0,0,0,0
292,trabajo,NOUN,1376217758131583815,114370,0,0,0,0
293,.,PUNCT,12646065887601541794,114370,:,PUNCT,11532473245541075862,114520
294,"""",PUNCT,15884554869126768810,119000,«,PUNCT,1373379536816847062,119000
295,Esta,PRON,17550470709053160143,119000,C',PRON,13529430013742482571,119000
296,fue,AUX,6922200418372124953,119000,était,AUX,9706033412567555684,119000
297,una,DET,1019041181156623609,119000,une,DET,16752500866415647,119000
298,decisión,NOUN,18186723245797170448,119000,décision,NOUN,14748908358754499077,119000
299,arbitraria,ADJ,462287094820268490,119000,arbitraire,ADJ,11684747455514001580,119000
300,.,PUNCT,12646065887601541794,119000,.,PUNCT,12646065887601541794,119000
301,Me,PRON,17688641098104964042,122640,Je,PRON,2628248770713310789,122640
302,desperté,VERB,867820258758426746,122640,me,PRON,18197037023634208128,122640
303,0,0,0,0,suis,AUX,9227762830378992001,122640
304,de,ADP,11144093025662894627,122640,levé,ADV,5795508723315308891,122640
305,esa,DET,12150002208949237779,122640,du,DET,17166863280368009634,122640
306,mañana,NOUN,15916546618663248448,122640,mauvais,NOUN,14558773892380755024,122640
307,mal,ADJ,17891639207125098893,122640,pied,ADJ,12342042867179441937,122640
308,0,0,0,0,ce,DET,5293259605002647980,122640
309,humor,NOUN,13000829230829855218,122640,matin,NOUN,8722915570752869512,122640
310,él,PRON,15857385564908023410,125200,Il,PRON,4524258024941853120,125200
311,admite,VERB,8359274587570589016,125200,a,VERB,11901859001352538922,125200
312,Incluso,ADV,8223513667141664763,125200,même,ADV,1130429708572951360,125200
313,",",PUNCT,2593208677638477497,125200,admis,VERB,18383006498915428889,125200
314,0,0,0,0,que,SCONJ,11474801393294414462,125200
315,"""",PUNCT,15884554869126768810,131880,«,PUNCT,1373379536816847062,131880
316,Nadie,PRON,5727564269709707739,131880,personne,VERB,5160379149065496598,131880
317,debería,AUX,1413076103929521774,131880,ne,ADV,6065859282030310819,131880
318,tener,VERB,9273468649798460046,131880,devrait,VERB,12948243466761781602,131880
319,0,0,0,0,avoir,VERB,11059948118366003969,131880
320,este,DET,15654890294676217493,131880,ce,DET,5293259605002647980,131880
321,poder,NOUN,17496565441882855384,131880,pouvoir,NOUN,6760164137727914943,131880
322,"""",PUNCT,15884554869126768810,131880,»,ADJ,5342463183827332990,131880
323,.,PUNCT,12646065887601541794,131880,.,PUNCT,12646065887601541794,131880
324,Como,SCONJ,4970798220701330131,135720,En,ADP,11159992760278512227,135720
325,respuesta,NOUN,7539885667096723574,135720,réponse,NOUN,11538330789756218828,135720
326,0,0,0,0,",",PUNCT,2593208677638477497,135720
327,los,DET,7307884290799599686,135720,l',DET,11055277117081255759,135720
328,uno,PRON,8171375619591740969,135720,un,PRON,12188161997964598936,135720
329,de,ADP,11144093025662894627,135720,de,ADP,11144093025662894627,135720
330,0,0,0,0,ses,DET,1588056499098558155,135720
331,empleados,NOUN,16363470059868049462,135720,employés,NOUN,16199809889998832945,135720
332,le,PRON,13361843836202591494,135720,lui,PRON,18433398419770100958,135720
333,0,0,0,0,a,AUX,11901859001352538922,135720
334,preguntó,VERB,1575666240752392321,135720,demandé,VERB,3368620878532448358,135720
335,:,PUNCT,11532473245541075862,135720,:,PUNCT,11532473245541075862,135720
336,No,ADV,9692231336188541085,138640,«,ADJ,1373379536816847062,138640
337,creo,VERB,16439760446226872124,138640,Internet,NOUN,8006197966488148988,138640
338,que,SCONJ,11474801393294414462,138640,est-il,X,4387071741636223464,138640
339,matando,VERB,7863661226539427522,138640,mort,VERB,17545349033671241320,138640
340,estemos,AUX,14834090562887507026,138640,ce,DET,5293259605002647980,138640
341,internet,PROPN,10937452440342651049,138640,jour,NOUN,15286960681625860412,138640
342,",",PUNCT,2593208677638477497,138640,?,PUNCT,8205403955989537350,138640
343,0,0,0,0,»,ADJ,5342463183827332990,138640
344,0,0,0,0,Je,PRON,2628248770713310789,143800
345,0,0,0,0,ne,ADV,6065859282030310819,143800
346,0,0,0,0,crois,VERB,5092823106664399153,143800
347,0,0,0,0,pas,ADV,162626740300448766,143800
348,0,0,0,0,que,SCONJ,11474801393294414462,143800
349,0,0,0,0,nous,PRON,15994519860812886258,143800
350,0,0,0,0,détruisons,VERB,9143929525407624284,143800
351,0,0,0,0,Internet,NOUN,8006197966488148988,143800
352,0,0,0,0,",",PUNCT,2593208677638477497,143800
353,pero,CONJ,4949779210556390094,146240,mais,CCONJ,3927803321315481089,146240
354,sí,ADV,12296321025590094647,146240,nous,PRON,15994519860812886258,146240
355,estamos,AUX,1184969735604598245,146240,sommes,AUX,10877652818660484091,146240
356,que,SCONJ,11474801393294414462,146240,au,PROPN,11216685815786043991,146240
357,creo,VERB,16439760446226872124,146240,beau,PROPN,15811779201844894364,146240
358,medio,NUM,7212999203009465902,146240,milieu,NOUN,16113487832010273823,146240
359,en,ADP,14626626061804382878,146240,d',ADP,18329478872494918915,148196
360,0,0,0,0,un,DET,12188161997964598936,148196
361,0,0,0,0,mouvement,NOUN,7813251609071669040,148196
362,0,0,0,0,de,ADP,11144093025662894627,148196
363,0,0,0,0,centralisation,NOUN,18082734261997509713,148196
364,0,0,0,0,irresponsable,ADJ,16524854928099207719,148196
365,Eso,PRON,4568893308372095616,151000,qui,PRON,18025162834834030610,151000
366,hace,VERB,12135968124517883173,151000,fragilise,VERB,3507456861463553834,151000
367,que,SCONJ,11474801393294414462,151000,0,0,0,0
368,nuestra,DET,6434645427240457100,151000,notre,DET,16699583448167008180,151000
369,internet,NOUN,10937452440342651049,151000,Internet,NOUN,8006197966488148988,151000
370,sea,AUX,3315219263181363146,151000,0,0,0,0
371,más,ADV,13805553149795463782,151000,0,0,0,0
372,frágil,ADJ,13937350325426962569,151000,0,0,0,0
373,.,PUNCT,12646065887601541794,151000,.,PUNCT,12646065887601541794,151000
374,La,DET,6239908149323985340,155120,Le,DET,17405251050291145966,155120
375,web,NOUN,2420254652822703211,155120,réseau,NOUN,2869472355735502486,155120
376,descentralizada,ADJ,13553262605571580336,155120,décentralisé,VERB,8578644890932267594,155120
377,",",PUNCT,2593208677638477497,155120,",",PUNCT,2593208677638477497,155120
378,de,ADP,11144093025662894627,155120,de,ADP,11144093025662894627,155120
379,persona,NOUN,17688060688588333503,155120,personne,NOUN,5160379149065496598,155120
380,a,ADP,11901859001352538922,155120,à,ADP,1840659177240090782,155120
381,0,0,0,0,personne,PROPN,5160379149065496598,155120
382,0,0,0,0,",",PUNCT,2593208677638477497,155120
383,0,0,0,0,résout,ADJ,3872846876187852381,157720
384,0,0,0,0,ce,DET,5293259605002647980,157720
385,persona,NOUN,17688060688588333503,155120,problème,NOUN,7837298702742667059,157720
386,0,0,0,0,en,ADP,14626626061804382878,157720
387,0,0,0,0,éliminant,VERB,10777566526851509989,157720
388,0,0,0,0,les,DET,5902437463952755554,157720
389,0,0,0,0,éléments,NOUN,7250352969088024914,157720
390,0,0,0,0,centraux,ADJ,135195008792150070,157720
391,0,0,0,0,",",PUNCT,2593208677638477497,157720
392,los,DET,7307884290799599686,161560,les,DET,5902437463952755554,161560
393,servicios,NOUN,14424985634985912458,161560,services,NOUN,15545056930122316503,161560
394,de,ADP,11144093025662894627,161560,d',ADP,18329478872494918915,161560
395,alojamiento,NOUN,13846701010876637842,161560,hébergement,NOUN,5387582916473208822,161560
396,web,ADJ,2420254652822703211,161560,web,NOUN,2420254652822703211,161560
397,.,PUNCT,12646065887601541794,161560,.,PUNCT,12646065887601541794,161560
398,Esto,PRON,15115217180518400449,163880,Il,PRON,4524258024941853120,163880
399,faculta,VERB,16130074214251779792,163880,donne,VERB,12509200390568765093,163880
400,a,ADP,11901859001352538922,163880,le,DET,13361843836202591494,163880
401,usuarios,NOUN,3054460987903068249,163880,pouvoir,NOUN,6760164137727914943,163880
402,los,DET,7307884290799599686,163880,aux,DET,405,163880
403,0,0,0,0,utilisateurs,NOUN,16950734556137320075,163880
404,sitios,NOUN,9593644717484060144,166160,qui,PRON,18025162834834030610,166160
405,tener,VERB,9273468649798460046,166160,hébergent,VERB,7977761164551176810,166160
406,que,PRON,11474801393294414462,166160,eux,PRON,18387682471356816887,166160
407,de,ADP,11144093025662894627,166160,-,PUNCT,9153284864653046197,166160
408,0,0,0,0,mêmes,ADJ,17130095393320870608,166160
409,quieran,VERB,16653035864796334306,166160,les,DET,5902437463952755554,166160
410,alojamiento,NOUN,13846701010876637842,166160,sites,NOUN,24251518153235700,166160
411,0,0,0,0,qu',PRON,13574260379477198189,166160
412,0,0,0,0,ils,PRON,7400529878339724166,166160
413,0,0,0,0,veulent,AUX,7923675674734317161,166160
414,conservar,VERB,5280087553702294113,166160,conserver,VERB,2394732032676465272,166160
415,.,PUNCT,12646065887601541794,166160,.,PUNCT,12646065887601541794,166160
416,En,ADP,11159992760278512227,171080,Sur,ADP,3606349236218949302,171080
417,esta,DET,5821559423218928566,171080,ce,DET,5293259605002647980,171080
418,red,NOUN,17551718516836219974,171080,réseau,NOUN,2869472355735502486,171080
419,0,0,0,0,",",PUNCT,2593208677638477497,171080
420,los,DET,7307884290799599686,171080,les,DET,5902437463952755554,171080
421,sitios,NOUN,9593644717484060144,171080,sites,NOUN,24251518153235700,171080
422,se,PRON,9839690450034771972,171080,sont,AUX,2183785841973629617,171080
423,directamente,ADV,14016367606537497599,171080,directement,ADV,505417528354301411,171080
424,descargan,VERB,11792734715047732003,171080,téléchargés,VERB,1856419055703772768,171080
425,de,ADP,11144093025662894627,171080,par,ADP,11560817535472117264,171080
426,otros,DET,4352301292778471070,171080,les,DET,5902437463952755554,171080
427,0,0,0,0,autres,ADJ,5922633728820932677,171080
428,visitantes,NOUN,17875705055217220061,171080,visiteurs,NOUN,12299273306931355905,171080
429,.,PUNCT,12646065887601541794,171080,.,PUNCT,12646065887601541794,171080
430,Esto,PRON,15115217180518400449,176440,C',PRON,13529430013742482571,177120
431,significa,VERB,1145958209919285197,176440,est,VERB,14619786160612475726,177120
432,",",PUNCT,2593208677638477497,176440,-,PUNCT,9153284864653046197,177120
433,con,ADP,6945313634251781056,176440,à,ADP,1840659177240090782,177120
434,uno,PRON,8171375619591740969,176440,-,PUNCT,9153284864653046197,177120
435,tiene,VERB,12773169655925470509,176440,dire,VERB,14258168727630584276,177120
436,si,SCONJ,13884469947995795204,176440,que,SCONJ,11474801393294414462,177120
437,que,SCONJ,11474801393294414462,176440,si,SCONJ,13884469947995795204,177120
438,un,DET,12188161997964598936,176440,un,DET,12188161997964598936,177120
439,sitio,NOUN,5580916346715667817,176440,site,NOUN,12686102100502772429,177120
440,0,0,0,0,a,VERB,11901859001352538922,177120
441,100,NUM,12136287192145005166,176440,100,NUM,12136287192145005166,177120
442,visitantes,NOUN,17875705055217220061,176440,visiteurs,NOUN,12299273306931355905,177120
443,",",PUNCT,2593208677638477497,176440,",",PUNCT,2593208677638477497,177120
444,alojado,ADJ,11803424339995463572,179480,il,PRON,8081183868394845856,179480
445,está,AUX,4858725201161983290,179480,est,AUX,14619786160612475726,179480
446,100,NUM,12136287192145005166,179480,hébergé,VERB,10542847964730357158,179480
447,por,ADP,18244196334509357400,179480,par,ADP,11560817535472117264,179480
448,todo,DET,1039296168925561739,179480,100,PRON,12136287192145005166,179480
449,computadoras,NOUN,13109486540443428479,179480,ordinateurs,NOUN,14687335734294891717,179480
450,en,ADP,14626626061804382878,179480,à,ADP,1840659177240090782,179480
451,mundo,NOUN,4571220300153094564,179480,travers,NOUN,1367197693629132720,179480
452,el,DET,11488171005156075516,179480,le,DET,13361843836202591494,179480
453,0,0,0,0,monde,PROPN,6271367927324676804,179480
454,.,PUNCT,12646065887601541794,179480,.,PUNCT,12646065887601541794,179480
455,Básicamente,ADV,5525447780865504984,184040,Tout,ADV,4497479093624956546,184040
456,0,0,0,0,simplement,ADV,2379775767737017862,184040
457,",",PUNCT,2593208677638477497,184040,",",PUNCT,2593208677638477497,184040
458,esta,PRON,5821559423218928566,184040,c',PRON,3614287697118523228,184040
459,es,AUX,10343076919720641053,184040,est,AUX,14619786160612475726,184040
460,una,DET,1019041181156623609,184040,une,DET,16752500866415647,184040
461,versión,NOUN,2999048447366072538,184040,version,NOUN,2639073426372099914,184040
462,de,ADP,11144093025662894627,184040,d',ADP,18329478872494918915,184040
463,internet,NOUN,10937452440342651049,184040,Internet,NOUN,8006197966488148988,184040
464,impulsada,ADJ,1647264837008850794,184040,alimentée,VERB,14287909974219860059,184040
465,por,ADP,18244196334509357400,184040,par,ADP,11560817535472117264,184040
466,las,DET,6526950402091386798,184040,les,DET,5902437463952755554,184040
467,personas,NOUN,1891828540174324529,184040,gens,NOUN,529915263140659624,184040
468,.,PUNCT,12646065887601541794,184040,.,PUNCT,12646065887601541794,184040
469,La,DET,6239908149323985340,190720,Un,DET,362773788461399393,190720
470,seguridad,NOUN,18284878916134882390,190720,chiffrement,NOUN,3463140600017422087,190720
471,de,ADP,11144093025662894627,190720,à,ADP,1840659177240090782,190720
472,la,DET,6804705863737483857,190720,clé,PROPN,16980740481513280044,190720
473,red,NOUN,17551718516836219974,190720,publique,ADJ,7145367733484342361,190720
474,la,DET,6804705863737483857,190720,la,DET,6804705863737483857,190720
475,proporciona,VERB,8809184650007327489,190720,assure,VERB,17269411013279344921,190720
476,la,DET,6804705863737483857,190720,du,DET,17166863280368009634,190720
477,criptografía,NOUN,2532039996189978923,190720,sécurité,NOUN,10202354863308806566,190720
478,de,ADP,11144093025662894627,190720,0,0,0,0
479,clave,NOUN,14883455995098815814,190720,réseau,NOUN,2869472355735502486,190720
480,pública,ADJ,3412695260386240264,190720,0,0,0,0
481,.,PUNCT,12646065887601541794,190720,",",PUNCT,2593208677638477497,190720
482,0,0,0,0,de,ADP,11144093025662894627,194760
483,0,0,0,0,façon,NOUN,14594028065977672975,194760
484,que,SCONJ,11474801393294414462,194760,à,ADP,1840659177240090782,194760
485,nadie,PRON,3867009624333644193,194760,ce,PRON,5293259605002647980,194760
486,Esto,PRON,15115217180518400449,194760,que,PRON,11474801393294414462,194760
487,modificar,VERB,9795568092328337310,194760,personne,VERB,5160379149065496598,194760
488,0,0,0,0,ne,ADV,6065859282030310819,194760
489,pueda,AUX,3055997051046736216,194760,puisse,AUX,8526328975975702823,194760
490,asegura,VERB,8744831539757239630,194760,modifier,VERB,16738131537020076411,194760
491,los,DET,7307884290799599686,194760,les,DET,5902437463952755554,194760
492,sitios,NOUN,9593644717484060144,194760,sites,NOUN,24251518153235700,194760
493,",",PUNCT,2593208677638477497,194760,",",PUNCT,2593208677638477497,194760
494,solo,ADV,3505255310390259426,198280,excepté,ADP,10856089177102287525,198280
495,el,DET,11488171005156075516,198280,son,DET,2555790282192608669,198280
496,verdadero,ADJ,15061218925908582033,198280,0,0,0,0
497,dueño,NOUN,15804058607393152426,198280,propriétaire,NOUN,16338057124415579654,198280
498,.,PUNCT,12646065887601541794,198280,.,PUNCT,12646065887601541794,198280
499,ello,PRON,16882085280180959752,200870,C',PRON,13529430013742482571,201360
500,0,0,0,0,est,AUX,14619786160612475726,201360
501,en,ADP,14626626061804382878,200870,comme,ADP,6699011506843298584,201360
502,como,SCONJ,3817173063683202752,200870,si,SCONJ,13884469947995795204,201360
503,",",PUNCT,2593208677638477497,200870,",",PUNCT,2593208677638477497,201360
504,Piensen,PROPN,17201426797369647959,200870,au,PROPN,11216685815786043991,201360
505,vez,NOUN,8246815288216585998,200870,lieu,NOUN,6213545402287354208,201360
506,de,ADP,11144093025662894627,200870,de,ADP,11144093025662894627,201360
507,obtener,VERB,6767493588409465626,200870,recevoir,VERB,3838424543934928445,201360
508,0,0,0,0,l',DET,11055277117081255759,201360
509,electricidad,NOUN,16999043034693023721,200870,électricité,NOUN,16891054905086833887,201360
510,en,ADP,14626626061804382878,200870,de,ADP,11144093025662894627,201360
511,0,0,0,0,grandes,NOUN,3923687001980770117,201360
512,0,0,0,0,centrales,ADJ,11818041794507607603,201360
513,0,0,0,0,",",PUNCT,2593208677638477497,201360
514,0,0,0,0,vous,PRON,6151699640482831038,205750
515,grandes,ADJ,3923687001980770117,203860,posiez,VERB,11028561071033559059,205750
516,0,0,0,0,des,DET,6923696665978021163,205750
517,eléctricas,ADJ,4348344425246481098,203860,panneaux,ADJ,4999116459621818769,205750
518,centrales,NOUN,11818041794507607603,203860,solaires,NOUN,4314489580594236460,205750
519,de,ADP,11144093025662894627,203860,sur,ADP,14175982410302701706,205750
520,0,0,0,0,le,DET,13361843836202591494,205750
521,0,0,0,0,toit,NOUN,14506635629904835928,205750
522,",",PUNCT,2593208677638477497,203860,.,PUNCT,12646065887601541794,205750
523,0,0,0,0,Et,CCONJ,1620920187821177431,207920
524,Uds.,PROPN,15662192352283334821,205840,si,SCONJ,13884469947995795204,207920
525,solares,ADJ,7543426239863092945,205840,vos,DET,17351049957000578581,207920
526,paneles,NOUN,14302587317135914396,205840,voisins,NOUN,4825855516790113211,207920
527,ponen,VERB,17410217177728881886,205840,ont,VERB,4980175405888007940,207920
528,casa,NOUN,749505760248740847,205840,besoin,NOUN,12252680556367920533,207920
529,de,ADP,11144093025662894627,205840,d',ADP,18329478872494918915,207920
530,su,DET,14248009254309298022,205840,un,DET,12188161997964598936,207920
531,encima,ADV,6516982230056593967,205840,peu,ADV,8637690577923243362,207920
532,0,0,0,0,plus,ADV,2123754640991541914,207920
533,0,0,0,0,d',ADP,18329478872494918915,207920
534,0,0,0,0,énergie,NOUN,290893227162986001,207920
535,.,PUNCT,12646065887601541794,205840,",",PUNCT,2593208677638477497,207920
536,Y,CONJ,16961793518281001049,208086,ils,PRON,7400529878339724166,210840
537,si,SCONJ,13884469947995795204,208086,peuvent,AUX,420109334657540332,210840
538,su,DET,14248009254309298022,208086,un,DET,12188161997964598936,210840
539,vecino,NOUN,7763987534820990630,208086,0,0,0,0
540,de,ADP,11144093025662894627,208086,depuis,ADP,8583993174102219320,210840
541,la,DET,6804705863737483857,208086,peu,ADV,8637690577923243362,210840
542,calle,NOUN,16704127896150882460,208086,maison,NOUN,13612974498286601321,210840
543,necesita,VERB,15789300079159946304,208086,approvisionner,VERB,7295577565479678945,210840
544,un,DET,12188161997964598936,208086,votre,DET,11359159872749569338,210840
545,poco,PRON,4117172620621991493,208086,s',PRON,13057294305572976255,210840
546,de,ADP,11144093025662894627,208086,0,0,0,0
547,energía,NOUN,336706291597624830,208086,0,0,0,0
548,adicional,ADJ,2839398640572400146,208086,0,0,0,0
549,",",PUNCT,2593208677638477497,208086,.,PUNCT,12646065887601541794,210840
550,Así,ADV,13115577326766121063,216760,0,0,0,0
551,que,SCONJ,11474801393294414462,216760,utilisant,VERB,15987878952355081346,216760
552,mediante,ADP,12235930974009171082,216760,En,ADP,11159992760278512227,216760
553,el,DET,11488171005156075516,216760,le,DET,13361843836202591494,216760
554,uso,NOUN,6924770253814089593,216760,réseau,NOUN,2869472355735502486,216760
555,de,ADP,11144093025662894627,216760,décentralisé,VERB,8578644890932267594,216760
556,la,DET,6804705863737483857,216760,0,0,0,0
557,web,NOUN,2420254652822703211,216760,0,0,0,0
558,descentralizada,ADJ,13553262605571580336,216760,0,0,0,0
559,",",PUNCT,2593208677638477497,216760,",",PUNCT,2593208677638477497,216760
560,que,SCONJ,11474801393294414462,219600,que,SCONJ,11474801393294414462,219600
561,0,0,0,0,nous,PRON,15994519860812886258,219600
562,son,AUX,2555790282192608669,219600,pouvons,AUX,12669857284711005717,219600
563,0,0,0,0,aussi,ADV,10514909888095890428,219600
564,pensamos,VERB,1621219203374301082,219600,lutter,VERB,17978335539452897019,219600
565,",",PUNCT,2593208677638477497,219600,contre,ADP,1436034967606154550,219600
566,0,0,0,0,les,DET,5902437463952755554,219600
567,0,0,0,0,choses,NOUN,17775586813245600102,219600
568,que,SCONJ,11474801393294414462,219600,que,SCONJ,11474801393294414462,231198
569,0,0,0,0,nous,PRON,15994519860812886258,231198
570,0,0,0,0,estimons,VERB,2336304730473645107,231198
571,injustas,ADJ,9032544624336552608,219600,injustes,ADJ,17011256694308776588,231198
572,0,0,0,0,",",PUNCT,2593208677638477497,231198
573,como,SCONJ,3817173063683202752,234000,comme,ADP,6699011506843298584,234000
574,la,DET,6804705863737483857,234000,la,DET,6804705863737483857,234000
575,censura,NOUN,2111456914068724033,234000,censure,NOUN,212752049002811844,234000
576,.,PUNCT,12646065887601541794,234000,.,PUNCT,12646065887601541794,234000
577,En,ADP,11159992760278512227,236480,En,ADP,11159992760278512227,236480
578,China,PROPN,13385439009439644888,236480,Chine,PROPN,9631933643914688149,236480
579,la,DET,6804705863737483857,236480,",",PUNCT,2593208677638477497,236480
580,internet,NOUN,10937452440342651049,236480,Internet,NOUN,8006197966488148988,236480
581,está,AUX,4858725201161983290,236480,est,AUX,14619786160612475726,236480
582,muy,ADV,16868253375141016776,236480,étroitement,ADV,15196372704513562376,236480
583,controlada,ADJ,14571939586294444208,236480,contrôlé,VERB,15946211482709250261,236480
584,.,PUNCT,12646065887601541794,236480,.,PUNCT,12646065887601541794,236480
585,No,ADV,9692231336188541085,240600,Impossible,ADJ,16228949175049875875,240600
586,se,PRON,9839690450034771972,240600,0,0,0,0
587,puede,AUX,15014026304111728540,240600,le,DET,13361843836202591494,240600
588,criticar,VERB,16956971592558643317,240600,critiquer,VERB,14812858847583093383,240600
589,al,ADP,8222700718889469974,240600,de,ADP,11144093025662894627,240600
590,gobierno,PROPN,10826472447369367844,240600,gouvernement,NOUN,6810306944463829726,240600
591,",",PUNCT,2593208677638477497,240600,",",PUNCT,2593208677638477497,240600
592,0,0,0,0,d',ADP,18329478872494918915,244480
593,organizar,VERB,1682849595209716598,244480,organiser,VERB,10448501415852379298,244480
594,una,DET,1019041181156623609,244480,une,DET,16752500866415647,244480
595,protesta,NOUN,18044296344327068201,244480,manifestation,NOUN,13097848532748199184,244480
596,",",PUNCT,2593208677638477497,244480,",",PUNCT,2593208677638477497,244480
597,y,CONJ,9409450202036847209,246520,et,CCONJ,13620178847145827813,246520
598,0,0,0,0,il,PRON,8081183868394845856,246520
599,está,AUX,4858725201161983290,246520,est,AUX,14619786160612475726,246520
600,prohibido,ADJ,17753448245230419664,246520,aussi,ADV,10514909888095890428,246520
601,publicar,VERB,16770439924494275003,246520,interdit,VERB,9968836865942735466,246520
602,0,0,0,0,de,ADP,11144093025662894627,246520
603,0,0,0,0,publier,NOUN,16693951334095307473,246520
604,un,DET,12188161997964598936,249280,un,DET,12188161997964598936,249280
605,emoticono,NOUN,10462328462967531046,249280,émoticône,NOUN,11573950163055223506,249280
606,para,ADP,17491956544424926374,249280,qui,PRON,18025162834834030610,249280
607,recordar,VERB,7611280103056924195,249280,rappelle,VERB,3722127024898810020,249280
608,a,ADP,11901859001352538922,249280,victimes,NOUN,3346894882448017225,249280
609,las,DET,6526950402091386798,249280,les,DET,5902437463952755554,249280
610,víctimas,NOUN,13617060232943473307,249280,massacre,NOUN,12213083933693273138,249280
611,de,ADP,11144093025662894627,249280,de,ADP,11144093025662894627,249280
612,la,DET,6804705863737483857,249280,du,DET,17166863280368009634,249280
613,Masacre,PROPN,8110875521228732204,249280,Tian',PROPN,14530793908426855552,249280
614,de,ADP,11144093025662894627,249280,place,NOUN,7512738811199700769,249280
615,la,DET,6804705863737483857,249280,la,DET,6804705863737483857,249280
616,Plaza,PROPN,4145842105486410021,249280,anmen,PROPN,11829526291629501820,249280
617,de,ADP,11144093025662894627,249280,0,0,0,0
618,Tiananmen,PROPN,5454108596539265826,249280,0,0,0,0
619,.,PUNCT,12646065887601541794,249280,.,PUNCT,12646065887601541794,249280
620,Con,ADP,5520492700078303406,255040,Avec,ADP,7047589800944316976,255040
621,la,DET,6804705863737483857,255040,le,DET,13361843836202591494,255040
622,web,NOUN,2420254652822703211,255040,réseau,NOUN,2869472355735502486,255040
623,descentralizada,ADJ,13553262605571580336,255040,décentralisé,VERB,8578644890932267594,255040
624,",",PUNCT,2593208677638477497,255040,",",PUNCT,2593208677638477497,255040
625,el,DET,11488171005156075516,255040,ce,PRON,5293259605002647980,255040
626,no,ADV,13055779130471031426,255040,n',ADV,6790753473526118935,255040
627,es,AUX,10343076919720641053,255040,est,AUX,14619786160612475726,255040
628,gobierno,PROPN,10826472447369367844,255040,pas,ADV,162626740300448766,255040
629,0,0,0,0,lÉtat,NOUN,18345448814869692148,255040
630,quien,PRON,4113058443372604681,255040,qui,PRON,18025162834834030610,255040
631,decide,VERB,3634000357447379468,255040,décide,VERB,15145152191018405015,255040
632,0,0,0,0,de,ADP,11144093025662894627,258125
633,0,0,0,0,ce,PRON,5293259605002647980,258125
634,0,0,0,0,qui,PRON,18025162834834030610,258125
635,0,0,0,0,est,AUX,14619786160612475726,258125
636,0,0,0,0,visible,ADJ,6621063880764516328,258125
637,0,0,0,0,ou,CCONJ,7904677917145870628,258125
638,0,0,0,0,non,ADV,15888754967501154131,258125
639,0,0,0,0,.,PUNCT,12646065887601541794,258125
640,0,0,0,0,Ce,PRON,10217257574287006157,261080
641,Son,AUX,18366556824654818082,261080,sont,AUX,2183785841973629617,261080
642,las,DET,6526950402091386798,261080,les,DET,5902437463952755554,261080
643,personas,NOUN,1891828540174324529,261080,gens,NOUN,529915263140659624,261080
644,0,0,0,0,qui,PRON,18025162834834030610,261080
645,0,0,0,0,décident,VERB,8936919350217278384,261080
646,0,0,0,0,",",PUNCT,2593208677638477497,261080
647,quienes,PRON,11155650112636156880,263120,ce,PRON,5293259605002647980,263120
648,hace,VERB,12135968124517883173,263120,rend,VERB,8051052176423456702,263120
649,que,SCONJ,11474801393294414462,263120,qui,PRON,18025162834834030610,263120
650,la,DET,6804705863737483857,263120,le,DET,13361843836202591494,263120
651,web,NOUN,2420254652822703211,263120,web,NOUN,2420254652822703211,263120
652,sea,AUX,3315219263181363146,263120,0,0,0,0
653,más,ADV,13805553149795463782,263120,plus,ADV,2123754640991541914,263120
654,democrática,ADJ,163981091697512977,263120,démocratique,ADJ,15265511413369515310,263120
655,.,PUNCT,12646065887601541794,263120,.,PUNCT,12646065887601541794,263120
656,Pero,CONJ,3012608552889114327,266600,Mais,CCONJ,3985832202445185970,266600
657,al,ADP,8222700718889469974,266600,en,ADP,14626626061804382878,266600
658,mismo,DET,12984459046605325283,266600,même,ADJ,1130429708572951360,266600
659,tiempo,NOUN,3897009725270815938,266600,temps,NOUN,8980423852226619333,266600
660,",",PUNCT,2593208677638477497,266600,",",PUNCT,2593208677638477497,266600
661,0,0,0,0,c',PRON,3614287697118523228,266600
662,es,AUX,10343076919720641053,266600,est,AUX,14619786160612475726,266600
663,difícil,ADJ,5737193594416839770,266600,dur,ADJ,9788726309119552437,266600
664,",",PUNCT,2593208677638477497,266600,d',ADP,18329478872494918915,266600
665,usar,VERB,10841222263501392999,266600,utiliser,VERB,9856880686006139084,266600
666,esta,DET,5821559423218928566,266600,ce,DET,5293259605002647980,266600
667,red,NOUN,17551718516836219974,266600,réseau,NOUN,2869472355735502486,266600
668,hacer,AUX,17672920047749692400,269040,pour,ADP,4302925298007755726,269040
669,algo,PRON,16528986040643271495,269040,faire,VERB,3866958562204505264,269040
670,que,PRON,11474801393294414462,269040,quelque,DET,12166229204512560195,269040
671,es,AUX,10343076919720641053,269040,chose,NOUN,16094856241113769018,269040
672,claramente,ADV,9459708524216797647,269040,de,ADP,11144093025662894627,269040
673,0,0,0,0,clairement,NOUN,12941505131321207148,269040
674,ilegal,ADJ,7058226948521081134,269040,illégal,ADJ,15233603370272587013,269040
675,en,ADP,14626626061804382878,271839,dans,ADP,6959196919681770914,271839
676,todas,DET,16541400954320993806,271839,le,DET,13361843836202591494,271839
677,partes,NOUN,7461009288795324242,271839,monde,NOUN,6271367927324676804,271839
678,del,ADP,14178434899903659559,271839,entier,ADJ,11234162671255762105,271839
679,",",PUNCT,2593208677638477497,271839,",",PUNCT,2593208677638477497,271839
680,0,0,0,0,car,CCONJ,17545852598994811774,273240
681,las,DET,6526950402091386798,271839,les,DET,5902437463952755554,273240
682,mundo,NOUN,4571220300153094564,271839,utilisateurs,NOUN,16950734556137320075,273240
683,0,0,0,0,ne,ADV,6065859282030310819,273240
684,0,0,0,0,veulent,VERB,7923675674734317161,273240
685,0,0,0,0,probablement,ADV,12459537659894246070,273240
686,0,0,0,0,pas,ADV,162626740300448766,273240
687,0,0,0,0,se,PRON,9839690450034771972,273240
688,0,0,0,0,mettre,VERB,9705990288127644434,273240
689,0,0,0,0,en,ADP,14626626061804382878,273240
690,0,0,0,0,danger,NOUN,190700062585529239,273240
691,0,0,0,0,en,ADP,14626626061804382878,276800
692,alojando,VERB,4428272511076085906,276800,hébergeant,VERB,17125125983346501016,276800
693,este,DET,15654890294676217493,276800,ce,DET,5293259605002647980,276800
694,tipo,NOUN,4791739812770415521,276800,type,NOUN,1650948551127640961,276800
695,de,ADP,11144093025662894627,276800,de,ADP,11144093025662894627,276800
696,contenido,NOUN,13220307439485880868,276800,contenu,NOUN,4375107256782703695,276800
697,problemático,ADJ,14633955373640994985,276800,douteux,ADJ,15182927270998802901,276800
698,.,PUNCT,12646065887601541794,276800,.,PUNCT,12646065887601541794,276800
699,Otra,DET,11718761595567749513,281720,Une,DET,15683828717504468070,281720
700,creciente,ADJ,13919492149604630846,281720,autre,ADJ,5188504825155044570,281720
701,amenaza,NOUN,11364632504711825905,281720,menace,NOUN,13389801723153828189,281720
702,0,0,0,0,croissante,ADJ,2893292490217185957,281720
703,a,ADP,11901859001352538922,284680,pour,ADP,4302925298007755726,284680
704,la,DET,6804705863737483857,284680,la,DET,6804705863737483857,284680
705,libertad,NOUN,5404866684894160663,284680,liberté,NOUN,5876670247706629062,284680
706,de,ADP,11144093025662894627,284680,d',ADP,18329478872494918915,284680
707,internet,PROPN,10937452440342651049,284680,Internet,NOUN,8006197966488148988,284680
708,0,0,0,0,",",PUNCT,2593208677638477497,284680
709,de,ADP,11144093025662894627,287400,c',PRON,3614287697118523228,287400
710,es,AUX,10343076919720641053,287400,est,AUX,14619786160612475726,287400
711,el,DET,11488171005156075516,287400,la,DET,6804705863737483857,287400
712,exceso,NOUN,12721459763392059619,287400,réglementation,NOUN,13759396286999036004,287400
713,regulación,NOUN,9047355550394397907,287400,excessive,ADJ,10025728121779276943,287400
714,.,PUNCT,12646065887601541794,287400,.,PUNCT,12646065887601541794,287400
715,0,0,0,0,J',PRON,13625533891298606388,291160
716,Tengo,VERB,14024468861677012425,291160,ai,VERB,4489555979637837711,291160
717,la,DET,6804705863737483857,291160,l',DET,11055277117081255759,291160
718,impresión,NOUN,4018015417165911633,291160,impression,NOUN,7689345550238753247,291160
719,que,SCONJ,11474801393294414462,293280,que,SCONJ,11474801393294414462,293280
720,nuestros,DET,8277433627748971173,293280,nos,DET,6968452539944589995,293280
721,delegados,NOUN,10704861484309311566,293280,représentants,NOUN,8208993347972157670,293280
722,de,ADP,11144093025662894627,293280,politiques,ADJ,13002476912788180158,293280
723,0,0,0,0,",",PUNCT,2593208677638477497,293280
724,que,SCONJ,11474801393294414462,295000,0,0,0,0
725,votan,VERB,7165316024888846493,295000,votent,VERB,9419545003458339738,295000
726,las,DET,6526950402091386798,295000,les,DET,5902437463952755554,295000
727,leyes,NOUN,12612709041364678368,295000,lois,NOUN,4804482990286950581,295000
728,que,PRON,11474801393294414462,295000,qui,PRON,18025162834834030610,295000
729,regulan,VERB,15925335507290879321,295000,réglementant,ADJ,12832715941630282922,295000
730,internet,PROPN,10937452440342651049,295000,Internet,NOUN,8006197966488148988,295000
731,",",PUNCT,2593208677638477497,295000,",",PUNCT,2593208677638477497,295000
732,no,ADV,13055779130471031426,297880,ne,ADV,6065859282030310819,297880
733,son,AUX,2555790282192608669,297880,se,PRON,9839690450034771972,297880
734,0,0,0,0,rendent,VERB,11447081583012213680,297880
735,conscientes,ADJ,8797573754431603662,297880,pas,ADV,162626740300448766,297880
736,plenamente,ADV,10205789309287328536,297880,complétement,ADV,12582955615190946568,297880
737,decisiones,NOUN,18026053231323535527,297880,compte,NOUN,2570510634728914563,297880
738,de,ADP,11144093025662894627,297880,de,ADP,11144093025662894627,297880
739,sus,DET,11087495102510657763,297880,leurs,DET,11308315004075968685,297880
740,0,0,0,0,décisions,NOUN,7083633206020536198,297880
741,.,PUNCT,12646065887601541794,297880,.,PUNCT,12646065887601541794,297880
742,Por,ADP,623830814368950614,301760,Par,ADP,1753069579298643653,301760
743,ejemplo,NOUN,7343501568198578495,301760,exemple,NOUN,6085141703336254892,301760
744,",",PUNCT,2593208677638477497,301760,",",PUNCT,2593208677638477497,301760
745,el,DET,11488171005156075516,301760,le,DET,13361843836202591494,301760
746,Parlamento,PROPN,13226786493145758697,301760,Parlement,PROPN,9326394686455990851,301760
747,Europeo,PROPN,4459276607783186862,301760,Européen,ADJ,12102273934507444238,301760
748,tiene,VERB,12773169655925470509,301760,0,0,0,0
749,una,DET,1019041181156623609,301760,une,DET,16752500866415647,301760
750,nueva,ADJ,14739082919163515432,301760,nouvelle,ADJ,16918530750341475812,301760
751,ley,NOUN,2516309641798068117,301760,débat,NOUN,2739632362292139395,301760
752,sobre,ADP,11374976834714679510,301760,d',ADP,18329478872494918915,301760
753,la,DET,6804705863737483857,301760,0,0,0,0
754,mesa,NOUN,9283971788419607572,301760,loi,NOUN,5325680370219924131,301760
755,",",PUNCT,2593208677638477497,301760,0,0,0,0
756,de,ADP,11144093025662894627,305440,sur,ADP,14175982410302701706,305440
757,nueva,ADJ,14739082919163515432,305440,la,DET,6804705863737483857,305440
758,ley,NOUN,2516309641798068117,305440,protection,NOUN,9357963436562240989,305440
759,una,DET,1019041181156623609,305440,des,DET,6923696665978021163,305440
760,protección,NOUN,6585858684402486762,305440,droits,NOUN,15304760848371220175,305440
761,de,ADP,11144093025662894627,305440,d',ADP,18329478872494918915,305440
762,derechos,NOUN,17859940184118869720,305440,auteur,NOUN,14843052271301943129,305440
763,",",PUNCT,2593208677638477497,305440,",",PUNCT,2593208677638477497,305440
764,de,ADP,11144093025662894627,305440,dont,PRON,4501752004708075930,307440
765,0,0,0,0,une,DET,16752500866415647,307440
766,autor,NOUN,17629309922502781197,305440,partie,NOUN,1349726525384029033,307440
767,0,0,0,0,est,AUX,14619786160612475726,307440
768,0,0,0,0,intitulée,VERB,16281926254811533294,307440
769,0,0,0,0,l',DET,11055277117081255759,307440
770,0,0,0,0,article,NOUN,2818652806368689278,307440
771,0,0,0,0,13,NUM,6349566914108460152,307440
772,0,0,0,0,.,PUNCT,12646065887601541794,307440
773,Si,SCONJ,17232677785023700288,311680,Si,SCONJ,17232677785023700288,311680
774,se,PRON,9839690450034771972,311680,cette,DET,13014437646612957149,311680
775,aprueba,VERB,18159822553066854944,311680,loi,NOUN,5325680370219924131,311680
776,que,SCONJ,11474801393294414462,311680,est,AUX,14619786160612475726,311680
777,implicaría,VERB,745914999984061852,311680,adoptée,VERB,14200373079165404481,311680
778,",",PUNCT,2593208677638477497,311680,",",PUNCT,2593208677638477497,311680
779,cada,DET,9828466699353315767,311680,chaque,DET,7090854322111392997,311680
780,gran,ADJ,5334715143329897801,311680,grand,ADJ,16508668778151805546,311680
781,sitio,NOUN,5580916346715667817,311680,site,NOUN,12686102100502772429,311680
782,web,ADJ,2420254652822703211,311680,Internet,NOUN,8006197966488148988,311680
783,0,0,0,0,devra,VERB,17248108555455496030,311680
784,implemente,ADV,7255271282815240012,316040,mettre,VERB,9705990288127644434,316040
785,0,0,0,0,en,ADP,14626626061804382878,316040
786,filtro,NOUN,16493335239055991089,316040,place,NOUN,7512738811199700769,316040
787,un,DET,12188161997964598936,316040,un,DET,12188161997964598936,316040
788,0,0,0,0,filtre,NOUN,4952578351362285384,316040
789,que,SCONJ,11474801393294414462,318320,pour,ADP,4302925298007755726,318320
790,bloquee,VERB,6782281567245729169,318320,bloquer,VERB,4523100781558254258,318320
791,automáticamente,ADV,279191918069239508,318320,automatiquement,ADV,15616123610537817994,318320
792,el,DET,11488171005156075516,318320,du,DET,17166863280368009634,318320
793,contenido,NOUN,13220307439485880868,318320,contenu,NOUN,4375107256782703695,318320
794,en,ADP,14626626061804382878,321640,selon,ADP,14865888153772057445,321640
795,basado,ADJ,12719991643309406526,321640,des,DET,6923696665978021163,321640
796,reglas,NOUN,17148830461564626669,321640,règles,NOUN,14210848837791942093,321640
797,controladas,ADJ,90845462943206671,321640,contrôlées,VERB,10719817043896156593,321640
798,por,ADP,18244196334509357400,321640,par,ADP,11560817535472117264,321640
799,grandes,ADJ,3923687001980770117,321640,des,DET,6923696665978021163,321640
800,corporaciones,NOUN,8432527577205113851,321640,multinationales,NOUN,15755830686789686981,321640
801,.,PUNCT,12646065887601541794,321640,.,PUNCT,12646065887601541794,321640
802,La,DET,6239908149323985340,325230,L',DET,7927797470563099839,325510
803,idea,NOUN,5566782022517605861,325230,idée,NOUN,10850411686038042622,325510
804,es,AUX,10343076919720641053,325230,était,AUX,9706033412567555684,325510
805,con,ADP,6945313634251781056,325230,de,ADP,11144093025662894627,325510
806,proteger,VERB,2134435211571830019,325230,protéger,VERB,17017768263777210355,325510
807,los,DET,7307884290799599686,325230,les,DET,5902437463952755554,325510
808,materiales,NOUN,8067192159395230622,325230,contenus,NOUN,12543888522711152353,325510
809,0,0,0,0,soumis,VERB,10496699030306347963,325510
810,derechos,NOUN,17859940184118869720,325230,au,PROPN,11216685815786043991,325510
811,original,ADJ,2076245830360176852,325230,droit,ADJ,7875106096331689470,325510
812,de,ADP,11144093025662894627,325230,d',ADP,18329478872494918915,325510
813,autor,NOUN,17629309922502781197,325230,auteur,NOUN,14843052271301943129,325510
814,",",PUNCT,2593208677638477497,325230,",",PUNCT,2593208677638477497,325510
815,Pero,CONJ,3012608552889114327,328480,mais,CCONJ,3927803321315481089,328480
816,pondría,VERB,17028958836105367545,328480,menacerait,VERB,1276238095305879433,328480
817,en,ADP,14626626061804382878,328480,de,ADP,11144093025662894627,328480
818,peligro,NOUN,2906726090288904941,328480,beaucoup,ADV,9766336526659121080,328480
819,muchas,DET,6566048432034933925,328480,0,0,0,0
820,otras,DET,9467666572440207555,328480,nos,DET,6968452539944589995,328480
821,cosas,NOUN,399513973913231652,328480,actions,NOUN,9002482787730482139,328480
822,que,PRON,11474801393294414462,328480,elle,PRON,9260199389753928846,328480
823,hacemos,VERB,3144093053378516910,328480,0,0,0,0
824,en,ADP,14626626061804382878,328480,sur,ADP,14175982410302701706,328480
825,internet,NOUN,10937452440342651049,328480,Internet,NOUN,8006197966488148988,328480
826,:,PUNCT,11532473245541075862,328480,:,PUNCT,11532473245541075862,328480
827,bloguear,VERB,752592939015327531,332000,tenir,VERB,3783678397927420541,332000
828,",",PUNCT,2593208677638477497,332000,un,DET,12188161997964598936,332000
829,criticar,VERB,16956971592558643317,332000,blog,NOUN,15165348605937479383,332000
830,",",PUNCT,2593208677638477497,332000,",",PUNCT,2593208677638477497,332000
831,discutir,VERB,17602262825610254001,332000,critiquer,VERB,14812858847583093383,332000
832,",",PUNCT,2593208677638477497,332000,",",PUNCT,2593208677638477497,332000
833,enlazar,VERB,16335426470156301708,332000,discuter,VERB,4404672949780182817,332000
834,y,CONJ,9409450202036847209,332000,et,CCONJ,13620178847145827813,332000
835,compartir,VERB,6695879590777822375,332000,partager,VERB,8765261129119767485,332000
836,.,PUNCT,12646065887601541794,332000,.,PUNCT,12646065887601541794,332000
837,Google,PROPN,11578853341595296054,336760,Google,NOUN,11578853341595296054,336760
838,y,CONJ,9409450202036847209,336760,et,CCONJ,13620178847145827813,336760
839,YouTube,PROPN,929290428523438385,336760,YouTube,NOUN,929290428523438385,336760
840,0,0,0,0,ont,AUX,4980175405888007940,336760
841,ya,ADV,7831648150548777939,336760,déjà,ADV,16914957675802460112,336760
842,tienen,VERB,2033244237142066090,336760,mis,VERB,5804976024871865433,336760
843,similares,ADJ,8656819737234879005,336760,en,ADP,14626626061804382878,336760
844,sistemas,NOUN,4380846199104796692,336760,place,NOUN,7512738811199700769,336760
845,0,0,0,0,des,DET,6923696665978021163,336760
846,0,0,0,0,systèmes,NOUN,8094712560235445175,336760
847,0,0,0,0,de,ADP,11144093025662894627,336760
848,0,0,0,0,ce,DET,5293259605002647980,336760
849,0,0,0,0,type,NOUN,1650948551127640961,336760
850,Por,ADP,623830814368950614,340600,Bien,ADV,3473047702097319674,340600
851,supuesto,NOUN,7694521523171205296,340600,sûr,ADJ,1394710206247879140,340600
852,",",PUNCT,2593208677638477497,340600,",",PUNCT,2593208677638477497,340600
853,0,0,0,0,ils,PRON,7400529878339724166,340600
854,no,ADV,13055779130471031426,340600,ne,ADV,6065859282030310819,340600
855,pueden,AUX,3596555404309920769,340600,peuvent,AUX,420109334657540332,340600
856,cantidad,NOUN,3611039643997995361,340600,pas,ADV,162626740300448766,340600
857,procesar,VERB,7395565142428132882,340600,traiter,VERB,15832556103445550624,340600
858,de,ADP,11144093025662894627,340600,seuls,ADJ,16430509639666770218,340600
859,esta,DET,5821559423218928566,340600,un,DET,12188161997964598936,340600
860,0,0,0,0,tel,ADJ,7101693008741443383,340600
861,mano,NOUN,10918646346079321503,340600,volume,NOUN,12288588264913869032,340600
862,a,ADP,11901859001352538922,340600,de,ADP,11144093025662894627,340600
863,datos,NOUN,10932945580208112495,340600,données,NOUN,1471001329859234630,340600
864,",",PUNCT,2593208677638477497,340600,",",PUNCT,2593208677638477497,340600
865,por,ADP,18244196334509357400,350190,0,0,0,0
866,eso,PRON,12716495710533357957,350190,ils,PRON,7400529878339724166,350680
867,utilizan,VERB,11011720389102002753,350190,utilisent,VERB,10305818637221763747,350680
868,el,DET,11488171005156075516,350190,l',DET,11055277117081255759,350680
869,aprendizaje,NOUN,6019172297479187525,350190,apprentissage,NOUN,12482453389525541180,350680
870,automático,ADJ,17285696973908921936,350190,automatique,ADJ,9516207118737910735,350680
871,para,ADP,17491956544424926374,352360,pour,ADP,4302925298007755726,352656
872,decidir,AUX,13657247938566661854,352360,savoir,VERB,8377395032146333815,352656
873,si,SCONJ,13884469947995795204,352360,s',SCONJ,13057294305572976255,352656
874,es,AUX,10343076919720641053,352360,il,PRON,8081183868394845856,352656
875,0,0,0,0,y,PRON,9409450202036847209,352656
876,violación,NOUN,3142315549650332669,352360,a,VERB,11901859001352538922,352656
877,de,ADP,11144093025662894627,352360,ou,CCONJ,7904677917145870628,352656
878,realmente,ADV,13453105967711789301,352360,non,ADV,15888754967501154131,352656
879,derechos,NOUN,17859940184118869720,352360,violation,NOUN,8931256392755968471,352656
880,una,DET,1019041181156623609,352360,des,DET,6923696665978021163,352656
881,autor,NOUN,17629309922502781197,352360,droits,NOUN,15304760848371220175,352656
882,de,ADP,11144093025662894627,352360,d',ADP,18329478872494918915,352656
883,o,CONJ,1489474827855109852,352360,auteur,NOUN,14843052271301943129,352656
884,no.,PROPN,10616692385845467029,352360,.,PUNCT,12646065887601541794,352656
885,Pero,CONJ,3012608552889114327,356600,Mais,CCONJ,3985832202445185970,356600
886,estos,DET,10436838843398290757,356600,ces,DET,10477575395255680452,356600
887,filtros,NOUN,2820416385850052743,356600,filtres,NOUN,3643217814092533393,356600
888,cometen,VERB,16803694219713863967,356600,font,VERB,6570418013318078118,356600
889,0,0,0,0,des,DET,6923696665978021163,356600
890,errores,NOUN,10280645574905748384,356600,erreurs,NOUN,5261721465697512996,356600
891,.,PUNCT,12646065887601541794,356600,.,PUNCT,12646065887601541794,356600
892,todo,PRON,1039296168925561739,361000,Ils,PRON,1233637810823532730,361000
893,Eliminan,VERB,14459086308097731883,361000,enlèvent,VERB,5123160521671002543,361000
894,de,ADP,11144093025662894627,361000,tout,PRON,15661096398690594318,361000
895,0,0,0,0,",",PUNCT,2593208677638477497,361000
896,la,DET,6804705863737483857,361000,des,DET,6923696665978021163,361000
897,documentación,NOUN,3516145147760840206,361000,documents,NOUN,481060125772070359,361000
898,de,ADP,11144093025662894627,361000,sur,ADP,14175982410302701706,361000
899,los,DET,7307884290799599686,361000,les,DET,5902437463952755554,361000
900,abusos,NOUN,11868377736748317615,361000,violations,NOUN,1351595551100676868,361000
901,0,0,0,0,des,DET,6923696665978021163,361000
902,humanos,NOUN,14152445401080590110,361000,droits,NOUN,15304760848371220175,361000
903,a,ADP,11901859001352538922,361000,de,ADP,11144093025662894627,361000
904,0,0,0,0,l',DET,11055277117081255759,361000
905,derechos,NOUN,17859940184118869720,361000,homme,NOUN,13500024391815458698,361000
906,",",PUNCT,2593208677638477497,361000,",",PUNCT,2593208677638477497,361000
907,0,0,0,0,aux,ADJ,405,366840
908,conferencias,NOUN,15774542877944258469,366840,conférences,NOUN,14142453128317888860,366840
909,sobre,ADP,11374976834714679510,366840,sur,ADP,14175982410302701706,366840
910,0,0,0,0,les,DET,5902437463952755554,366840
911,autor,NOUN,17629309922502781197,366840,droits,NOUN,15304760848371220175,366840
912,de,ADP,11144093025662894627,366840,d',ADP,18329478872494918915,366840
913,derechos,NOUN,17859940184118869720,366840,auteur,NOUN,14843052271301943129,366840
914,0,0,0,0,",",PUNCT,2593208677638477497,366840
915,y,CONJ,9409450202036847209,369760,en,ADP,14626626061804382878,369760
916,0,0,0,0,passant,VERB,3206457262862239766,369760
917,de,ADP,11144093025662894627,369760,par,ADP,11560817535472117264,369760
918,0,0,0,0,les,DET,5902437463952755554,369760
919,resultados,NOUN,5630034842916689455,369760,résultats,NOUN,2664753611814902125,369760
920,.,PUNCT,12646065887601541794,369760,de,ADP,11144093025662894627,369760
921,búsqueda,NOUN,15140958284233939146,369760,recherches,NOUN,2206004219407128916,369760
922,Eso,PRON,4568893308372095616,372000,qui,PRON,18025162834834030610,372000
923,apunta,VERB,5276169902721657275,372000,amènent,VERB,15318822257489204385,372000
924,a,ADP,11901859001352538922,372000,vers,ADP,8756464630490101817,372000
925,la,DET,6804705863737483857,372000,des,DET,6923696665978021163,372000
926,crítica,NOUN,3983322824498004620,372000,critiques,NOUN,2286792799112092960,372000
927,de,ADP,11144093025662894627,372000,de,ADP,11144093025662894627,372000
928,este,DET,15654890294676217493,372000,ce,DET,5293259605002647980,372000
929,nuevo,ADJ,18164165726872120377,372000,nouvel,ADJ,3648281446478546084,372000
930,artículo,NOUN,9593752599082113591,372000,article,NOUN,2818652806368689278,372000
931,13,NUM,6349566914108460152,372000,13,NUM,6349566914108460152,372000
932,.,PUNCT,12646065887601541794,372000,.,PUNCT,12646065887601541794,372000
933,0,0,0,0,En,ADP,11159992760278512227,378840
934,Además,ADV,18311476410633366714,378270,plus,ADV,2123754640991541914,378840
935,de,ADP,11144093025662894627,378270,de,ADP,11144093025662894627,378840
936,eso,PRON,12716495710533357957,378270,cela,PRON,10113288157935512298,378840
937,",",PUNCT,2593208677638477497,378270,",",PUNCT,2593208677638477497,378840
938,están,AUX,9329291831938041508,378270,ils,PRON,7400529878339724166,378840
939,eliminando,VERB,10113784266561607892,378270,enlèvent,VERB,5123160521671002543,378840
940,también,ADV,18236539777431520510,378270,aussi,ADV,10514909888095890428,378840
941,muchas,DET,6566048432034933925,378270,beaucoup,ADV,9766336526659121080,378840
942,otras,DET,9467666572440207555,378270,d',DET,18329478872494918915,378840
943,0,0,0,0,autres,ADJ,5922633728820932677,378840
944,cosas,NOUN,399513973913231652,378270,choses,NOUN,17775586813245600102,378840
945,.,PUNCT,12646065887601541794,378270,.,PUNCT,12646065887601541794,378840
946,o,CONJ,1489474827855109852,384480,ou,CCONJ,7904677917145870628,384480
947,su,DET,14248009254309298022,384480,votre,DET,11359159872749569338,384480
948,libro,NOUN,6382191599806864892,384480,livre,NOUN,13838977032711577518,384480
949,sin,ADP,1903330255553929531,384480,inachevé,ADJ,1949793541548817274,384480
950,terminar,VERB,12490998422317520370,384480,0,0,0,0
951,",",PUNCT,2593208677638477497,384480,",",PUNCT,2593208677638477497,384480
952,que,PRON,11474801393294414462,402000,c',PRON,3614287697118523228,402000
953,lo,DET,12507729120330568444,402000,est,AUX,14619786160612475726,402000
954,ya,ADV,7831648150548777939,402000,ce,PRON,5293259605002647980,402000
955,le,PRON,13361843836202591494,402000,qui,PRON,18025162834834030610,402000
956,0,0,0,0,est,AUX,14619786160612475726,402000
957,sucedió,VERB,14928383289911027597,402000,arrivé,VERB,3930847075443369221,402000
958,al,ADP,8222700718889469974,402000,à,ADP,1840659177240090782,402000
959,Dennis,PROPN,31775100511017807,402000,l',DET,11055277117081255759,402000
960,escritor,NOUN,5988022165858267208,402000,écrivain,NOUN,10822114435767131443,402000
961,Cooper,PROPN,13063112113541148555,402000,Dennis,PROPN,31775100511017807,402000
962,0,0,0,0,Cooper,VERB,13063112113541148555,402000
963,.,PUNCT,12646065887601541794,402000,.,PUNCT,12646065887601541794,402000
964,cómo,PRON,8106224997027377807,405920,Ce,PRON,10217257574287006157,405920
965,No,ADV,9692231336188541085,405920,n',ADV,6790753473526118935,405920
966,es,AUX,10343076919720641053,405920,est,AUX,14619786160612475726,405920
967,ver,AUX,16203534885047373824,405920,pas,ADV,162626740300448766,405920
968,difícil,ADJ,5737193594416839770,405920,difficile,ADJ,1748450837886111234,405920
969,de,ADP,11144093025662894627,405920,de,ADP,11144093025662894627,405920
970,abusar,VERB,14022286248516994296,405920,voir,VERB,12819628417946534543,405920
971,se,PRON,9839690450034771972,405920,comment,ADV,15057923854949126052,405920
972,un,DET,12188161997964598936,405920,un,DET,12188161997964598936,405920
973,0,0,0,0,tel,ADJ,7101693008741443383,405920
974,sistema,NOUN,18094805209063698905,405920,système,NOUN,3890726974331609913,405920
975,como,SCONJ,3817173063683202752,405920,peut,VERB,18189483339446925138,405920
976,puede,AUX,15014026304111728540,405920,être,AUX,198149567613473063,405920
977,este,DET,15654890294676217493,405920,détourné,NOUN,1727363605038167656,405920
978,en,ADP,14626626061804382878,410440,par,ADP,11560817535472117264,410440
979,manos,NOUN,2618334849030575470,410440,des,DET,6923696665978021163,410440
980,políticos,NOUN,10421840022848096574,410440,politiciens,NOUN,418244522646533847,410440
981,de,ADP,11144093025662894627,410440,ou,CCONJ,7904677917145870628,410440
982,y,CONJ,9409450202036847209,410440,des,DET,6923696665978021163,410440
983,competidores,NOUN,5457578107807117819,410440,entreprises,NOUN,6340176303327263152,410440
984,corporativos,ADJ,5434711994942590489,410440,concurrentes,ADJ,17632928229468983468,410440
985,.,PUNCT,12646065887601541794,410440,.,PUNCT,12646065887601541794,410440
986,Ese,DET,9548668832634925705,415760,L',DET,7927797470563099839,415760
987,artículo,NOUN,9593752599082113591,415760,article,NOUN,2818652806368689278,415760
988,13,NUM,6349566914108460152,415760,13,NUM,6349566914108460152,415760
989,",",PUNCT,2593208677638477497,415760,",",PUNCT,2593208677638477497,415760
990,la,DET,6804705863737483857,415760,l',DET,11055277117081255759,415760
991,extensión,NOUN,5699839897290925439,415760,extension,NOUN,14539223543234732518,415760
992,de,ADP,11144093025662894627,415760,de,ADP,11144093025662894627,415760
993,los,DET,7307884290799599686,415760,ces,DET,10477575395255680452,415760
994,automatizados,ADJ,7106176288381014912,415760,filtres,ADJ,3643217814092533393,415760
995,0,0,0,0,automatisés,VERB,12784367021073748161,415760
996,a,ADP,11901859001352538922,415760,à,ADP,1840659177240090782,415760
997,todo,DET,1039296168925561739,415760,l',DET,11055277117081255759,415760
998,internet,NOUN,10937452440342651049,415760,ensemble,NOUN,14194716038716659002,415760
999,0,0,0,0,d',ADP,18329478872494918915,415760
1000,filtros,NOUN,2820416385850052743,415760,Internet,NOUN,8006197966488148988,415760
1001,",",PUNCT,2593208677638477497,415760,",",PUNCT,2593208677638477497,415760
1002,0,0,0,0,a,AUX,11901859001352538922,422080
1003,tiene,VERB,12773169655925470509,422080,suscité,VERB,2949057584249362280,422080
1004,0,0,0,0,une,DET,16752500866415647,422080
1005,fuerte,ADJ,14414081408530881093,422080,vive,ADJ,15084944806761758121,422080
1006,oposición,NOUN,18135215939575703285,422080,opposition,NOUN,15773418137369271593,422080
1007,de,ADP,11144093025662894627,424240,de,ADP,11144093025662894627,424240
1008,Wikipedia,PROPN,6661612046820435007,424240,la,DET,6804705863737483857,424240
1009,",",PUNCT,2593208677638477497,424240,part,NOUN,4485934323942657167,424240
1010,y,CONJ,9409450202036847209,424240,de,ADP,11144093025662894627,424240
1011,Github,PROPN,289359560764002949,424240,Wikipedia,PROPN,6661612046820435007,424240
1012,",",PUNCT,2593208677638477497,424240,",",PUNCT,2593208677638477497,424240
1013,Mozilla,PROPN,12917052431511995211,424240,Github,PROPN,289359560764002949,424240
1014,",",PUNCT,2593208677638477497,424240,",",PUNCT,2593208677638477497,424240
1015,otros,PRON,4352301292778471070,424240,Mozilla,PROPN,12917052431511995211,424240
1016,0,0,0,0,et,CCONJ,13620178847145827813,424240
1017,0,0,0,0,bien,ADV,8265441118321635764,424240
1018,muchos,DET,7702622741710148740,424240,d',DET,18329478872494918915,424240
1019,0,0,0,0,autres,ADJ,5922633728820932677,424240
1020,0,0,0,0,",",PUNCT,2593208677638477497,424240
1021,incluidos,VERB,10170198350654813542,429640,y,PRON,9409450202036847209,429640
1022,originales,ADJ,5590602821751980144,429640,compris,ADJ,1832355479245686832,429640
1023,los,DET,7307884290799599686,429640,les,DET,5902437463952755554,429640
1024,fundadores,NOUN,14746121098120897309,429640,créateurs,NOUN,13055404755352556060,429640
1025,de,ADP,11144093025662894627,429640,d',ADP,18329478872494918915,429640
1026,internet,PROPN,10937452440342651049,429640,Internet,NOUN,8006197966488148988,429640
1027,y,CONJ,9409450202036847209,429640,et,CCONJ,13620178847145827813,429640
1028,la,DET,6804705863737483857,429640,du,DET,17166863280368009634,429640
1029,World,PROPN,9796807554284407750,429640,World,NOUN,9796807554284407750,429640
1030,Wide,PROPN,6903372340781718273,429640,Wide,VERB,6903372340781718273,429640
1031,Web,PROPN,4796059894154151487,429640,Web,PROPN,4796059894154151487,429640
1032,",",PUNCT,2593208677638477497,429640,",",PUNCT,2593208677638477497,429640
1033,Pero,CONJ,3012608552889114327,435200,Mais,CCONJ,3985832202445185970,435200
1034,a,ADP,11901859001352538922,435200,",",PUNCT,2593208677638477497,435200
1035,pesar,NOUN,16566117842302738968,435200,0,0,0,0
1036,de,ADP,11144093025662894627,435200,malgré,ADP,3110453801525002281,435200
1037,esta,DET,5821559423218928566,435200,cette,DET,13014437646612957149,435200
1038,fuerte,ADJ,14414081408530881093,435200,vive,ADJ,15084944806761758121,435200
1039,oposición,NOUN,18135215939575703285,435200,opposition,NOUN,15773418137369271593,435200
1040,",",PUNCT,2593208677638477497,435200,",",PUNCT,2593208677638477497,435200
1041,en,ADP,14626626061804382878,441040,lors,ADV,755691922849469800,441040
1042,la,DET,6804705863737483857,441040,du,DET,17166863280368009634,441040
1043,última,ADJ,13888214607682824364,441040,dernier,ADJ,3520743209281730893,441040
1044,votación,NOUN,10324702170110032066,441040,vote,NOUN,16117960139390491939,441040
1045,Parlamento,PROPN,13226786493145758697,441040,au,PROPN,11216685815786043991,441040
1046,Europeo,PROPN,4459276607783186862,441040,Parlement,PROPN,9326394686455990851,441040
1047,del,ADP,14178434899903659559,441040,européen,ADJ,13860350464192970759,441040
1048,",",PUNCT,2593208677638477497,441040,",",PUNCT,2593208677638477497,441040
1049,dos,NUM,14014603652905717938,443440,deux,NUM,11334962332053205890,443440
1050,tercios,NOUN,12860144627806291077,443440,tiers,NOUN,14676469892024535627,443440
1051,los,DET,7307884290799599686,443440,des,DET,6923696665978021163,443440
1052,representantes,NOUN,6755752610668050999,443440,eurodéputés,NOUN,13793491739454739788,443440
1053,de,ADP,11144093025662894627,443440,ont,AUX,4980175405888007940,443440
1054,apoyaron,VERB,10423701358892354683,443440,soutenu,VERB,5558227346468657930,443440
1055,esta,DET,5821559423218928566,443440,cette,DET,13014437646612957149,443440
1056,ley,NOUN,2516309641798068117,443440,loi,NOUN,5325680370219924131,443440
1057,.,PUNCT,12646065887601541794,443440,.,PUNCT,12646065887601541794,443440
1058,La,DET,6239908149323985340,449080,Le,DET,17405251050291145966,449080
1059,votación,NOUN,10324702170110032066,449080,vote,NOUN,16117960139390491939,449080
1060,final,ADJ,17941709405052808741,449080,final,ADJ,17941709405052808741,449080
1061,será,AUX,1269578352386835522,449080,aura,VERB,6626371029102187881,449080
1062,a,ADP,11901859001352538922,449080,0,0,0,0
1063,principios,NOUN,15271374517728674460,449080,début,NOUN,872296890727480563,449080
1064,de,ADP,11144093025662894627,449080,2019,NUM,1316061072807483091,449080
1065,2019,NOUN,1316061072807483091,449080,lieu,NOUN,6213545402287354208,449080
1066,.,PUNCT,12646065887601541794,449080,.,PUNCT,12646065887601541794,449080
1067,El,DET,2536664749893722438,452920,Le,DET,17405251050291145966,452920
1068,resultado,NOUN,9869816852786282562,452920,verdict,NOUN,13450640433029870576,452920
1069,es,AUX,10343076919720641053,452920,est,AUX,14619786160612475726,452920
1070,importante,ADJ,3371823424964843453,452920,important,ADJ,5951875591235763184,452920
1071,",",PUNCT,2593208677638477497,452920,",",PUNCT,2593208677638477497,452920
1072,pero,CONJ,4949779210556390094,454920,mais,CCONJ,3927803321315481089,454920
1073,pase,VERB,4494791277121774295,454920,quelle,ADJ,3504935197884768581,454920
1074,0,0,0,0,qu',SCONJ,13574260379477198189,454920
1075,que,PRON,11474801393294414462,454920,en,PRON,14626626061804382878,454920
1076,pase,VERB,4494791277121774295,454920,soit,CCONJ,13860546894558360219,454920
1077,lo,DET,12507729120330568444,454920,l',DET,11055277117081255759,454920
1078,0,0,0,0,issue,NOUN,4747730822158419200,454920
1079,",",PUNCT,2593208677638477497,454920,",",PUNCT,2593208677638477497,454920
1080,seguro,ADJ,508416423087927046,457640,je,PRON,8612506203511071854,457640
1081,estoy,AUX,14706404543211496139,457640,suis,AUX,9227762830378992001,457640
1082,bastante,ADV,17905951697900682507,457640,persuadé,ADV,13252046298771010159,457640
1083,que,SCONJ,11474801393294414462,457640,qu',SCONJ,13574260379477198189,457640
1084,de,ADP,11144093025662894627,457640,il,PRON,8081183868394845856,457640
1085,será,AUX,1269578352386835522,457640,sera,AUX,3570162742063152948,457640
1086,seguido,VERB,4229088521478900886,457640,suivi,VERB,16378602693852819136,457640
1087,por,ADP,18244196334509357400,457640,par,ADP,11560817535472117264,457640
1088,0,0,0,0,bien,ADV,8265441118321635764,457640
1089,otras,DET,9467666572440207555,457640,d',DET,18329478872494918915,457640
1090,similares,ADJ,8656819737234879005,457640,autres,ADJ,5922633728820932677,457640
1091,propuestas,NOUN,12463246327415887351,457640,propositions,NOUN,17609641265122081727,457640
1092,0,0,0,0,de,ADP,11144093025662894627,457640
1093,muchas,DET,6566048432034933925,457640,ce,DET,5293259605002647980,457640
1094,0,0,0,0,type,NOUN,1650948551127640961,457640
1095,en,ADP,14626626061804382878,462960,dans,ADP,6959196919681770914,462960
1096,todo,DET,1039296168925561739,462960,le,DET,13361843836202591494,462960
1097,mundo,NOUN,4571220300153094564,462960,monde,NOUN,6271367927324676804,462960
1098,el,DET,11488171005156075516,462960,entier,ADJ,11234162671255762105,462960
1099,.,PUNCT,12646065887601541794,462960,.,PUNCT,12646065887601541794,462960
1100,Este,DET,5783993104369099660,465280,Ce,DET,10217257574287006157,465280
1101,tipo,NOUN,4791739812770415521,465280,type,NOUN,1650948551127640961,465280
1102,de,ADP,11144093025662894627,465280,de,ADP,11144093025662894627,465280
1103,regulaciones,NOUN,14973831161207828729,465280,réglementation,NOUN,13759396286999036004,465280
1104,serían,AUX,17232904008441230969,465280,serait,AUX,16158805460627241932,465280
1105,muy,ADV,16868253375141016776,465280,très,ADV,5241201599711993136,465280
1106,difíciles,ADJ,637989145543347493,465280,difficile,ADJ,1748450837886111234,465280
1107,de,ADP,11144093025662894627,465280,à,ADP,1840659177240090782,465280
1108,hacer,AUX,17672920047749692400,465280,0,0,0,0
1109,cumplir,VERB,7533627828318483405,465280,appliquer,VERB,4626119314819983461,465280
1110,a,ADP,11901859001352538922,468480,dans,ADP,6959196919681770914,468480
1111,una,DET,1019041181156623609,468480,un,DET,12188161997964598936,468480
1112,través,NOUN,17449376082296395841,468480,réseau,NOUN,2869472355735502486,468480
1113,0,0,0,0,décentralisé,VERB,8578644890932267594,468480
1114,descentralizada,ADJ,13553262605571580336,468480,",",PUNCT,2593208677638477497,468480
1115,de,ADP,11144093025662894627,468480,sans,ADP,9657006580796694207,469960
1116,web,NOUN,2420254652822703211,468480,hébergeurs,NOUN,10177240627756400826,469960
1117,",",PUNCT,2593208677638477497,468480,",",PUNCT,2593208677638477497,469960
1118,0,0,0,0,où,PRON,779685322035147723,473280
1119,los,DET,7307884290799599686,473280,les,DET,5902437463952755554,473280
1120,sitios,NOUN,9593644717484060144,473280,sites,NOUN,24251518153235700,473280
1121,web,ADJ,2420254652822703211,473280,web,X,2420254652822703211,473280
1122,serían,AUX,17232904008441230969,473280,sont,AUX,2183785841973629617,473280
1123,atendidos,ADJ,6375930407222766309,473280,pris,VERB,1087397833460969066,473280
1124,por,ADP,18244196334509357400,473280,en,ADP,14626626061804382878,473280
1125,visitantes,NOUN,17875705055217220061,473280,charge,NOUN,16743499924604303818,473280
1126,0,0,0,0,par,ADP,11560817535472117264,473280
1127,los,DET,7307884290799599686,473280,les,DET,5902437463952755554,473280
1128,0,0,0,0,visiteurs,NOUN,12299273306931355905,473280
1129,0,0,0,0,eux,PRON,18387682471356816887,473280
1130,.,PUNCT,12646065887601541794,473280,-,PUNCT,9153284864653046197,473280
1131,propios,ADJ,11793549498215262055,473280,mêmes,ADJ,17130095393320870608,473280
1132,0,0,0,0,.,PUNCT,12646065887601541794,473280
1133,0,0,0,0,J',PRON,13625533891298606388,478240
1134,Comencé,AUX,5976605850145105578,478240,ai,AUX,4489555979637837711,478240
1135,construir,VERB,7603118343443357255,478240,commencé,VERB,5643808758484176907,478240
1136,a,ADP,11901859001352538922,478240,à,ADP,1840659177240090782,478240
1137,hace,AUX,12135968124517883173,478240,construire,VERB,16592107499306382881,478240
1138,esta,DET,5821559423218928566,478240,ce,DET,5293259605002647980,478240
1139,red,NOUN,17551718516836219974,478240,réseau,NOUN,2869472355735502486,478240
1140,0,0,0,0,il,PRON,8081183868394845856,478240
1141,0,0,0,0,y,PRON,9409450202036847209,478240
1142,0,0,0,0,a,VERB,11901859001352538922,478240
1143,tres,NUM,12263923104162374949,478240,trois,NUM,13725032408782032944,478240
1144,años,NOUN,8746864843512539013,478240,ans,NOUN,4232654337548179339,478240
1145,.,PUNCT,12646065887601541794,478240,.,PUNCT,12646065887601541794,478240
1146,Desde,ADP,5580578447996358928,483120,Depuis,ADP,9794724394624720893,483120
1147,entonces,ADV,2260322170557434109,483120,lors,ADV,755691922849469800,483120
1148,",",PUNCT,2593208677638477497,483120,",",PUNCT,2593208677638477497,483120
1149,0,0,0,0,j',PRON,7275302914444174311,483120
1150,he,AUX,1655312771067108281,483120,ai,AUX,4489555979637837711,483120
1151,pasado,VERB,14617614854182988322,483120,passé,VERB,12562688244803323830,483120
1152,miles,NUM,14618199977935301401,483120,des,DET,6923696665978021163,483120
1153,decenas,NOUN,15900740394625002574,483120,milliers,NOUN,3013037901228537805,483120
1154,",",PUNCT,2593208677638477497,483120,",",PUNCT,2593208677638477497,483120
1155,miles,NUM,14618199977935301401,483120,des,DET,6923696665978021163,483120
1156,horas,NOUN,7733435341288945588,483120,dizaines,NOUN,1971538425855322404,483120
1157,de,ADP,11144093025662894627,483120,de,ADP,11144093025662894627,483120
1158,0,0,0,0,milliers,NOUN,3013037901228537805,483120
1159,de,ADP,11144093025662894627,483120,d',ADP,18329478872494918915,483120
1160,0,0,0,0,heures,NOUN,5348081460261744823,483120
1161,Bueno,INTJ,10671597549141307999,487400,Pourquoi,ADV,15927146045690905901,487400
1162,",",PUNCT,2593208677638477497,487400,passer,VERB,13918616867470230953,487400
1163,mi,DET,8676063341920465065,487400,des,DET,6923696665978021163,487400
1164,caso,NOUN,9069133829606729899,487400,milliers,NOUN,3013037901228537805,487400
1165,en,ADP,14626626061804382878,487400,d',ADP,18329478872494918915,487400
1166,",",PUNCT,2593208677638477497,487400,heures,NOUN,5348081460261744823,487400
1167,0,0,0,0,sur,ADP,14175982410302701706,487400
1168,0,0,0,0,une,DET,16752500866415647,487400
1169,0,0,0,0,chose,NOUN,16094856241113769018,487400
1170,0,0,0,0,qu',SCONJ,13574260379477198189,487400
1171,0,0,0,0,on,PRON,5640369432778651323,487400
1172,0,0,0,0,peut,AUX,18189483339446925138,487400
1173,0,0,0,0,librement,ADV,10797493699995142953,487400
1174,0,0,0,0,copier,ADV,4189631963987309441,487400
1175,0,0,0,0,",",PUNCT,2593208677638477497,487400
1176,0,0,0,0,renommer,VERB,1814701758573558469,495196
1177,0,0,0,0,ou,CCONJ,7904677917145870628,495196
1178,0,0,0,0,même,ADV,1130429708572951360,495196
1179,0,0,0,0,revendre,VERB,8324211965838295172,495196
1180,0,0,0,0,?,PUNCT,8205403955989537350,495196
1181,0,0,0,0,Dans,ADP,7599904022328638024,499600
1182,0,0,0,0,mon,DET,6098918823203764715,499600
1183,0,0,0,0,cas,NOUN,16256677867477813697,499600
1184,0,0,0,0,",",PUNCT,2593208677638477497,499600
1185,una,PRON,1019041181156623609,501360,une,DET,16752500866415647,501360
1186,las,DET,6526950402091386798,501360,des,DET,6923696665978021163,501360
1187,razones,NOUN,15284672303270770186,501360,raisons,NOUN,17349259313864793110,501360
1188,era,AUX,7478797442728669872,501360,était,AUX,9706033412567555684,501360
1189,de,ADP,11144093025662894627,501360,de,ADP,11144093025662894627,501360
1190,hacer,VERB,17672920047749692400,501360,réaliser,VERB,15608703793989312206,501360
1191,0,0,0,0,une,DET,16752500866415647,501360
1192,significativo,ADJ,8736944786641720566,501360,action,NOUN,15659840250438241175,501360
1193,algo,PRON,16528986040643271495,501360,qui,PRON,18025162834834030610,501360
1194,0,0,0,0,a,AUX,11901859001352538922,501360
1195,0,0,0,0,du,DET,17166863280368009634,501360
1196,0,0,0,0,sens,NOUN,13381907286637455182,501360
1197,.,PUNCT,12646065887601541794,501360,.,PUNCT,12646065887601541794,501360
1198,Durante,ADP,17313485838468294635,504330,Dans,ADP,7599904022328638024,504720
1199,mi,DET,8676063341920465065,504330,mon,DET,6098918823203764715,504720
1200,trabajo,NOUN,1376217758131583815,504330,travail,NOUN,464273237196873268,504720
1201,diario,ADJ,3379398831484165705,504330,quotidien,ADJ,9346664320387181033,504720
1202,como,SCONJ,3817173063683202752,504330,de,ADP,11144093025662894627,504720
1203,desarrollador,NOUN,1507152777633402358,504330,développeur,NOUN,5193208104965571312,504720
1204,web,ADJ,2420254652822703211,504330,web,NOUN,2420254652822703211,504720
1205,",",PUNCT,2593208677638477497,504330,",",PUNCT,2593208677638477497,504720
1206,tuve,VERB,10890668875186725555,507280,je,PRON,8612506203511071854,507280
1207,no,ADV,13055779130471031426,507280,n',ADV,6790753473526118935,507280
1208,estar,AUX,6576417655588717493,507280,ai,AUX,4489555979637837711,507280
1209,0,0,0,0,pas,ADV,162626740300448766,507280
1210,la,DET,6804705863737483857,507280,le,DET,13361843836202591494,507280
1211,sensación,NOUN,4722608607837239436,507280,sentiment,NOUN,15593119787518835431,507280
1212,de,ADP,11144093025662894627,507280,de,ADP,11144093025662894627,507280
1213,trabajando,VERB,16445696787872972401,507280,travailler,VERB,16490568639058965575,507280
1214,en,ADP,14626626061804382878,507280,sur,ADP,14175982410302701706,507280
1215,algo,PRON,16528986040643271495,507280,quelque,DET,12166229204512560195,507280
1216,0,0,0,0,chose,NOUN,16094856241113769018,507280
1217,que,SCONJ,11474801393294414462,510520,0,0,0,0
1218,me,PRON,18197037023634208128,510520,qui,PRON,18025162834834030610,510520
1219,diera,VERB,14195582316219198949,510520,aurait,VERB,1049551689188572287,510520
1220,la,DET,6804705863737483857,510520,une,DET,16752500866415647,510520
1221,oportunidad,NOUN,5032943597530437384,510520,chance,NOUN,3164149041490098205,510520
1222,de,ADP,11144093025662894627,510520,de,ADP,11144093025662894627,510520
1223,ser,AUX,940341820454552972,510520,devenir,VERB,2385270153464038242,510520
1224,más,ADV,13805553149795463782,510520,plus,ADV,2123754640991541914,510520
1225,grande,ADJ,8911892501226977878,510520,grand,ADJ,16508668778151805546,510520
1226,que,SCONJ,11474801393294414462,510520,que,SCONJ,11474801393294414462,510520
1227,yo,PRON,8387856443177761115,510520,moi,PRON,3970053486024285833,510520
1228,.,PUNCT,12646065887601541794,510520,.,PUNCT,12646065887601541794,510520
1229,Simplemente,ADV,15123108697789232246,515000,seulement,ADV,4290054731415549589,515000
1230,",",PUNCT,2593208677638477497,515000,Je,PRON,2628248770713310789,515000
1231,solo,ADJ,3505255310390259426,515000,que,SCONJ,11474801393294414462,515000
1232,quería,VERB,9694205093660223910,515000,voulais,VERB,4880886859894257291,515000
1233,tener,VERB,9273468649798460046,515000,0,0,0,0
1234,mi,DET,8676063341920465065,515000,ma,DET,14862970882317863919,515000
1235,corta,ADJ,12800467834416480880,515000,courte,ADJ,9655277201090266929,515000
1236,presencia,NOUN,16380082978259040814,515000,présence,NOUN,7143468354548335594,515000
1237,en,ADP,14626626061804382878,515000,sur,ADP,14175982410302701706,515000
1238,este,DET,15654890294676217493,515000,0,0,0,0
1239,mundo,NOUN,4571220300153094564,515000,Terre,NOUN,2748707164456351606,515000
1240,siendo,AUX,15257982116589381082,518840,ait,CCONJ,12604581822445695189,518840
1241,significativo,ADJ,8736944786641720566,518840,du,DET,17166863280368009634,518840
1242,0,0,0,0,sens,NOUN,13381907286637455182,518840
1243,.,PUNCT,12646065887601541794,518840,.,PUNCT,12646065887601541794,518840
1244,El,DET,2536664749893722438,523000,L',DET,7927797470563099839,523000
1245,año,NOUN,12462213889476236780,523000,année,NOUN,8237185677528573230,523000
1246,pasado,ADJ,14617614854182988322,523000,dernière,ADJ,13029715355178632127,523000
1247,",",PUNCT,2593208677638477497,523000,",",PUNCT,2593208677638477497,523000
1248,el,DET,11488171005156075516,523000,le,DET,13361843836202591494,523000
1249,Gran,ADJ,8892418500644298042,523000,Grand,ADJ,18054984235749640493,523000
1250,0,0,0,0,Pare,NOUN,5949144338085873982,523000
1251,chino,ADJ,112379564148745983,523000,-,PUNCT,9153284864653046197,523000
1252,red,NOUN,17551718516836219974,523000,feu,NOUN,4009213496480245388,523000
1253,a,ADP,11901859001352538922,523000,de,ADP,11144093025662894627,523000
1254,Cortafuegos,PROPN,14017097025663343846,523000,Chine,PROPN,9631933643914688149,523000
1255,que,PRON,11474801393294414462,523000,s',PRON,13057294305572976255,523000
1256,comenzó,AUX,3629981551008774271,523000,est,AUX,14619786160612475726,523000
1257,bloquear,VERB,17806447141400057533,523000,mis,VERB,5804976024871865433,523000
1258,0,0,0,0,à,ADP,1840659177240090782,523000
1259,creé,VERB,9196392318355043943,523000,bloquer,VERB,4523100781558254258,523000
1260,esta,DET,5821559423218928566,523000,ce,DET,5293259605002647980,523000
1261,0,0,0,0,réseau,NOUN,2869472355735502486,523000
1262,.,PUNCT,12646065887601541794,523000,.,PUNCT,12646065887601541794,523000
1263,0,0,0,0,Ce,PRON,10217257574287006157,529400
1264,me,PRON,18197037023634208128,529400,qui,PRON,18025162834834030610,529400
1265,0,0,0,0,a,AUX,11901859001352538922,529400
1266,oficialmente,ADV,1534176433608534984,529400,officiellement,ADV,3129421399581871216,529400
1267,hizo,VERB,4144928593995776862,529400,fait,VERB,303196683033024630,529400
1268,enemigo,ADJ,7141510690468686854,529400,de,ADP,11144093025662894627,529400
1269,0,0,0,0,moi,PRON,3970053486024285833,529400
1270,Este,DET,5783993104369099660,529400,l',DET,11055277117081255759,529400
1271,movimiento,NOUN,18153934177909680228,529400,ennemi,NOUN,11961767457846596188,529400
1272,de,ADP,11144093025662894627,532679,de,ADP,11144093025662894627,532679
1273,la,DET,6804705863737483857,532679,la,DET,6804705863737483857,532679
1274,censura,NOUN,2111456914068724033,532679,censure,NOUN,212752049002811844,532679
1275,de,ADP,11144093025662894627,532679,sur,ADP,14175982410302701706,532679
1276,internet,PROPN,10937452440342651049,532679,Internet,NOUN,8006197966488148988,532679
1277,apoyada,ADJ,13871520647622756013,532679,soutenue,VERB,2004732324213531281,532679
1278,por,ADP,18244196334509357400,532679,par,ADP,11560817535472117264,532679
1279,el,DET,11488171005156075516,532679,les,DET,5902437463952755554,532679
1280,gobierno,PROPN,10826472447369367844,532679,États,NOUN,259537948479964486,532679
1281,.,PUNCT,12646065887601541794,532679,.,PUNCT,12646065887601541794,532679
1282,Desde,ADP,5580578447996358928,537680,Depuis,ADP,9794724394624720893,537680
1283,entonces,ADV,2260322170557434109,537680,lors,ADV,755691922849469800,537680
1284,",",PUNCT,2593208677638477497,537680,",",PUNCT,2593208677638477497,537680
1285,ha,AUX,8521863001484601166,537680,c',PRON,3614287697118523228,537680
1286,sido,AUX,9828199342074426560,537680,est,AUX,14619786160612475726,537680
1287,realmente,ADV,13453105967711789301,537680,un,DET,12188161997964598936,537680
1288,0,0,0,0,vrai,ADJ,17524364835280506940,537680
1289,juego,NOUN,8224480485599798696,537680,jeu,NOUN,5051844843060389417,537680
1290,un,DET,12188161997964598936,537680,du,DET,17166863280368009634,537680
1291,gato,NOUN,9565357104409163886,537680,chat,NOUN,704948410345888657,537680
1292,y,CONJ,9409450202036847209,537680,et,CCONJ,13620178847145827813,537680
1293,de,ADP,11144093025662894627,537680,de,ADP,11144093025662894627,537680
1294,0,0,0,0,la,DET,6804705863737483857,537680
1295,ratón,PROPN,16416717874964675269,537680,souris,PROPN,7438260236314908956,537680
1296,.,PUNCT,12646065887601541794,537680,.,PUNCT,12646065887601541794,537680
1297,0,0,0,0,Ils,PRON,1233637810823532730,540720
1298,Desarrollan,VERB,11713934155459393703,540720,créent,VERB,7646557842430109716,540720
1299,el,DET,11488171005156075516,540720,de,DET,11144093025662894627,540720
1300,nuevas,ADJ,3692629646839335747,540720,nouvelles,ADJ,6423181157118153444,540720
1301,reglas,NOUN,17148830461564626669,540720,règles,NOUN,14210848837791942093,540720
1302,en,ADP,14626626061804382878,540720,dans,ADP,6959196919681770914,540720
1303,0,0,0,0,le,DET,13361843836202591494,540720
1304,cotafuegos,NOUN,4573984108857402731,540720,pare-feu,NOUN,16650328997410585210,540720
1305,y,CONJ,9409450202036847209,543480,et,CCONJ,13620178847145827813,543480
1306,trato,AUX,15397611267406554680,543480,j',PRON,7275302914444174311,543480
1307,reaccionar,VERB,3074366758195527651,543480,essaie,VERB,17547187707690019874,543480
1308,de,ADP,11144093025662894627,543480,d',ADP,18329478872494918915,543480
1309,lo,PRON,12507729120330568444,543480,y,PRON,9409450202036847209,543480
1310,0,0,0,0,réagir,VERB,13896255438132356381,543480
1311,antes,ADV,12446581712315785411,543480,aussi,ADV,10514909888095890428,543480
1312,0,0,0,0,vite,ADV,1393359594169227748,543480
1313,0,0,0,0,que,SCONJ,11474801393294414462,543480
1314,posible,ADJ,18363385948347440800,543480,possible,ADJ,1322442146463163273,543480
1315,para,ADP,17491956544424926374,546520,pour,ADP,4302925298007755726,546520
1316,que,SCONJ,11474801393294414462,546520,que,SCONJ,11474801393294414462,546520
1317,los,DET,7307884290799599686,546520,les,DET,5902437463952755554,546520
1318,usuarios,NOUN,3054460987903068249,546520,gens,NOUN,529915263140659624,546520
1319,puedan,AUX,13097285044948717970,546520,puissent,AUX,15943079850303385961,546520
1320,alojando,VERB,4428272511076085906,546520,continuer,VERB,13419284068200478528,546520
1321,seguir,AUX,13956643104937558777,546520,à,ADP,1840659177240090782,546520
1322,contenido,NOUN,13220307439485880868,546520,héberger,PROPN,8626608983128210434,546520
1323,y,CONJ,9409450202036847209,546520,et,CCONJ,13620178847145827813,546520
1324,0,0,0,0,à,ADP,1840659177240090782,546520
1325,creando,VERB,457392111117478152,546520,créer,VERB,16246812613591053974,546520
1326,sitios,NOUN,9593644717484060144,546520,des,DET,6923696665978021163,546520
1327,web,NOUN,2420254652822703211,546520,sites,NOUN,24251518153235700,546520
1328,0,0,0,0,web,X,2420254652822703211,546520
1329,que,SCONJ,11474801393294414462,550640,qui,PRON,18025162834834030610,550640
1330,de,ADP,11144093025662894627,550640,0,0,0,0
1331,lo,DET,12507729120330568444,550640,autrement,ADV,13731513674120686690,550640
1332,contrario,NOUN,404941861257802625,550640,censurés,VERB,16355114513384347719,550640
1333,sería,AUX,2327523273576278238,550640,seraient,AUX,16583424210248572494,550640
1334,censurados,VERB,2589558957056253519,550640,centralisé,VERB,18406559658750999436,550640
1335,por,ADP,18244196334509357400,550640,par,ADP,11560817535472117264,550640
1336,la,DET,6804705863737483857,550640,l',DET,11055277117081255759,550640
1337,internet,NOUN,10937452440342651049,550640,Internet,NOUN,8006197966488148988,550640
1338,centralizada,ADJ,6662291299863914575,550640,chinois,ADJ,10806962447431250219,550640
1339,china,ADJ,10603582739829208913,550640,0,0,0,0
1340,.,PUNCT,12646065887601541794,550640,.,PUNCT,12646065887601541794,550640
1341,Mi,DET,16281271840332988529,557680,Mon,DET,5851399462210448754,557680
1342,otra,DET,17380649040506909729,557680,autre,ADJ,5188504825155044570,557680
1343,motivación,NOUN,9154243131503277288,557680,motivation,NOUN,16561439521479812091,557680
1344,para,ADP,17491956544424926374,557680,à,ADP,1840659177240090782,557680
1345,crear,VERB,6553477732940634675,557680,créer,VERB,16246812613591053974,557680
1346,esta,DET,5821559423218928566,557680,ce,DET,5293259605002647980,557680
1347,red,NOUN,17551718516836219974,557680,réseau,NOUN,2869472355735502486,557680
1348,fue,AUX,6922200418372124953,557680,a,AUX,11901859001352538922,557680
1349,0,0,0,0,été,AUX,416107850921971791,557680
1350,la,DET,6804705863737483857,557680,la,DET,6804705863737483857,557680
1351,preocupación,NOUN,17210700381497735556,557680,crainte,NOUN,12300522790122209291,557680
1352,.,PUNCT,12646065887601541794,557680,.,PUNCT,12646065887601541794,557680
1353,Me,PRON,17688641098104964042,563080,J',PRON,13625533891298606388,563080
1354,temo,VERB,1092181913905677791,563080,ai,AUX,4489555979637837711,563080
1355,futuro,NOUN,817804706655085151,563080,peur,NOUN,3577857403952471837,563080
1356,que,SCONJ,11474801393294414462,563080,que,SCONJ,11474801393294414462,563080
1357,el,DET,11488171005156075516,563080,le,DET,13361843836202591494,563080
1358,nuestra,DET,6434645427240457100,563080,futur,NOUN,17494242013129347282,563080
1359,de,ADP,11144093025662894627,563080,d',ADP,18329478872494918915,563080
1360,internet,NOUN,10937452440342651049,563080,Internet,NOUN,8006197966488148988,563080
1361,está,AUX,4858725201161983290,563080,soit,AUX,13860546894558360219,563080
1362,fuera,ADV,5576510493906326588,563080,hors,ADP,9405282197193003288,563080
1363,de,ADP,11144093025662894627,563080,de,ADP,11144093025662894627,563080
1364,nuestro,DET,6162416962808358642,563080,notre,DET,16699583448167008180,563080
1365,control,NOUN,572204754761179701,563080,contrôle,NOUN,110298003631876724,563080
1366,.,PUNCT,12646065887601541794,563080,.,PUNCT,12646065887601541794,563080
1367,La,DET,6239908149323985340,568320,La,DET,6239908149323985340,568320
1368,centralización,NOUN,1388688101075358689,568320,centralisation,NOUN,18082734261997509713,568320
1369,creciente,ADJ,13919492149604630846,568320,croissante,ADJ,2893292490217185957,568320
1370,y,CONJ,9409450202036847209,568320,et,CCONJ,13620178847145827813,568320
1371,las,DET,6526950402091386798,568320,les,DET,5902437463952755554,568320
1372,leyes,NOUN,12612709041364678368,568320,projets,NOUN,13355826737360835713,568320
1373,propuestas,ADJ,12463246327415887351,568320,de,ADP,11144093025662894627,568320
1374,0,0,0,0,loi,NOUN,5325680370219924131,568320
1375,amenazan,VERB,12475157116015071019,571760,menacent,VERB,14065074152320891614,571760
1376,nuestra,DET,6434645427240457100,571760,notre,DET,16699583448167008180,571760
1377,libertad,NOUN,5404866684894160663,571760,liberté,NOUN,5876670247706629062,571760
1378,de,ADP,11144093025662894627,571760,d',ADP,18329478872494918915,571760
1379,expresión,NOUN,15829557509946484247,571760,expression,NOUN,12590344855411942135,571760
1380,y,CONJ,9409450202036847209,574320,et,CCONJ,13620178847145827813,574320
1381,0,0,0,0,",",PUNCT,2593208677638477497,574320
1382,con,ADP,6945313634251781056,574320,par,ADP,11560817535472117264,574320
1383,ello,PRON,16882085280180959752,574320,là,ADV,12844001651356581174,574320
1384,0,0,0,0,même,ADV,1130429708572951360,574320
1385,.,PUNCT,12646065887601541794,574320,",",PUNCT,2593208677638477497,574320
1386,nuestra,DET,6434645427240457100,574320,notre,DET,16699583448167008180,574320
1387,democracia,NOUN,7393422862294835861,574320,démocratie,NOUN,14993456566516642480,574320
1388,0,0,0,0,.,PUNCT,12646065887601541794,574320
1389,significa,VERB,1145958209919285197,577440,où,PRON,779685322035147723,577440
1390,un,DET,12188161997964598936,577440,les,DET,5902437463952755554,577440
1391,puerto,NOUN,6938549318073558196,577440,règles,NOUN,14210848837791942093,577440
1392,crear,VERB,6553477732940634675,577440,ne,ADV,6065859282030310819,577440
1393,0,0,0,0,sont,AUX,2183785841973629617,577440
1394,",",PUNCT,2593208677638477497,577440,pas,ADV,162626740300448766,577440
1395,seguro,ADJ,508416423087927046,577440,écrites,ADJ,11222354657354655805,577440
1396,0,0,0,0,par,ADP,11560817535472117264,577440
1397,0,0,0,0,des,DET,6923696665978021163,577440
1398,0,0,0,0,multinationales,NOUN,15755830686789686981,577440
1399,0,0,0,0,ou,CCONJ,7904677917145870628,577440
1400,0,0,0,0,des,DET,6923696665978021163,577440
1401,0,0,0,0,partis,NOUN,2312713695622873753,577440
1402,0,0,0,0,politiques,ADJ,13002476912788180158,577440
1403,0,0,0,0,",",PUNCT,2593208677638477497,577440
1404,grandes,ADJ,3923687001980770117,589350,mais,CCONJ,3927803321315481089,590880
1405,corporaciones,NOUN,8432527577205113851,589350,par,ADP,11560817535472117264,590880
1406,y,CONJ,9409450202036847209,589350,0,0,0,0
1407,partidos,NOUN,3170827152344781552,589350,gens,NOUN,529915263140659624,590880
1408,políticos,ADJ,10421840022848096574,589350,0,0,0,0
1409,",",PUNCT,2593208677638477497,589350,.,PUNCT,12646065887601541794,590880
1410,sino,CONJ,12797216016232341552,589350,0,0,0,0
1411,las,DET,6526950402091386798,589350,les,DET,5902437463952755554,590880
1412,personas,NOUN,1891828540174324529,589350,0,0,0,0
1413,.,PUNCT,12646065887601541794,589350,0,0,0,0
1414,Gracias,NOUN,13343105967155848449,593840,Merci,NOUN,2672130808398831532,593840
1415,.,PUNCT,12646065887601541794,593840,.,PUNCT,12646065887601541794,593840
1416,(,PUNCT,12638816674900267446,595080,(,PUNCT,12638816674900267446,595080
1417,Aplausos,PROPN,5625793903345412492,595080,Applaudissements,NOUN,16691945809985430977,595080
1418,),PUNCT,3842344029291005339,595080,),PUNCT,3842344029291005339,595080
