,0,1,2,3,4,5,6,7
0,Acaban,AUX,5619054391734907549,39260,Ce,PRON,10217257574287006157,39260
1,0,0,0,0,que,PRON,11474801393294414462,39260
2,interacciones,NOUN,12560853212012962255,39260,vous,PRON,6151699640482831038,39260
3,escuchar,VERB,10396859141029508037,39260,venez,VERB,17040378402728147879,39260
4,de,ADP,11144093025662894627,39260,d',ADP,18329478872494918915,39260
5,0,0,0,0,entendre,VERB,13654453698220083549,39260
6,de,ADP,11144093025662894627,41260,sont,AUX,2183785841973629617,41260
7,mediciones,NOUN,9643275282696009851,41260,les,DET,5902437463952755554,41260
8,presión,NOUN,14368744436819779218,41260,interactions,NOUN,11205592217405402973,41260
9,de,ADP,11144093025662894627,41260,de,ADP,11144093025662894627,41260
10,0,0,0,0,la,DET,6804705863737483857,41260
11,viento,NOUN,813077534298607947,41260,pression,NOUN,11190165999803731506,41260
12,y,CONJ,9409450202036847209,41260,barométrique,ADJ,2421732389931949433,41260
13,",",PUNCT,2593208677638477497,41260,",",PUNCT,2593208677638477497,41260
14,0,0,0,0,du,DET,17166863280368009634,41260
15,temperatura,NOUN,9721881827156622460,41260,vent,NOUN,9830307755680991619,41260
16,0,0,0,0,et,CCONJ,13620178847145827813,41260
17,0,0,0,0,des,DET,6923696665978021163,41260
18,0,0,0,0,températures,NOUN,8186299169071167294,41260
19,tomadas,NOUN,18249449480694668407,44260,enregistrés,VERB,6681386027236498208,44260
20,Noel,PROPN,6763956799580233517,44260,au,PROPN,11216685815786043991,44260
21,huracán,NOUN,7534903649191936939,44260,cour,NOUN,15171208580967693448,44260
22,del,ADP,14178434899903659559,44260,de,ADP,11144093025662894627,44260
23,0,0,0,0,l',DET,11055277117081255759,44260
24,2007,NOUN,4146535246006245184,44260,ouragan,NOUN,5915577350926129201,44260
25,0,0,0,0,Noel,PROPN,6763956799580233517,44260
26,en,ADP,14626626061804382878,44260,en,ADP,14626626061804382878,44260
27,0,0,0,0,2007,NUM,4146535246006245184,44260
28,.,PUNCT,12646065887601541794,44260,.,PUNCT,12646065887601541794,44260
29,Los,DET,8281310487209232694,48260,Les,DET,16238897526868850703,48260
30,músicos,NOUN,653822764678974071,48260,musiciens,NOUN,1906572404462990803,48260
31,0,0,0,0,ont,AUX,4980175405888007940,48260
32,interpretan,VERB,17912018591337054765,48260,joué,VERB,12443976242975802031,48260
33,3D,NUM,14467241929094330294,48260,un,DET,12188161997964598936,48260
34,gráficos,NOUN,14655149482509067705,48260,graphique,NOUN,8667016309481340165,48260
35,meteorológicos,ADJ,31997028946321527,48260,tridimensionnel,ADJ,8917684109634492940,48260
36,de,ADP,11144093025662894627,48260,de,ADP,11144093025662894627,48260
37,datos,NOUN,10932945580208112495,48260,données,NOUN,1471001329859234630,48260
38,como,SCONJ,3817173063683202752,48260,météorologiques,ADJ,13992838778344033162,48260
39,0,0,0,0,comme,ADP,6699011506843298584,48260
40,éste,PRON,711483120000067044,48260,celui,PRON,14163969729156170815,48260
41,.,PUNCT,12646065887601541794,48260,-,PUNCT,9153284864653046197,48260
42,0,0,0,0,là,ADV,12844001651356581174,48260
43,0,0,0,0,.,PUNCT,12646065887601541794,48260
44,Cada,DET,11514517510091489081,52260,Chaque,DET,9709124193865638476,52260
45,cuenta,NOUN,3545150841059450590,52260,perle,NOUN,18008852360596447752,52260
46,",",PUNCT,2593208677638477497,52260,",",PUNCT,2593208677638477497,52260
47,cada,DET,9828466699353315767,52260,chaque,DET,7090854322111392997,52260
48,banda,NOUN,10439669425095140504,52260,bande,NOUN,7365637356130476282,52260
49,coloreada,ADJ,2749353894659023806,52260,de,ADP,11144093025662894627,52260
50,",",PUNCT,2593208677638477497,52260,couleurs,NOUN,17897779990804971863,52260
51,representa,VERB,11278961240531392741,54260,représente,VERB,11430109466340585586,54260
52,un,DET,12188161997964598936,54260,un,DET,12188161997964598936,54260
53,dato,NOUN,15895059328637609736,54260,élément,NOUN,11955330342923151925,54260
54,meteorológico,ADJ,13309164417021485945,54260,météorologique,ADJ,12677953218267160904,54260
55,que,SCONJ,11474801393294414462,56260,qui,PRON,18025162834834030610,56260
56,0,0,0,0,peut,AUX,18189483339446925138,56260
57,puede,AUX,15014026304111728540,56260,être,AUX,198149567613473063,56260
58,también,ADV,18236539777431520510,56260,aussi,ADV,10514909888095890428,56260
59,como,SCONJ,3817173063683202752,56260,lu,PROPN,4102985031739683372,56260
60,0,0,0,0,comme,ADP,6699011506843298584,56260
61,una,DET,1019041181156623609,56260,une,DET,16752500866415647,56260
62,leerse,NOUN,7771244595241088646,56260,note,NOUN,5316588462688733335,56260
63,musical,ADJ,9315008164443532889,56260,de,ADP,11144093025662894627,56260
64,nota,NOUN,15082742082920558640,56260,musique,NOUN,3519527216932634024,56260
65,.,PUNCT,12646065887601541794,56260,.,PUNCT,12646065887601541794,56260
66,algo,PRON,16528986040643271495,59260,Je,PRON,2628248770713310789,59260
67,es,AUX,10343076919720641053,59260,trouve,VERB,16931746652588953405,59260
68,El,DET,2536664749893722438,59260,la,DET,6804705863737483857,59260
69,clima,NOUN,17797006365687993999,59260,météorologie,NOUN,5199100235177072919,59260
70,que,PRON,11474801393294414462,59260,tout,ADV,15661096398690594318,59260
71,me,PRON,18197037023634208128,59260,à,ADP,1840659177240090782,59260
72,fascina,VERB,15980621981647927456,59260,fait,NOUN,303196683033024630,59260
73,0,0,0,0,fascinante,NOUN,17715655132469008805,59260
74,.,PUNCT,12646065887601541794,59260,.,PUNCT,12646065887601541794,59260
75,una,DET,1019041181156623609,61260,Le,DET,17405251050291145966,61260
76,amalgama,NOUN,11274814426186625757,61260,temps,NOUN,8980423852226619333,61260
77,Es,AUX,13491050862432847103,61260,est,AUX,14619786160612475726,61260
78,0,0,0,0,un,DET,12188161997964598936,61260
79,sistemas,NOUN,4380846199104796692,61260,amalgame,NOUN,7371653462493548224,61260
80,de,ADP,11144093025662894627,61260,de,ADP,11144093025662894627,61260
81,0,0,0,0,systèmes,NOUN,8094712560235445175,61260
82,intrínsecamente,ADV,9416343870509116547,63260,qui,PRON,18025162834834030610,63260
83,0,0,0,0,sont,AUX,2183785841973629617,63260
84,para,ADP,17491956544424926374,63260,en,ADP,14626626061804382878,63260
85,mayoría,NOUN,11657265007317695557,63260,soi,NOUN,6342410082229220966,63260
86,invisibles,ADJ,12187387111903990273,63260,invisible,ADJ,13270943440350299269,63260
87,0,0,0,0,pour,ADP,4302925298007755726,63260
88,la,DET,6804705863737483857,63260,la,DET,6804705863737483857,63260
89,0,0,0,0,plupart,NOUN,7779678022416010219,63260
90,0,0,0,0,d',ADP,18329478872494918915,63260
91,0,0,0,0,entre,ADP,13518256460832573697,63260
92,0,0,0,0,nous,PRON,15994519860812886258,63260
93,.,PUNCT,12646065887601541794,63260,.,PUNCT,12646065887601541794,63260
94,Por,ADP,623830814368950614,65260,Alors,ADV,1284200596455584892,65260
95,eso,PRON,12716495710533357957,65260,j',PRON,7275302914444174311,65260
96,uso,VERB,6924770253814089593,65260,utilise,VERB,11232671211387168695,65260
97,la,DET,6804705863737483857,65260,la,DET,6804705863737483857,65260
98,escultura,NOUN,12199055884939259788,65260,musique,NOUN,3519527216932634024,65260
99,y,CONJ,9409450202036847209,65260,et,CCONJ,13620178847145827813,65260
100,la,DET,6804705863737483857,65260,la,DET,6804705863737483857,65260
101,música,NOUN,15167417241790394718,65260,sculpture,NOUN,17592433476969138703,65260
102,para,ADP,17491956544424926374,67260,pour,ADP,4302925298007755726,67260
103,hacerlo,VERB,6668681168260901574,67260,rendre,VERB,10844619616850343688,67260
104,no,PART,13055779130471031426,67260,cela,PRON,10113288157935512298,67260
105,0,0,0,0,",",PUNCT,2593208677638477497,67260
106,sólo,ADV,1731802597531206513,67260,non,ADV,15888754967501154131,67260
107,0,0,0,0,pas,ADV,162626740300448766,67260
108,0,0,0,0,seulement,ADV,4290054731415549589,67260
109,visible,ADJ,6621063880764516328,67260,visible,ADJ,6621063880764516328,67260
110,0,0,0,0,",",PUNCT,2593208677638477497,67260
111,sino,CONJ,12797216016232341552,69260,mais,CCONJ,3927803321315481089,69260
112,también,ADV,18236539777431520510,69260,aussi,ADV,10514909888095890428,69260
113,táctil,ADJ,14623611636342137667,69260,tactile,PROPN,5132190181732026497,69260
114,y,CONJ,9409450202036847209,69260,et,CCONJ,13620178847145827813,69260
115,audible,ADJ,5402019023350883809,69260,audible,ADJ,5402019023350883809,69260
116,.,PUNCT,12646065887601541794,69260,.,PUNCT,12646065887601541794,69260
117,Mis,DET,4677290110515374439,71260,mon,DET,6098918823203764715,71260
118,obras,NOUN,17243857290096460828,71260,travail,NOUN,464273237196873268,71260
119,empiezan,VERB,4874498207745194827,71260,Tout,ADV,4497479093624956546,71260
120,de,ADP,11144093025662894627,71260,très,ADV,5241201599711993136,71260
121,manera,NOUN,498987833452431579,71260,commence,NOUN,970816546859106428,71260
122,muy,ADV,16868253375141016776,71260,simplement,ADV,2379775767737017862,71260
123,simple,ADJ,14749329488166600143,71260,0,0,0,0
124,.,PUNCT,12646065887601541794,71260,.,PUNCT,12646065887601541794,71260
125,0,0,0,0,Jextrais,ADJ,11662733996785264063,73260
126,Saco,DET,6537915991650543523,73260,les,DET,5902437463952755554,73260
127,información,NOUN,1261446803759541272,73260,informations,NOUN,4610647947222657699,73260
128,de,ADP,11144093025662894627,73260,d',ADP,18329478872494918915,73260
129,un,DET,12188161997964598936,73260,un,DET,12188161997964598936,73260
130,entorno,NOUN,10267975141234546036,73260,environnement,NOUN,4062184679725143767,73260
131,específico,ADJ,8711374584877755826,73260,spécifique,ADJ,17170403663611143108,73260
132,con,ADP,6945313634251781056,75260,en,ADP,14626626061804382878,75260
133,0,0,0,0,utilisant,VERB,15987878952355081346,75260
134,0,0,0,0,des,DET,6923696665978021163,75260
135,sensores,NOUN,3786720501309382333,75260,systèmes,NOUN,8094712560235445175,75260
136,0,0,0,0,de,ADP,11144093025662894627,75260
137,0,0,0,0,collections,NOUN,16994292859126780462,75260
138,0,0,0,0,de,ADP,11144093025662894627,75260
139,0,0,0,0,données,NOUN,1471001329859234630,75260
140,poco,ADV,4117172620621991493,75260,très,ADV,5241201599711993136,75260
141,sofisticados,ADJ,4446842691366934558,75260,basiques,ADJ,6755932316977602236,75260
142,;,PUNCT,631425121691394544,75260,--,PUNCT,10501404726543969396,75260
143,en,ADP,14626626061804382878,78260,en,ADP,14626626061804382878,78260
144,general,NOUN,4476931165537661438,78260,général,NOUN,13183840404311952483,78260
145,",",PUNCT,2593208677638477497,78260,tout,ADJ,15661096398690594318,78260
146,cualquier,DET,2780096092211682479,78260,ce,PRON,5293259605002647980,78260
147,cosa,NOUN,11934660320765595756,78260,que,PRON,11474801393294414462,78260
148,que,PRON,11474801393294414462,78260,je,PRON,8612506203511071854,78260
149,0,0,0,0,peux,AUX,1078183367608991697,78260
150,encuentre,VERB,7579794610607837587,78260,trouver,VERB,4554446641187492011,78260
151,en,ADP,14626626061804382878,78260,dans,ADP,6959196919681770914,78260
152,la,DET,6804705863737483857,78260,un,DET,12188161997964598936,78260
153,ferretería,NOUN,2747496463166039982,78260,magasin,NOUN,3755388967843166348,78260
154,0,0,0,0,de,ADP,11144093025662894627,78260
155,0,0,0,0,bricolage,NOUN,3682167601961335293,78260
156,.,PUNCT,12646065887601541794,78260,.,PUNCT,12646065887601541794,78260
157,0,0,0,0,Je,PRON,2628248770713310789,81260
158,comparo,VERB,11789166830836107560,81260,compare,VERB,14278262417543494430,81260
159,Luego,ADV,12469601405544975109,81260,ensuite,ADV,15609754179277868096,81260
160,mi,DET,8676063341920465065,81260,mes,DET,11263725817377229159,81260
161,información,NOUN,1261446803759541272,81260,informations,NOUN,4610647947222657699,81260
162,con,ADP,6945313634251781056,81260,avec,ADP,18367549186037839347,81260
163,que,PRON,11474801393294414462,81260,ce,PRON,5293259605002647980,81260
164,lo,DET,12507729120330568444,81260,que,PRON,11474801393294414462,81260
165,Internet,PROPN,8006197966488148988,81260,je,PRON,8612506203511071854,81260
166,encuentro,VERB,9249742672578020059,81260,trouve,VERB,16931746652588953405,81260
167,en,ADP,14626626061804382878,81260,sur,ADP,14175982410302701706,81260
168,0,0,0,0,internet,NOUN,10937452440342651049,81260
169,;,PUNCT,631425121691394544,81260,--,PUNCT,10501404726543969396,81260
170,imágenes,NOUN,3348117224276041535,84260,images,NOUN,14345681696667455548,84260
171,0,0,0,0,satellites,NOUN,17365692479862021395,84260
172,",",PUNCT,2593208677638477497,84260,",",PUNCT,2593208677638477497,84260
173,datos,NOUN,10932945580208112495,84260,données,NOUN,1471001329859234630,84260
174,satelitales,ADJ,18069573764727557988,84260,météorologiques,ADJ,13992838778344033162,84260
175,de,ADP,11144093025662894627,86260,des,DET,6923696665978021163,86260
176,estaciones,NOUN,2394128577861720352,86260,stations,NOUN,4570393192614038022,86260
177,meteorológicas,ADJ,133196694736281439,86260,météo,VERB,8815175252170585181,86260
178,y,CONJ,9409450202036847209,86260,ainsi,ADV,11906536706582700613,86260
179,0,0,0,0,que,SCONJ,11474801393294414462,86260
180,boyas,NOUN,2443989807289875375,86260,des,DET,6923696665978021163,86260
181,alta,NOUN,4725859412792640119,86260,bouées,NOUN,11343143802840407718,86260
182,de,ADP,11144093025662894627,86260,de,ADP,11144093025662894627,86260
183,mar,NOUN,15242691344350106358,86260,mesures,NOUN,15643429620141450474,86260
184,de,ADP,11144093025662894627,86260,en,ADP,14626626061804382878,86260
185,0,0,0,0,mer,PROPN,14417343938296032250,86260
186,.,PUNCT,12646065887601541794,86260,.,PUNCT,12646065887601541794,86260
187,0,0,0,0,Ce,PRON,10217257574287006157,89260
188,Son,AUX,18366556824654818082,89260,sont,AUX,2183785841973629617,89260
189,datos,NOUN,10932945580208112495,89260,aussi,ADV,10514909888095890428,89260
190,también,ADV,18236539777431520510,89260,bien,ADV,8265441118321635764,89260
191,y,CONJ,9409450202036847209,89260,des,DET,6923696665978021163,89260
192,datos,NOUN,10932945580208112495,89260,données,NOUN,1471001329859234630,89260
193,históricos,ADJ,17769176931515410068,89260,historiques,ADJ,3384904332377140839,89260
194,de,ADP,11144093025662894627,89260,que,SCONJ,11474801393294414462,89260
195,0,0,0,0,de,DET,11144093025662894627,89260
196,real,ADJ,7050692189315705983,89260,véritables,ADJ,13185850806177299189,89260
197,tiempo,NOUN,3897009725270815938,89260,données,NOUN,1471001329859234630,89260
198,.,PUNCT,12646065887601541794,89260,.,PUNCT,12646065887601541794,89260
199,0,0,0,0,Et,CCONJ,1620920187821177431,91260
200,Después,ADV,785941551408947049,91260,ensuite,ADV,15609754179277868096,91260
201,todos,DET,5361417614589746890,91260,je,PRON,8612506203511071854,91260
202,recopilo,VERB,3258726973088290972,91260,compile,VERB,3242509194146468564,91260
203,0,0,0,0,tout,ADV,15661096398690594318,91260
204,las,DET,6526950402091386798,91260,ces,DET,10477575395255680452,91260
205,mediciones,NOUN,9643275282696009851,91260,nombres,NOUN,4890736989312458559,91260
206,en,ADP,14626626061804382878,91260,sur,ADP,14175982410302701706,91260
207,estos,DET,10436838843398290757,91260,ces,DET,10477575395255680452,91260
208,anotadores,NOUN,12265923672696497024,91260,feuillets,NOUN,12697687518050638019,91260
209,que,PRON,11474801393294414462,91260,que,PRON,11474801393294414462,91260
210,0,0,0,0,vous,PRON,6151699640482831038,91260
211,ven,VERB,12409248811792671830,91260,voyez,VERB,558074746627998263,91260
212,allí,ADV,17964402279426095661,91260,ici,ADV,16082578346872542639,91260
213,.,PUNCT,12646065887601541794,91260,.,PUNCT,12646065887601541794,91260
214,Estos,DET,9416231487555861639,94260,Ces,DET,5121796338014571893,94260
215,anotadores,NOUN,12265923672696497024,94260,feuillets,NOUN,12697687518050638019,94260
216,están,AUX,9329291831938041508,94260,sont,AUX,2183785841973629617,94260
217,llenos,ADJ,11154806724744455288,94260,remplis,VERB,12348164350994151213,94260
218,de,ADP,11144093025662894627,94260,de,ADP,11144093025662894627,94260
219,números,NOUN,8384335502142735989,94260,chiffres,NOUN,9243048092075891492,94260
220,.,PUNCT,12646065887601541794,94260,.,PUNCT,12646065887601541794,94260
221,Y,CONJ,16961793518281001049,96260,Et,CCONJ,1620920187821177431,96260
222,a,ADP,11901859001352538922,96260,à,ADP,1840659177240090782,96260
223,partir,NOUN,7831283826873632878,96260,partir,VERB,7831283826873632878,96260
224,de,ADP,11144093025662894627,96260,de,ADP,11144093025662894627,96260
225,0,0,0,0,tous,ADJ,9219070020730443276,96260
226,estos,DET,10436838843398290757,96260,ces,DET,10477575395255680452,96260
227,números,NOUN,8384335502142735989,96260,chiffres,NOUN,9243048092075891492,96260
228,0,0,0,0,",",PUNCT,2593208677638477497,96260
229,empiezo,ADJ,2042708092166539476,98259,je,PRON,8612506203511071854,98259
230,0,0,0,0,commence,VERB,970816546859106428,98259
231,solo,ADJ,3505255310390259426,98259,seulement,ADV,4290054731415549589,98259
232,con,ADP,6945313634251781056,98259,avec,ADP,18367549186037839347,98259
233,dos,NUM,14014603652905717938,98259,deux,NUM,11334962332053205890,98259
234,o,CONJ,1489474827855109852,98259,ou,CCONJ,7904677917145870628,98259
235,tres,NUM,12263923104162374949,98259,trois,NUM,13725032408782032944,98259
236,variables,NOUN,294471268756175407,98259,variables,NOUN,294471268756175407,98259
237,.,PUNCT,12646065887601541794,98259,.,PUNCT,12646065887601541794,98259
238,Así,ADV,13115577326766121063,100260,Cela,PRON,2184652085015185993,100260
239,arranco,NOUN,340682413811534345,100260,commence,VERB,970816546859106428,100260
240,mi,DET,8676063341920465065,100260,mon,DET,6098918823203764715,100260
241,proceso,NOUN,6785978199498435627,100260,procédé,NOUN,3231594334064122154,100260
242,de,ADP,11144093025662894627,100260,de,ADP,11144093025662894627,100260
243,traducción,NOUN,15538906553799449057,100260,traduction,NOUN,8943962451862146794,100260
244,.,PUNCT,12646065887601541794,100260,.,PUNCT,12646065887601541794,100260
245,El,DET,2536664749893722438,102260,Mon,DET,5851399462210448754,102260
246,medio,NOUN,7212999203009465902,102260,support,NOUN,5147005412574305164,102260
247,de,ADP,11144093025662894627,102260,de,ADP,11144093025662894627,102260
248,traducción,NOUN,15538906553799449057,102260,traduction,NOUN,8943962451862146794,102260
249,es,AUX,10343076919720641053,102260,est,AUX,14619786160612475726,102260
250,mi,DET,8676063341920465065,102260,un,DET,12188161997964598936,102260
251,canasta,NOUN,13552281344357420476,102260,panier,NOUN,2232580843808111526,102260
252,una,DET,1019041181156623609,102260,tout,ADV,15661096398690594318,102260
253,simple,ADJ,14749329488166600143,102260,simple,ADJ,14749329488166600143,102260
254,.,PUNCT,12646065887601541794,102260,.,PUNCT,12646065887601541794,102260
255,se,PRON,9839690450034771972,105260,C',PRON,13529430013742482571,105260
256,0,0,0,0,est,AUX,14619786160612475726,105260
257,La,DET,6239908149323985340,105260,un,DET,12188161997964598936,105260
258,canasta,NOUN,13552281344357420476,105260,panier,NOUN,2232580843808111526,105260
259,compone,VERB,12767274564000277024,105260,fait,VERB,303196683033024630,105260
260,de,ADP,11144093025662894627,105260,d',DET,18329478872494918915,105260
261,elementos,NOUN,12314702410255045189,105260,éléments,NOUN,7250352969088024914,105260
262,horizontales,ADJ,7590051201698609642,105260,horizontaux,ADJ,15876795530323139797,105260
263,y,CONJ,9409450202036847209,105260,et,CCONJ,13620178847145827813,105260
264,verticales,ADJ,3096121553031550333,105260,verticaux,ADJ,3732753211217157434,105260
265,.,PUNCT,12646065887601541794,105260,.,PUNCT,12646065887601541794,105260
266,Uso,VERB,11172581353750514833,109260,assigne,VERB,6754111024928859038,109260
267,los,DET,7307884290799599686,109260,j',PRON,7275302914444174311,109260
268,cambios,NOUN,9749157932937349814,109260,valeurs,NOUN,3428521192610248651,109260
269,de,ADP,11144093025662894627,109260,Quand,SCONJ,7762459376893381567,109260
270,esos,DET,5973194276814933277,109260,des,DET,6923696665978021163,109260
271,datos,NOUN,10932945580208112495,109260,éléments,NOUN,7250352969088024914,109260
272,en,ADP,14626626061804382878,109260,aux,ADJ,405,109260
273,el,DET,11488171005156075516,109260,verticaux,ADJ,3732753211217157434,109260
274,tiempo,NOUN,3897009725270815938,109260,et,CCONJ,13620178847145827813,109260
275,para,ADP,17491956544424926374,109260,horizontaux,ADJ,15876795530323139797,109260
276,asignar,VERB,15704953067787738333,109260,",",PUNCT,2593208677638477497,109260
277,valores,NOUN,17527020678143824216,109260,0,0,0,0
278,0,0,0,0,je,PRON,8612506203511071854,112260
279,0,0,0,0,peux,AUX,1078183367608991697,112260
280,verticales,ADJ,3096121553031550333,112260,utiliser,VERB,9856880686006139084,112260
281,los,DET,7307884290799599686,112260,les,DET,5902437463952755554,112260
282,y,CONJ,9409450202036847209,112260,changements,NOUN,1728878621568954749,112260
283,a,ADP,11901859001352538922,112260,de,ADP,11144093025662894627,112260
284,horizontales,ADJ,7590051201698609642,112260,ces,DET,10477575395255680452,112260
285,elementos,NOUN,12314702410255045189,112260,données,NOUN,1471001329859234630,112260
286,0,0,0,0,au,ADP,11216685815786043991,112260
287,0,0,0,0,cours,NOUN,16142784127378885775,112260
288,0,0,0,0,du,DET,17166863280368009634,112260
289,0,0,0,0,temps,NOUN,8980423852226619333,112260
290,y,CONJ,9409450202036847209,115260,pour,ADP,4302925298007755726,115260
291,así,ADV,13388538489347049961,115260,0,0,0,0
292,crear,VERB,6553477732940634675,115260,créer,VERB,16246812613591053974,115260
293,la,DET,6804705863737483857,115260,la,DET,6804705863737483857,115260
294,forma,NOUN,16527481731563555432,115260,forme,NOUN,16162119301457358071,115260
295,.,PUNCT,12646065887601541794,115260,.,PUNCT,12646065887601541794,115260
296,Uso,PROPN,11172581353750514833,117260,J',PRON,13625533891298606388,117260
297,caña,VERB,4054596588902212388,117260,utilise,VERB,11232671211387168695,117260
298,0,0,0,0,du,DET,17166863280368009634,117260
299,0,0,0,0,roseau,NOUN,3829751365714606899,117260
300,natural,ADJ,3743574233330547430,117260,naturel,ADJ,4493016017710100284,117260
301,0,0,0,0,",",PUNCT,2593208677638477497,117260
302,porque,SCONJ,5757082442330786044,119260,car,CCONJ,17545852598994811774,119260
303,mucha,DET,4628243562065350568,119260,le,DET,13361843836202591494,119260
304,tensión,NOUN,9862120666604750363,119260,roseau,NOUN,3829751365714606899,119260
305,tiene,VERB,12773169655925470509,119260,naturel,ADJ,4493016017710100284,119260
306,0,0,0,0,est,AUX,14619786160612475726,119260
307,0,0,0,0,un,DET,12188161997964598936,119260
308,0,0,0,0,matériel,NOUN,14231185327059718972,119260
309,0,0,0,0,avec,ADP,18367549186037839347,119260
310,0,0,0,0,beaucoup,ADV,9766336526659121080,119260
311,0,0,0,0,de,ADP,11144093025662894627,119260
312,0,0,0,0,tension,NOUN,8907938217620579378,119260
313,que,SCONJ,11474801393294414462,121260,que,SCONJ,11474801393294414462,121260
314,0,0,0,0,je,PRON,8612506203511071854,121260
315,no,ADV,13055779130471031426,121260,ne,ADV,6065859282030310819,121260
316,puedo,AUX,12531986228534493661,121260,peux,AUX,1078183367608991697,121260
317,por,ADP,18244196334509357400,121260,pas,ADV,162626740300448766,121260
318,controlar,VERB,7320114737004379929,121260,contrôler,VERB,166391140939949833,121260
319,completo,NOUN,14696322322679567649,121260,complètement,ADV,17603911577882912725,121260
320,.,PUNCT,12646065887601541794,121260,.,PUNCT,12646065887601541794,121260
321,Eso,PRON,4568893308372095616,123260,Ce,PRON,10217257574287006157,123260
322,0,0,0,0,qui,PRON,18025162834834030610,123260
323,son,AUX,2555790282192608669,123260,veut,AUX,3394696207253877175,123260
324,significa,VERB,1145958209919285197,123260,dire,VERB,14258168727630584276,123260
325,que,SCONJ,11474801393294414462,123260,que,SCONJ,11474801393294414462,123260
326,los,DET,7307884290799599686,123260,ce,PRON,5293259605002647980,123260
327,0,0,0,0,sont,AUX,2183785841973629617,123260
328,los,DET,7307884290799599686,123260,les,DET,5902437463952755554,123260
329,números,NOUN,8384335502142735989,123260,chiffres,NOUN,9243048092075891492,123260
330,que,PRON,11474801393294414462,123260,qui,PRON,18025162834834030610,123260
331,controlan,VERB,10595198786551750219,123260,contrôlent,VERB,4998542546968495705,123260
332,la,DET,6804705863737483857,123260,la,DET,6804705863737483857,123260
333,forma,NOUN,16527481731563555432,123260,forme,NOUN,16162119301457358071,123260
334,0,0,0,0,",",PUNCT,2593208677638477497,123260
335,y,CONJ,9409450202036847209,125260,et,CCONJ,13620178847145827813,125260
336,no,ADV,13055779130471031426,125260,pas,ADV,162626740300448766,125260
337,yo,PRON,8387856443177761115,125260,moi,PRON,3970053486024285833,125260
338,.,PUNCT,12646065887601541794,125260,.,PUNCT,12646065887601541794,125260
339,Obtengo,VERB,9259291717975332111,127260,Ce,PRON,10217257574287006157,127260
340,como,SCONJ,3817173063683202752,127260,que,PRON,11474801393294414462,127260
341,éstas,PRON,13923483459703498067,127260,je,PRON,8612506203511071854,127260
342,0,0,0,0,produis,AUX,14301217555410767831,127260
343,0,0,0,0,sont,AUX,2183785841973629617,127260
344,0,0,0,0,des,DET,6923696665978021163,127260
345,formas,NOUN,17223371217620981935,127260,formes,NOUN,17179466513544709383,127260
346,0,0,0,0,comme,ADP,6699011506843298584,127260
347,0,0,0,0,celles,PRON,9129382133138159912,127260
348,.,PUNCT,12646065887601541794,127260,-,PUNCT,9153284864653046197,127260
349,0,0,0,0,ci,PROPN,8576825348456832188,127260
350,0,0,0,0,.,PUNCT,12646065887601541794,127260
351,0,0,0,0,Ce,PRON,10217257574287006157,129260
352,están,AUX,9329291831938041508,129260,sont,AUX,2183785841973629617,129260
353,Estas,DET,10628486226563259484,129260,des,DET,6923696665978021163,129260
354,formas,NOUN,17223371217620981935,129260,formes,NOUN,17179466513544709383,129260
355,construidas,ADJ,13453419401983736943,129260,faites,ADJ,15230793916649183275,129260
356,completamente,ADV,16864785734125403307,129260,entièrement,ADV,3662952812126601603,129260
357,por,ADP,18244196334509357400,131260,de,ADP,11144093025662894627,131260
358,datos,NOUN,10932945580208112495,131260,données,NOUN,1471001329859234630,131260
359,meteorológicos,ADJ,31997028946321527,131260,météorologiques,ADJ,13992838778344033162,131260
360,o,CONJ,1489474827855109852,131260,et,CCONJ,13620178847145827813,131260
361,científicos,NOUN,9068354635756926713,131260,scientifiques,ADJ,17358741668553887671,131260
362,.,PUNCT,12646065887601541794,131260,.,PUNCT,12646065887601541794,131260
363,Cada,DET,11514517510091489081,133260,Chaque,DET,9709124193865638476,133260
364,cuenta,NOUN,3545150841059450590,133260,perle,NOUN,18008852360596447752,133260
365,coloreada,ADJ,2749353894659023806,133260,de,ADP,11144093025662894627,133260
366,cuerda,NOUN,7568225715737227423,133260,couleur,NOUN,6241722481161640424,133260
367,",",PUNCT,2593208677638477497,133260,",",PUNCT,2593208677638477497,133260
368,cada,DET,9828466699353315767,133260,chaque,DET,7090854322111392997,133260
369,coloreada,ADJ,2749353894659023806,133260,corde,NOUN,833764271809519755,133260
370,0,0,0,0,de,ADP,11144093025662894627,133260
371,0,0,0,0,couleur,NOUN,6241722481161640424,133260
372,",",PUNCT,2593208677638477497,133260,",",PUNCT,2593208677638477497,133260
373,representa,VERB,11278961240531392741,135260,représente,VERB,11430109466340585586,135260
374,un,DET,12188161997964598936,135260,un,DET,12188161997964598936,135260
375,dato,NOUN,15895059328637609736,135260,élément,NOUN,11955330342923151925,135260
376,meteorológico,ADJ,13309164417021485945,135260,du,DET,17166863280368009634,135260
377,0,0,0,0,temps,NOUN,8980423852226619333,135260
378,.,PUNCT,12646065887601541794,135260,.,PUNCT,12646065887601541794,135260
379,Y,CONJ,16961793518281001049,137260,Et,CCONJ,1620920187821177431,137260
380,juntos,ADJ,10610637131605617382,137260,ensemble,ADJ,14194716038716659002,137260
381,",",PUNCT,2593208677638477497,137260,",",PUNCT,2593208677638477497,137260
382,estos,DET,10436838843398290757,137260,ces,DET,10477575395255680452,137260
383,elementos,NOUN,12314702410255045189,137260,éléments,NOUN,7250352969088024914,137260
384,",",PUNCT,2593208677638477497,137260,",",PUNCT,2593208677638477497,137260
385,no,PART,13055779130471031426,137260,non,ADV,15888754967501154131,137260
386,sólo,ADV,1731802597531206513,137260,seulement,ADV,4290054731415549589,137260
387,constituyen,VERB,16387624715410104135,137260,construisent,ADV,770502363015533163,137260
388,la,DET,6804705863737483857,137260,la,DET,6804705863737483857,137260
389,forma,NOUN,16527481731563555432,137260,forme,NOUN,16162119301457358071,137260
390,0,0,0,0,",",PUNCT,2593208677638477497,137260
391,sino,CONJ,12797216016232341552,139260,mais,CCONJ,3927803321315481089,139260
392,que,SCONJ,11474801393294414462,139260,révèlent,ADV,12860186452549149684,139260
393,también,ADV,18236539777431520510,139260,également,ADV,15230487341192164155,139260
394,revelan,VERB,5334385301869393597,139260,les,DET,5902437463952755554,139260
395,relaciones,NOUN,2179723717855652709,139260,relations,NOUN,127010773268107685,139260
396,de,ADP,11144093025662894627,139260,comportementales,ADJ,5588675826927111003,139260
397,comportamiento,NOUN,12826433030593133136,139260,0,0,0,0
398,que,SCONJ,11474801393294414462,141260,qui,PRON,18025162834834030610,141260
399,quizá,ADV,8790042160176375317,141260,ne,ADV,6065859282030310819,141260
400,0,0,0,0,seraient,AUX,16583424210248572494,141260
401,no,ADV,13055779130471031426,141260,pas,ADV,162626740300448766,141260
402,aparezcan,VERB,7837260704779401879,141260,évidentes,ADJ,381278669421668458,141260
403,en,ADP,14626626061804382878,143260,avec,ADP,18367549186037839347,143260
404,un,DET,12188161997964598936,143260,un,DET,12188161997964598936,143260
405,gráfico,NOUN,11728212591046448985,143260,représentation,NOUN,9595735375848104277,143260
406,bidimensional,ADJ,594780269729744045,143260,graphique,ADJ,8667016309481340165,143260
407,0,0,0,0,à,ADP,1840659177240090782,143260
408,0,0,0,0,deux,NUM,11334962332053205890,143260
409,0,0,0,0,dimensions,NOUN,1283955650569965714,143260
410,.,PUNCT,12646065887601541794,143260,.,PUNCT,12646065887601541794,143260
411,que,SCONJ,11474801393294414462,145260,Quand,SCONJ,7762459376893381567,145260
412,acercarnos,NOUN,4223971645086934403,145260,vous,PRON,6151699640482831038,145260
413,Al,ADP,11631551226137452986,145260,vous,PRON,6151699640482831038,145260
414,vemos,VERB,12055921169188878450,145260,approchez,VERB,11795537218470475104,145260
415,en,ADP,14626626061804382878,145260,",",PUNCT,2593208677638477497,145260
416,realidad,NOUN,17066760827497583576,145260,vous,PRON,6151699640482831038,145260
417,0,0,0,0,voyez,VERB,558074746627998263,145260
418,0,0,0,0,que,SCONJ,11474801393294414462,147260
419,todo,PRON,1039296168925561739,147260,tout,PRON,15661096398690594318,147260
420,está,AUX,4858725201161983290,147260,est,AUX,14619786160612475726,147260
421,hecho,ADJ,12144731232849489260,147260,fait,VERB,303196683033024630,147260
422,de,ADP,11144093025662894627,147260,de,ADP,11144093025662894627,147260
423,números,NOUN,8384335502142735989,147260,chiffres,NOUN,9243048092075891492,147260
424,.,PUNCT,12646065887601541794,147260,.,PUNCT,12646065887601541794,147260
425,A,ADP,14862748245026736845,149260,0,0,0,0
426,los,DET,7307884290799599686,149260,Les,DET,16238897526868850703,149260
427,elementos,NOUN,12314702410255045189,149260,éléments,NOUN,7250352969088024914,149260
428,verticales,ADJ,3096121553031550333,149260,verticaux,ADJ,3732753211217157434,149260
429,se,PRON,9839690450034771972,151260,correspondent,ADV,5985146536060564993,151260
430,les,PRON,5902437463952755554,151260,à,ADP,1840659177240090782,151260
431,asigna,VERB,1114788754571469086,151260,une,DET,16752500866415647,151260
432,hora,NOUN,543675027935424704,151260,heure,NOUN,15735722015453335225,151260
433,específica,ADJ,10188295256201406449,151260,spécifique,ADJ,17170403663611143108,151260
434,del,ADP,14178434899903659559,151260,de,ADP,11144093025662894627,151260
435,una,DET,1019041181156623609,151260,la,DET,6804705863737483857,151260
436,día,NOUN,10320613927756879670,151260,journée,NOUN,2783150373210891620,151260
437,.,PUNCT,12646065887601541794,151260,.,PUNCT,12646065887601541794,151260
438,En,ADP,11159992760278512227,153260,Donc,ADV,14176422658485151661,153260
439,todos,DET,5361417614589746890,153260,tout,ADJ,15661096398690594318,153260
440,los,DET,7307884290799599686,153260,autour,ADV,8292906853484924065,153260
441,sentidos,NOUN,1092596710966317072,153260,vous,PRON,6151699640482831038,153260
442,hay,AUX,7335652051276811590,153260,avez,VERB,6678347032397671878,153260
443,una,DET,1019041181156623609,153260,une,DET,16752500866415647,153260
444,línea,NOUN,4206860300322802285,153260,chronologie,NOUN,16429444365748394124,153260
445,de,ADP,11144093025662894627,153260,de,ADP,11144093025662894627,153260
446,tiempo,NOUN,3897009725270815938,153260,heures,NOUN,5348081460261744823,153260
447,de,ADP,11144093025662894627,153260,0,0,0,0
448,24,NUM,17682212845846644677,153260,24,NUM,17682212845846644677,153260
449,horas,NOUN,7733435341288945588,153260,0,0,0,0
450,.,PUNCT,12646065887601541794,153260,.,PUNCT,12646065887601541794,153260
451,Pero,CONJ,3012608552889114327,156260,Mais,CCONJ,3985832202445185970,156260
452,se,PRON,9839690450034771972,156260,c',PRON,3614287697118523228,156260
453,0,0,0,0,est,AUX,14619786160612475726,156260
454,también,ADV,18236539777431520510,156260,aussi,ADV,10514909888095890428,156260
455,usa,VERB,352746334657453960,156260,utilisé,VERB,13704480396877019112,156260
456,para,ADP,17491956544424926374,156260,pour,ADP,4302925298007755726,156260
457,asignar,VERB,15704953067787738333,156260,assigner,VERB,5867711996627759085,156260
458,un,DET,12188161997964598936,156260,une,DET,16752500866415647,156260
459,rango,NOUN,6675292252440840280,156260,fourchette,NOUN,545568847324196536,156260
460,de,ADP,11144093025662894627,156260,de,ADP,11144093025662894627,156260
461,temperaturas,NOUN,6532564775149261792,156260,températures,NOUN,8186299169071167294,156260
462,.,PUNCT,12646065887601541794,156260,.,PUNCT,12646065887601541794,156260
463,En,ADP,11159992760278512227,158260,Sur,ADP,3606349236218949302,158260
464,esa,DET,12150002208949237779,158260,cette,DET,13014437646612957149,158260
465,grilla,NOUN,7936150289609685696,158260,grille,NOUN,3577827469377488281,158260
466,0,0,0,0,",",PUNCT,2593208677638477497,158260
467,las,DET,6526950402091386798,158260,je,PRON,8612506203511071854,158260
468,puedo,AUX,12531986228534493661,158260,peux,AUX,1078183367608991697,158260
469,tejer,VERB,3768357360684581273,158260,tresser,VERB,9523052137234288789,158260
470,las,DET,6526950402091386798,158260,les,DET,5902437463952755554,158260
471,mediciones,NOUN,9643275282696009851,158260,mesures,NOUN,15643429620141450474,158260
472,de,ADP,11144093025662894627,158260,de,ADP,11144093025662894627,158260
473,mareas,NOUN,83403505313461487,158260,hautes,NOUN,7428456006064714245,158260
474,altas,ADJ,9121461399899427422,158260,marées,VERB,13912319590670172257,158260
475,;,PUNCT,631425121691394544,158260,",",PUNCT,2593208677638477497,158260
476,0,0,0,0,de,ADP,11144093025662894627,161260
477,temperatura,NOUN,9721881827156622460,161260,températures,NOUN,8186299169071167294,161260
478,del,ADP,14178434899903659559,161260,de,ADP,11144093025662894627,161260
479,la,DET,6804705863737483857,161260,l',DET,11055277117081255759,161260
480,agua,NOUN,2710553294700861818,161260,eau,NOUN,13385344159061043783,161260
481,",",PUNCT,2593208677638477497,161260,",",PUNCT,2593208677638477497,161260
482,del,ADP,14178434899903659559,161260,de,ADP,11144093025662894627,161260
483,la,DET,6804705863737483857,161260,l',DET,11055277117081255759,161260
484,aire,NOUN,9009463198302282339,161260,air,NOUN,11605145041906211243,161260
485,y,CONJ,9409450202036847209,161260,et,CCONJ,13620178847145827813,161260
486,las,DET,6526950402091386798,161260,des,DET,6923696665978021163,161260
487,fases,NOUN,18030467040257062259,161260,phases,NOUN,8463613294145811014,161260
488,lunares,ADJ,17402714563015343877,161260,de,ADP,11144093025662894627,161260
489,0,0,0,0,la,DET,6804705863737483857,161260
490,0,0,0,0,Lune,NOUN,16162414298047463598,161260
491,.,PUNCT,12646065887601541794,161260,.,PUNCT,12646065887601541794,161260
492,0,0,0,0,Je,PRON,2628248770713310789,164260
493,meteorológica,ADJ,1031213905496097688,164260,peux,AUX,1078183367608991697,164260
494,También,ADV,4730831994135206183,164260,aussi,ADV,10514909888095890428,164260
495,traduzco,VERB,12596647175684716416,164260,traduire,VERB,2884952192683915999,164260
496,la,DET,6804705863737483857,164260,les,DET,5902437463952755554,164260
497,información,NOUN,1261446803759541272,164260,données,NOUN,1471001329859234630,164260
498,musicales,ADJ,9234385918197464859,164260,météorologiques,ADJ,13992838778344033162,164260
499,en,ADP,14626626061804382878,164260,en,ADP,14626626061804382878,164260
500,partituras,NOUN,9400008430923825991,164260,partition,NOUN,18196979126283297119,164260
501,0,0,0,0,de,ADP,11144093025662894627,164260
502,0,0,0,0,musique,NOUN,3519527216932634024,164260
503,.,PUNCT,12646065887601541794,164260,.,PUNCT,12646065887601541794,164260
504,0,0,0,0,Et,CCONJ,1620920187821177431,167260
505,La,DET,6239908149323985340,167260,la,DET,6804705863737483857,167260
506,notación,NOUN,1586485201253502164,167260,notation,NOUN,320313611992190066,167260
507,musical,ADJ,9315008164443532889,167260,musicale,ADJ,17196383333100236166,167260
508,me,PRON,18197037023634208128,167260,me,PRON,18197037023634208128,167260
509,traducir,VERB,9510148187370875259,167260,permet,VERB,14476316800645127232,167260
510,la,DET,6804705863737483857,167260,une,DET,16752500866415647,167260
511,información,NOUN,1261446803759541272,167260,approche,NOUN,6693421439574007851,167260
512,permite,VERB,17593434228953285536,167260,plus,ADV,2123754640991541914,167260
513,0,0,0,0,nuancée,ADJ,16043757317025645613,167260
514,de,ADP,11144093025662894627,170260,de,ADP,11144093025662894627,170260
515,más,ADV,13805553149795463782,170260,la,DET,6804705863737483857,170260
516,manera,NOUN,498987833452431579,170260,traduction,NOUN,8943962451862146794,170260
517,matizada,ADJ,6892774064906863968,170260,des,DET,6923696665978021163,170260
518,0,0,0,0,informations,NOUN,4610647947222657699,170260
519,sin,ADP,1903330255553929531,172260,sans,ADP,9657006580796694207,172260
520,0,0,0,0,les,DET,5902437463952755554,172260
521,comprometerla,NOUN,14727802196814105425,172260,compromettre,NOUN,11383059978946388387,172260
522,.,PUNCT,12646065887601541794,172260,.,PUNCT,12646065887601541794,172260
523,Todas,DET,16020424164391840426,174260,Donc,ADV,14176422658485151661,174260
524,hechas,ADJ,13529910884732549310,174260,toutes,ADJ,8915662839313692968,174260
525,estas,DET,16010204526465958382,174260,ces,DET,10477575395255680452,174260
526,partituras,NOUN,9400008430923825991,174260,partitions,NOUN,16469079153684910106,174260
527,están,AUX,9329291831938041508,174260,sont,AUX,2183785841973629617,174260
528,0,0,0,0,faites,VERB,15230793916649183275,174260
529,de,ADP,11144093025662894627,174260,de,ADP,11144093025662894627,174260
530,datos,NOUN,10932945580208112495,174260,données,NOUN,1471001329859234630,174260
531,meteorológicos,ADJ,31997028946321527,174260,du,DET,17166863280368009634,174260
532,0,0,0,0,temps,NOUN,8980423852226619333,174260
533,.,PUNCT,12646065887601541794,174260,.,PUNCT,12646065887601541794,174260
534,Cada,DET,11514517510091489081,176260,Chaque,DET,9709124193865638476,176260
535,color,NOUN,7045580820573707335,176260,couleur,NOUN,6241722481161640424,176260
536,",",PUNCT,2593208677638477497,176260,",",PUNCT,2593208677638477497,176260
537,cada,DET,9828466699353315767,176260,0,0,0,0
538,punto,NOUN,16111911401259624898,176260,point,NOUN,15479733260938818482,176260
539,",",PUNCT,2593208677638477497,176260,",",PUNCT,2593208677638477497,176260
540,cada,DET,9828466699353315767,176260,chaque,DET,7090854322111392997,176260
541,línea,NOUN,4206860300322802285,176260,ligne,NOUN,3507102877174068494,176260
542,es,AUX,10343076919720641053,178260,est,AUX,14619786160612475726,178260
543,un,DET,12188161997964598936,178260,un,DET,12188161997964598936,178260
544,dato,NOUN,15895059328637609736,178260,élément,NOUN,11955330342923151925,178260
545,meteorológico,ADJ,13309164417021485945,178260,météorologique,ADJ,12677953218267160904,178260
546,.,PUNCT,12646065887601541794,178260,.,PUNCT,12646065887601541794,178260
547,Y,CONJ,16961793518281001049,180260,Et,CCONJ,1620920187821177431,180260
548,juntas,ADJ,15162102785166197983,180260,ensemble,ADJ,14194716038716659002,180260
549,",",PUNCT,2593208677638477497,180260,",",PUNCT,2593208677638477497,180260
550,estas,DET,16010204526465958382,180260,ces,DET,10477575395255680452,180260
551,variables,NOUN,294471268756175407,180260,variables,NOUN,294471268756175407,180260
552,",",PUNCT,2593208677638477497,180260,0,0,0,0
553,forman,VERB,14294034560799483275,180260,construisent,VERB,770502363015533163,180260
554,una,DET,1019041181156623609,180260,la,DET,6804705863737483857,180260
555,partitura,NOUN,6926080561041950937,180260,partition,NOUN,18196979126283297119,180260
556,.,PUNCT,12646065887601541794,180260,.,PUNCT,12646065887601541794,180260
557,0,0,0,0,J',PRON,13625533891298606388,183260
558,0,0,0,0,utilise,VERB,11232671211387168695,183260
559,estas,DET,16010204526465958382,183260,ces,DET,10477575395255680452,183260
560,partituras,NOUN,9400008430923825991,183260,partitions,NOUN,16469079153684910106,183260
561,para,ADP,17491956544424926374,183260,pour,ADP,4302925298007755726,183260
562,colaborar,VERB,7742551582129672159,183260,collaborer,VERB,10113685025966557947,183260
563,con,ADP,6945313634251781056,183260,avec,ADP,18367549186037839347,183260
564,Uso,DET,11172581353750514833,183260,les,DET,5902437463952755554,183260
565,músicos,NOUN,653822764678974071,183260,musiciens,NOUN,1906572404462990803,183260
566,.,PUNCT,12646065887601541794,183260,.,PUNCT,12646065887601541794,183260
567,Aquí,ADV,3729451884872657713,185260,C',PRON,13529430013742482571,185260
568,está,VERB,4858725201161983290,185260,est,AUX,14619786160612475726,185260
569,el,DET,11488171005156075516,185260,le,DET,13361843836202591494,185260
570,Trío,PROPN,13887377642655294433,185260,trio,NOUN,1745947187891922166,185260
571,1913,NUM,5304217849937558737,185260,1913,NUM,5304217849937558737,185260
572,una,PRON,1019041181156623609,187260,qui,PRON,18025162834834030610,187260
573,interpretando,VERB,14566816083646271240,187260,joue,VERB,2336655198573448575,187260
574,mis,DET,5804976024871865433,187260,une,DET,16752500866415647,187260
575,de,ADP,11144093025662894627,187260,de,ADP,11144093025662894627,187260
576,0,0,0,0,mes,DET,11263725817377229159,187260
577,piezas,NOUN,8059998163911336335,187260,pièces,NOUN,7311727389228270672,187260
578,en,ADP,14626626061804382878,189260,à,ADP,1840659177240090782,189260
579,el,DET,11488171005156075516,189260,lArt,DET,9094868562885807271,189260
580,Museo,PROPN,6192412436293331066,189260,Museum,PROPN,3670483249584531413,189260
581,de,ADP,11144093025662894627,189260,de,ADP,11144093025662894627,189260
582,Arte,PROPN,3954749547651440075,189260,Milwaukee,PROPN,5222190126170972040,189260
583,de,ADP,11144093025662894627,189260,0,0,0,0
584,Milwaukee,PROPN,5222190126170972040,189260,0,0,0,0
585,.,PUNCT,12646065887601541794,189260,.,PUNCT,12646065887601541794,189260
586,Entre,ADP,9912137985669346266,191260,Pendant,ADP,4050031323557468123,191260
587,tanto,NOUN,12089613650839196169,191260,ce,DET,5293259605002647980,191260
588,uso,NOUN,6924770253814089593,191260,temps,NOUN,8980423852226619333,191260
589,",",PUNCT,2593208677638477497,191260,",",PUNCT,2593208677638477497,191260
590,partituras,NOUN,9400008430923825991,191260,j',PRON,7275302914444174311,191260
591,como,SCONJ,3817173063683202752,191260,utilise,VERB,11232671211387168695,191260
592,estas,DET,16010204526465958382,191260,les,DET,5902437463952755554,191260
593,planos,NOUN,1523495305546328278,191260,partitions,NOUN,16469079153684910106,191260
594,0,0,0,0,comme,ADP,6699011506843298584,191260
595,0,0,0,0,modèles,ADJ,3518690423814389260,191260
596,0,0,0,0,et,CCONJ,13620178847145827813,194260
597,traducir,VERB,9510148187370875259,194260,je,PRON,8612506203511071854,194260
598,0,0,0,0,les,DET,5902437463952755554,194260
599,como,SCONJ,3817173063683202752,194260,traduis,AUX,15723367075026589802,194260
600,para,ADP,17491956544424926374,194260,en,ADP,14626626061804382878,194260
601,esculturas,NOUN,4144057866004753111,194260,sculpture,NOUN,17592433476969138703,194260
602,en,ADP,14626626061804382878,194260,comme,ADP,6699011506843298584,194260
603,ésta,PRON,1990796806054069687,194260,celle,PRON,12052992585791594224,194260
604,0,0,0,0,-,PUNCT,9153284864653046197,194260
605,0,0,0,0,là,ADV,12844001651356581174,194260
606,0,0,0,0,",",PUNCT,2593208677638477497,194260
607,que,SCONJ,11474801393294414462,198260,cela,PRON,10113288157935512298,198260
608,siguen,AUX,1574721862207340135,198260,marche,NOUN,9449480076311620373,198260
609,actuando,VERB,12040420531998644388,198260,encore,ADV,11855764264454003551,198260
610,como,SCONJ,3817173063683202752,198260,dans,ADP,6959196919681770914,198260
611,0,0,0,0,la,DET,6804705863737483857,198260
612,0,0,0,0,mesure,NOUN,11093202090357598997,198260
613,0,0,0,0,où,PRON,779685322035147723,200260
614,meteorológicas,ADJ,133196694736281439,200260,c',PRON,3614287697118523228,200260
615,0,0,0,0,est,AUX,14619786160612475726,200260
616,0,0,0,0,une,DET,16752500866415647,200260
617,visualizaciones,NOUN,13300770406660905882,200260,représentation,NOUN,9595735375848104277,200260
618,tridimensionales,ADJ,17307771456060751435,200260,tridimensionnelle,ADJ,16843831557989276783,200260
619,0,0,0,0,de,ADP,11144093025662894627,200260
620,0,0,0,0,la,DET,6804705863737483857,200260
621,0,0,0,0,météo,NOUN,8815175252170585181,200260
622,0,0,0,0,",",PUNCT,2593208677638477497,200260
623,pero,CONJ,4949779210556390094,202260,mais,CCONJ,3927803321315481089,202260
624,ahora,ADV,12999935214748759028,202260,maintenant,ADV,17241113271459429164,202260
625,0,0,0,0,c',PRON,3614287697118523228,202260
626,incrustadas,ADJ,16973763544501828779,202260,est,AUX,14619786160612475726,202260
627,tienen,VERB,2033244237142066090,202260,inscrit,VERB,9968635432166685649,202260
628,0,0,0,0,dans,ADP,6959196919681770914,204260
629,la,DET,6804705863737483857,204260,la,DET,6804705863737483857,204260
630,matriz,NOUN,4620356251608654424,204260,matrice,NOUN,16213986995462621433,204260
631,visual,ADJ,10444258442823555684,204260,visuelle,ADJ,6644960973481265319,204260
632,de,ADP,11144093025662894627,204260,de,ADP,11144093025662894627,204260
633,la,DET,6804705863737483857,204260,la,DET,6804705863737483857,204260
634,partitura,NOUN,6926080561041950937,204260,partition,NOUN,18196979126283297119,204260
635,0,0,0,0,musicale,ADJ,17196383333100236166,204260
636,0,0,0,0,",",PUNCT,2593208677638477497,204260
637,y,CONJ,9409450202036847209,206260,donc,ADV,12385484051209961954,206260
638,por,ADP,18244196334509357400,206260,comme,ADP,6699011506843298584,206260
639,eso,PRON,12716495710533357957,206260,cela,PRON,10113288157935512298,206260
640,pueden,AUX,3596555404309920769,206260,être,AUX,198149567613473063,206260
641,leerse,ADJ,7771244595241088646,206260,lu,PUNCT,4102985031739683372,206260
642,como,SCONJ,3817173063683202752,206260,peut,VERB,18189483339446925138,206260
643,una,DET,1019041181156623609,206260,une,DET,16752500866415647,206260
644,partitura,NOUN,6926080561041950937,206260,partition,NOUN,18196979126283297119,206260
645,musical,ADJ,9315008164443532889,206260,0,0,0,0
646,.,PUNCT,12646065887601541794,206260,.,PUNCT,12646065887601541794,206260
647,Lo,DET,3892584616005055440,208260,Ce,PRON,10217257574287006157,208260
648,que,PRON,11474801393294414462,208260,que,PRON,11474801393294414462,208260
649,me,PRON,18197037023634208128,208260,j',PRON,7275302914444174311,208260
650,gusta,VERB,9342077789922592292,208260,aime,VERB,18239607334179078977,208260
651,de,ADP,11144093025662894627,208260,dans,ADP,6959196919681770914,208260
652,esta,DET,5821559423218928566,208260,ce,DET,5293259605002647980,208260
653,obra,NOUN,1571691593357301199,208260,travail,NOUN,464273237196873268,208260
654,0,0,0,0,c',PRON,3614287697118523228,210260
655,es,AUX,10343076919720641053,210260,est,AUX,14619786160612475726,210260
656,que,SCONJ,11474801393294414462,210260,que,SCONJ,11474801393294414462,210260
657,0,0,0,0,cela,PRON,10113288157935512298,210260
658,desafía,VERB,5516003156679676983,210260,remet,VERB,10025645922681179751,210260
659,0,0,0,0,en,ADP,14626626061804382878,210260
660,supuestos,NOUN,6138220979339941352,210260,cause,NOUN,2309615733100196421,210260
661,nuestros,DET,8277433627748971173,210260,nos,DET,6968452539944589995,210260
662,0,0,0,0,idées,NOUN,14023935294598501120,210260
663,0,0,0,0,préconçues,ADJ,257262787566701073,210260
664,sobre,ADP,11374976834714679510,212260,sur,ADP,14175982410302701706,212260
665,qué,DET,2438889091638947136,212260,ce,PRON,5293259605002647980,212260
666,tipo,NOUN,4791739812770415521,212260,qui,PRON,18025162834834030610,212260
667,pertenece,VERB,1946254785546589363,212260,appartient,VERB,15332337368425834519,212260
668,vocabulario,NOUN,15361512883463242986,212260,au,PROPN,11216685815786043991,212260
669,de,ADP,11144093025662894627,212260,vocabulaire,ADJ,1523511195220819953,212260
670,visual,ADJ,10444258442823555684,212260,visuel,ADJ,14561973141698552896,212260
671,al,ADP,8222700718889469974,212260,de,ADP,11144093025662894627,212260
672,",",PUNCT,2593208677638477497,212260,l',DET,11055277117081255759,212260
673,mundo,NOUN,4571220300153094564,212260,art,NOUN,3460763187682215441,212260
674,del,ADP,14178434899903659559,212260,par,ADP,11560817535472117264,212260
675,arte,NOUN,4103457093953722605,212260,rapport,NOUN,11699949094962989011,212260
676,y,CONJ,9409450202036847209,212260,à,ADP,1840659177240090782,212260
677,cuál,PRON,3783089809848070036,212260,celui,PRON,14163969729156170815,212260
678,a,ADP,11901859001352538922,212260,de,ADP,11144093025662894627,212260
679,la,DET,6804705863737483857,212260,la,DET,6804705863737483857,212260
680,ciencia,NOUN,7755546493683470704,212260,science,NOUN,15907409978124634296,212260
681,.,PUNCT,12646065887601541794,212260,.,PUNCT,12646065887601541794,212260
682,Esta,DET,17550470709053160143,215260,Cette,DET,14066494245523660814,215260
683,pieza,NOUN,3343345182969207681,215260,pièce,NOUN,10057596650863592807,215260
684,se,PRON,9839690450034771972,215260,se,PRON,9839690450034771972,215260
685,lee,VERB,9277175966331335243,215260,lit,VERB,8065424250576853507,215260
686,de,ADP,11144093025662894627,215260,là,ADV,12844001651356581174,215260
687,manera,NOUN,498987833452431579,215260,très,ADV,5241201599711993136,215260
688,muy,ADV,16868253375141016776,215260,différemment,ADV,6716045325650439938,215260
689,diferente,ADJ,10543369794962640264,215260,0,0,0,0
690,dependiendo,VERB,16052594146796181352,217260,en,ADP,14626626061804382878,217260
691,0,0,0,0,fonction,NOUN,6647604195226979619,217260
692,de,ADP,11144093025662894627,217260,de,ADP,11144093025662894627,217260
693,dónde,PRON,6856878951636379398,217260,là,ADV,12844001651356581174,217260
694,la,PRON,6804705863737483857,217260,où,PRON,779685322035147723,217260
695,se,PRON,9839690450034771972,217260,elle,PRON,9260199389753928846,217260
696,0,0,0,0,est,AUX,14619786160612475726,217260
697,coloque,VERB,18090476056870190823,217260,placée,VERB,7353447996057653050,217260
698,.,PUNCT,12646065887601541794,217260,.,PUNCT,12646065887601541794,217260
699,Si,SCONJ,17232677785023700288,219260,Dans,ADP,7599904022328638024,219260
700,se,PRON,9839690450034771972,219260,un,DET,12188161997964598936,219260
701,la,PRON,6804705863737483857,219260,musée,NOUN,11558247677398791169,219260
702,coloca,VERB,10608920768399681719,219260,0,0,0,0
703,en,ADP,14626626061804382878,219260,d',ADP,18329478872494918915,219260
704,un,DET,12188161997964598936,219260,une,DET,16752500866415647,219260
705,museo,NOUN,13371075610232703180,219260,art,NOUN,3460763187682215441,219260
706,de,ADP,11144093025662894627,219260,est,AUX,14619786160612475726,219260
707,arte,NOUN,4103457093953722605,219260,sculpture,NOUN,17592433476969138703,219260
708,",",PUNCT,2593208677638477497,219260,",",PUNCT,2593208677638477497,219260
709,se,PRON,9839690450034771972,219260,c',PRON,3614287697118523228,219260
710,vuelve,VERB,15767164486210120757,219260,0,0,0,0
711,escultura,NOUN,12199055884939259788,219260,0,0,0,0
712,.,PUNCT,12646065887601541794,219260,.,PUNCT,12646065887601541794,219260
713,Si,SCONJ,17232677785023700288,221260,0,0,0,0
714,se,PRON,9839690450034771972,221260,0,0,0,0
715,la,PRON,6804705863737483857,221260,0,0,0,0
716,coloca,VERB,10608920768399681719,221260,0,0,0,0
717,en,ADP,14626626061804382878,221260,de,ADP,11144093025662894627,221260
718,un,DET,12188161997964598936,221260,un,DET,12188161997964598936,221260
719,museo,NOUN,13371075610232703180,221260,science,NOUN,15907409978124634296,221260
720,de,ADP,11144093025662894627,221260,Dans,ADP,7599904022328638024,221260
721,ciencias,NOUN,3502711777541729010,221260,musée,NOUN,11558247677398791169,221260
722,",",PUNCT,2593208677638477497,221260,",",PUNCT,2593208677638477497,221260
723,se,PRON,9839690450034771972,223260,c',PRON,3614287697118523228,223260
724,vuelve,VERB,15767164486210120757,223260,est,AUX,14619786160612475726,223260
725,una,DET,1019041181156623609,223260,une,DET,16752500866415647,223260
726,visualización,NOUN,7004347985206631651,223260,visualisation,NOUN,8685945563154753145,223260
727,tridimensional,ADJ,18114525493303730700,223260,tridimensionnelle,ADJ,16843831557989276783,223260
728,de,ADP,11144093025662894627,223260,de,ADP,11144093025662894627,223260
729,datos,NOUN,10932945580208112495,223260,données,NOUN,1471001329859234630,223260
730,.,PUNCT,12646065887601541794,223260,.,PUNCT,12646065887601541794,223260
731,Si,SCONJ,17232677785023700288,226260,Dans,ADP,7599904022328638024,226260
732,se,PRON,9839690450034771972,226260,0,0,0,0
733,la,PRON,6804705863737483857,226260,salle,NOUN,9188255723464028610,226260
734,coloca,VERB,10608920768399681719,226260,0,0,0,0
735,en,ADP,14626626061804382878,226260,de,ADP,11144093025662894627,226260
736,un,DET,12188161997964598936,226260,une,DET,16752500866415647,226260
737,teatro,NOUN,17298980487145510999,226260,concert,NOUN,1576396201667553990,226260
738,musical,ADJ,9315008164443532889,226260,",",PUNCT,2593208677638477497,226260
739,se,PRON,9839690450034771972,228260,cela,PRON,10113288157935512298,228260
740,transforma,VERB,6335633246016018381,228260,devient,VERB,6667260681432206778,228260
741,de,ADP,11144093025662894627,228260,d',ADP,18329478872494918915,228260
742,en,ADP,14626626061804382878,228260,un,DET,12188161997964598936,228260
743,repente,NOUN,7385051208898963780,228260,coup,NOUN,8245260739548112087,228260
744,una,DET,1019041181156623609,228260,une,DET,16752500866415647,228260
745,partitura,NOUN,6926080561041950937,228260,partition,NOUN,18196979126283297119,228260
746,0,0,0,0,musicale,ADJ,17196383333100236166,228260
747,.,PUNCT,12646065887601541794,228260,.,PUNCT,12646065887601541794,228260
748,Y,CONJ,16961793518281001049,230260,Et,CCONJ,1620920187821177431,230260
749,eso,PRON,12716495710533357957,230260,j',PRON,7275302914444174311,230260
750,gusta,VERB,9342077789922592292,230260,aime,VERB,18239607334179078977,230260
751,mucho,ADV,3038928633385455635,230260,beaucoup,ADV,9766336526659121080,230260
752,me,PRON,18197037023634208128,230260,cela,PRON,10113288157935512298,230260
753,0,0,0,0,",",PUNCT,2593208677638477497,230260
754,porque,SCONJ,5757082442330786044,232260,parce,SCONJ,3029210411987363175,232260
755,0,0,0,0,que,SCONJ,11474801393294414462,232260
756,al,ADP,8222700718889469974,232260,le,DET,13361843836202591494,232260
757,espectador,NOUN,1095806529620290465,232260,spectateur,NOUN,11408120154033876325,232260
758,desafía,VERB,5516003156679676983,232260,a,VERB,11901859001352538922,232260
759,0,0,0,0,un,DET,12188161997964598936,232260
760,0,0,0,0,vrai,ADJ,17524364835280506940,232260
761,0,0,0,0,défi,NOUN,3150313929778272915,232260
762,a,ADP,11901859001352538922,234260,de,ADP,11144093025662894627,234260
763,determinar,AUX,16779818654651908548,234260,reconnaître,VERB,17189145351149098195,234260
764,0,0,0,0,si,SCONJ,13884469947995795204,234260
765,qué,DET,2438889091638947136,234260,le,DET,13361843836202591494,234260
766,lenguaje,NOUN,10460330842317540589,234260,langage,NOUN,4926336815180587677,234260
767,visual,ADJ,10444258442823555684,234260,visuel,ADJ,14561973141698552896,234260
768,ciencia,NOUN,7755546493683470704,236260,appartient,NOUN,15332337368425834519,236260
769,es,AUX,10343076919720641053,236260,à,ADP,1840659177240090782,236260
770,",",PUNCT,2593208677638477497,236260,la,DET,6804705863737483857,236260
771,arte,NOUN,4103457093953722605,236260,science,NOUN,15907409978124634296,236260
772,o,CONJ,1489474827855109852,236260,ou,CCONJ,7904677917145870628,236260
773,0,0,0,0,à,ADP,1840659177240090782,236260
774,0,0,0,0,la,DET,6804705863737483857,236260
775,música,NOUN,15167417241790394718,236260,musique,NOUN,3519527216932634024,236260
776,.,PUNCT,12646065887601541794,236260,.,PUNCT,12646065887601541794,236260
777,La,DET,6239908149323985340,238260,L',DET,7927797470563099839,238260
778,otra,DET,17380649040506909729,238260,autre,ADJ,5188504825155044570,238260
779,razón,NOUN,14793312081528560500,238260,raison,NOUN,15387666698244680117,238260
780,por,ADP,18244196334509357400,238260,pour,ADP,4302925298007755726,238260
781,la,DET,6804705863737483857,238260,laquelle,PRON,17478342198274008676,238260
782,que,PRON,11474801393294414462,238260,j',PRON,7275302914444174311,238260
783,gusta,VERB,9342077789922592292,238260,aime,VERB,18239607334179078977,238260
784,tanto,ADV,12089613650839196169,238260,vraiment,ADV,5673541881756200603,238260
785,me,PRON,18197037023634208128,238260,cela,PRON,10113288157935512298,238260
786,0,0,0,0,c',PRON,3614287697118523228,240260
787,es,AUX,10343076919720641053,240260,est,AUX,14619786160612475726,240260
788,porque,SCONJ,5757082442330786044,240260,parce,SCONJ,3029210411987363175,240260
789,0,0,0,0,que,SCONJ,11474801393294414462,240260
790,0,0,0,0,cela,PRON,10113288157935512298,240260
791,ofrece,VERB,11204248123255914992,240260,donne,VERB,12509200390568765093,240260
792,un,DET,12188161997964598936,240260,un,DET,12188161997964598936,240260
793,alternativo,ADJ,193723700564646254,240260,autre,ADJ,5188504825155044570,240260
794,entrada,NOUN,11025235108986173795,240260,point,NOUN,15479733260938818482,240260
795,de,ADP,11144093025662894627,240260,d',ADP,18329478872494918915,240260
796,punto,NOUN,16111911401259624898,240260,entrée,NOUN,10417676352468783343,240260
797,a,ADP,11901859001352538922,243260,dans,ADP,6959196919681770914,243260
798,la,DET,6804705863737483857,243260,la,DET,6804705863737483857,243260
799,complejidad,NOUN,15675808577940814463,243260,complexité,NOUN,1784145376195859485,243260
800,de,ADP,11144093025662894627,243260,de,ADP,11144093025662894627,243260
801,la,DET,6804705863737483857,243260,la,DET,6804705863737483857,243260
802,ciencia,NOUN,7755546493683470704,243260,science,NOUN,15907409978124634296,243260
803,.,PUNCT,12646065887601541794,243260,.,PUNCT,12646065887601541794,243260
804,Y,CONJ,16961793518281001049,245260,Et,CCONJ,1620920187821177431,245260
805,todos,PRON,5361417614589746890,245260,tout,ADJ,15661096398690594318,245260
806,un,DET,12188161997964598936,245260,le,DET,13361843836202591494,245260
807,doctorado,NOUN,11240311067360428767,245260,monde,NOUN,6271367927324676804,245260
808,no,ADV,13055779130471031426,245260,n',ADV,6790753473526118935,245260
809,tienen,VERB,2033244237142066090,245260,a,VERB,11901859001352538922,245260
810,0,0,0,0,pas,ADV,162626740300448766,245260
811,0,0,0,0,un,DET,12188161997964598936,245260
812,ciencias,NOUN,3502711777541729010,245260,doctorat,NOUN,8584436445544183903,245260
813,en,ADP,14626626061804382878,245260,en,ADP,14626626061804382878,245260
814,0,0,0,0,science,NOUN,15907409978124634296,245260
815,.,PUNCT,12646065887601541794,245260,.,PUNCT,12646065887601541794,245260
816,Por,ADP,623830814368950614,247260,Donc,ADV,14176422658485151661,247260
817,para,ADP,17491956544424926374,247260,pour,ADP,4302925298007755726,247260
818,eso,PRON,12716495710533357957,247260,moi,PRON,3970053486024285833,247260
819,0,0,0,0,",",PUNCT,2593208677638477497,247260
820,mí,PRON,12975109311118457898,247260,c',PRON,3614287697118523228,247260
821,fue,AUX,6922200418372124953,247260,est,AUX,14619786160612475726,247260
822,una,DET,1019041181156623609,247260,ma,DET,14862970882317863919,247260
823,vía,NOUN,15346846436319746047,247260,manière,NOUN,14429809162322607943,247260
824,de,ADP,11144093025662894627,247260,de,ADP,11144093025662894627,247260
825,0,0,0,0,l',DET,11055277117081255759,247260
826,entrada,NOUN,11025235108986173795,247260,aborder,NOUN,5800629440956895295,247260
827,.,PUNCT,12646065887601541794,247260,.,PUNCT,12646065887601541794,247260
828,Gracias,NOUN,13343105967155848449,249260,Merci,NOUN,2672130808398831532,249260
829,.,PUNCT,12646065887601541794,249260,.,PUNCT,12646065887601541794,249260
830,(,PUNCT,12638816674900267446,251260,(,PUNCT,12638816674900267446,251260
831,Aplausos,PROPN,5625793903345412492,251260,Applaudissements,NOUN,16691945809985430977,251260
832,),PUNCT,3842344029291005339,251260,),PUNCT,3842344029291005339,251260
