,en,en,en,en,es,es,es,es
,0,1,2,3,0,1,2,3
0,I,PRON,23.773929595947266,12000,convertirme,NOUN,33.23837661743164,13119
1,always,ADV,24.012819290161133,12000,Siempre,ADV,35.601863861083984,13119
2,wanted,VERB,23.20968246459961,12000,quise,VERB,34.52861785888672,13119
3,to,PART,23.196210861206055,12000,en,ADP,34.382755279541016,15027
4,become,VERB,24.84499740600586,12000,laboratorio,NOUN,32.469703674316406,15027
5,a,DET,21.8934383392334,12000,un,DET,37.725223541259766,15027
6,walking,VERB,21.1032657623291,12000,ambulante,ADJ,33.23822021484375,15027
7,laboratory,NOUN,21.070966720581055,12000,compromiso,NOUN,33.76811981201172,15027
8,of,ADP,23.722522735595703,12000,de,ADP,29.27921485900879,15027
9,social,ADJ,19.906391143798828,12000,social,ADJ,34.267616271972656,15027
10,engagement,NOUN,16.655113220214844,12000,eco,NOUN,30.518186569213867,17867
11,:,PUNCT,18.045473098754883,12000,",",PUNCT,30.186105728149414,15027
12,to,PART,22.978899002075195,18313,hacerme,PROPN,32.076995849609375,17867
13,resonate,VERB,24.512500762939453,18313,para,ADP,33.736209869384766,17867
14,other,ADJ,22.820341110229492,18313,de,ADP,30.982648849487305,17867
15,people,NOUN,20.83749008178711,18313,sentimientos,NOUN,34.84089279174805,17867
16,'s,PART,25.904611587524414,18313,los,DET,35.50215530395508,17867
17,feelings,NOUN,20.988330841064453,18313,pensamientos,NOUN,34.520965576171875,17867
18,",",PUNCT,22.55687713623047,18313,",",PUNCT,30.5511531829834,17867
19,thoughts,NOUN,21.92235565185547,18313,intenciones,NOUN,33.317134857177734,17867
20,",",PUNCT,22.930130004882812,18313,",",PUNCT,32.57626724243164,17867
21,intentions,NOUN,21.966754913330078,18313,motivaciones,NOUN,32.36626052856445,21943
22,",",PUNCT,22.418716430664062,18313,y,CONJ,34.6904411315918,21943
23,motivations,NOUN,19.590890884399414,18313,personas,NOUN,36.61045455932617,21943
24,",",PUNCT,18.9423770904541,18313,.,PUNCT,32.56379318237305,21943
25,in,ADP,20.05832290649414,23707,de,ADP,31.09571075439453,21943
26,the,DET,24.25115203857422,23707,otras,DET,35.43095779418945,21943
27,act,NOUN,19.947019577026367,23707,científico,NOUN,30.02872085571289,26999
28,of,ADP,21.45353889465332,23707,con,ADP,31.747634887695312,21943
29,being,AUX,23.039384841918945,23707,estar,VERB,34.4068489074707,21943
30,with,ADP,21.211753845214844,23707,al,ADP,36.14671325683594,21943
31,them,PRON,24.73516845703125,23707,ellas,PRON,34.693626403808594,21943
32,.,PUNCT,21.614540100097656,23707,",",PUNCT,29.233110427856445,26999
33,As,SCONJ,22.6386775970459,26999,Como,SCONJ,34.118751525878906,26999
34,a,DET,24.639554977416992,26999,esa,DET,34.52924728393555,26999
35,scientist,NOUN,20.63058853149414,26999,repercusión,NOUN,31.774606704711914,26999
36,",",PUNCT,21.352432250976562,26999,",",PUNCT,30.849788665771484,26999
37,I,PRON,23.012130737304688,26999,otro,PRON,33.62946701049805,32879
38,always,ADV,24.212385177612305,26999,siempre,ADV,35.58701705932617,26999
39,wanted,VERB,23.843433380126953,26999,medir,VERB,35.488468170166016,26999
40,to,PART,23.28013801574707,26999,del,ADP,33.422245025634766,32879
41,measure,VERB,23.893667221069336,26999,quise,VERB,33.332942962646484,26999
42,that,DET,21.000446319580078,26999,ese,DET,36.81559371948242,32879
43,resonance,NOUN,18.648523330688477,26999,sentido,NOUN,32.164669036865234,32879
44,",",PUNCT,21.116600036621094,26999,que,PRON,34.6937370300293,32879
45,that,DET,21.318470001220703,32776,sucede,VERB,36.85282516479492,32879
46,sense,NOUN,18.831274032592773,32776,abrir,NOUN,29.57045555114746,35377
47,of,ADP,22.12651252746582,32776,en,ADP,34.619503021240234,35377
48,the,DET,20.26974868774414,32776,",",PUNCT,30.79680633544922,32879
49,other,ADJ,19.550947189331055,32776,rápido,ADJ,33.7087516784668,32879
50,that,DET,18.463045120239258,32776,un,DET,33.50797653198242,35377
51,happens,VERB,23.420955657958984,32776,cerrar,VERB,32.73492431640625,35377
52,so,ADV,21.702564239501953,32776,y,CONJ,31.915422439575195,35377
53,quickly,ADV,22.04476547241211,32776,tan,ADV,36.685489654541016,32879
54,",",PUNCT,20.215953826904297,32776,.,PUNCT,32.3513069152832,35377
55,in,ADP,20.429458618164062,35418,de,ADP,33.65291213989258,35377
56,the,DET,23.479869842529297,35418,los,DET,36.95355987548828,37682
57,blink,NOUN,20.077091217041016,35418,ojos,NOUN,32.50602340698242,35377
58,of,ADP,21.989957809448242,35418,de,ADP,32.45645523071289,37682
59,an,DET,22.47626304626465,35418,otras,DET,35.107749938964844,37682
60,eye,NOUN,20.878856658935547,35418,sentimientos,NOUN,35.5108528137207,37682
61,.,PUNCT,22.440038681030273,35418,.,PUNCT,33.570823669433594,37682
62,We,PRON,24.864299774169922,37682,personas,NOUN,36.15862274169922,37682
63,intuit,VERB,21.297033309936523,37682,Intuimos,VERB,30.263402938842773,37682
64,other,ADJ,22.90092658996582,37682,Sabemos,VERB,31.298505783081055,40032
65,people,NOUN,20.939849853515625,37682,significado,NOUN,29.814117431640625,40032
66,'s,PART,25.49454689025879,37682,el,DET,35.283138275146484,40032
67,feelings,NOUN,21.530942916870117,37682,acciones,NOUN,35.83030319213867,40032
68,;,PUNCT,17.316211700439453,37682,de,ADP,29.054454803466797,40032
69,we,PRON,24.20199203491211,40032,incluso,ADV,34.67763900756836,41019
70,know,VERB,24.444198608398438,40032,antes,ADV,34.03630447387695,41019
71,the,DET,22.7266845703125,40032,sus,DET,33.10312271118164,40032
72,meaning,NOUN,19.92422866821289,40032,que,SCONJ,33.7538948059082,41019
73,of,ADP,24.792543411254883,40032,de,ADP,30.51335906982422,41019
74,their,DET,24.085031509399414,40032,esa,DET,37.17262268066406,43959
75,actions,NOUN,23.849231719970703,40032,posición,NOUN,35.434181213378906,43959
76,even,ADV,23.62639045715332,40032,Siempre,ADV,34.43508529663086,43959
77,before,ADP,19.844974517822266,40032,en,ADP,35.96813201904297,43959
78,they,PRON,26.14604949951172,40032,estamos,AUX,33.228790283203125,43959
79,happen,VERB,20.62236976623535,40032,sucedan,VERB,36.29307174682617,41019
80,.,PUNCT,21.867591857910156,40032,.,PUNCT,33.1785888671875,41019
81,We,PRON,23.38408851623535,43959,de,ADP,32.32072830200195,43959
82,'re,AUX,22.37552833557129,43959,ser,AUX,35.061248779296875,43959
83,always,ADV,21.053268432617188,43959,Siempre,ADV,34.210609436035156,48828
84,in,ADP,21.189504623413086,43959,de,ADP,31.353775024414062,45857
85,this,DET,25.663612365722656,43959,la,DET,33.38656997680664,45857
86,stance,NOUN,19.682058334350586,43959,subjetividad,NOUN,29.776535034179688,45857
87,of,ADP,21.05868911743164,45729,de,ADP,31.628955841064453,45857
88,being,AUX,25.60623550415039,45729,otro,PRON,34.13457489013672,45857
89,the,DET,22.398962020874023,45729,.,PUNCT,33.04885482788086,45857
90,object,NOUN,19.54903793334961,45729,objeto,NOUN,30.04355239868164,45857
91,of,ADP,25.26942253112793,45729,de,ADP,32.78104782104492,48828
92,somebody,PRON,20.666688919067383,45729,lo,PRON,31.67226791381836,48828
93,else,ADV,21.44546890258789,45729,No,ADV,34.27699661254883,48828
94,'s,PART,21.389448165893555,45729,hacemos,VERB,33.56448745727539,48828
95,subjectivity,NOUN,19.013816833496094,45729,lado,NOUN,31.183839797973633,48828
96,.,PUNCT,20.922306060791016,45729,.,PUNCT,33.0642204284668,48828
97,We,PRON,23.749502182006836,48835,dejarlo,VERB,33.35923767089844,48828
98,do,AUX,22.432668685913086,48835,podemos,AUX,35.469749450683594,48828
99,that,SCONJ,20.345203399658203,48835,que,SCONJ,31.811967849731445,52025
100,all,DET,20.562068939208984,48835,Es,AUX,34.008338928222656,52025
101,the,DET,22.03070068359375,48835,las,DET,33.098331451416016,52025
102,time,NOUN,19.36797523498535,48835,herramientas,NOUN,34.64422607421875,52025
103,.,PUNCT,20.748558044433594,48835,.,PUNCT,32.208961486816406,48828
104,We,PRON,24.725065231323242,48835,importante,ADJ,36.15302276611328,52025
105,just,ADV,22.541433334350586,48835,tan,ADV,36.643150329589844,52025
106,ca,VERB,23.604543685913086,48835,usadas,ADJ,33.22859191894531,52025
107,n't,PART,26.705116271972656,48835,para,ADP,35.847633361816406,53676
108,shake,VERB,23.929527282714844,48835,entender,VERB,36.31647491455078,53676
109,it,PRON,23.569156646728516,48835,entendernos,NOUN,32.61703872680664,53676
110,off,ADP,22.00043487548828,48835,para,ADP,35.172767639160156,53676
111,.,PUNCT,22.707630157470703,48835,",",PUNCT,31.07859230041504,53676
112,It,PRON,22.633955001831055,52025,ellos,PRON,34.273616790771484,56079
113,'s,AUX,22.210779190063477,52025,está,AUX,35.53361129760742,56079
114,so,ADV,26.90450668334961,52025,alrededor,ADV,34.805233001708984,56079
115,important,ADJ,27.0106143951416,52025,de,ADP,29.9161434173584,56079
116,that,SCONJ,20.339067459106445,52025,",",PUNCT,32.18721389770508,56079
117,the,DET,21.17450714111328,52025,el,DET,35.41325378417969,56079
118,very,ADJ,18.6948299407959,52025,determinado,ADJ,34.776275634765625,56079
119,tools,NOUN,19.880796432495117,52025,mundo,NOUN,30.64093589782715,56079
120,we,PRON,23.102781295776367,52025,por,ADP,34.30630874633789,56079
121,use,VERB,23.175430297851562,52025,esa,DET,36.522891998291016,56079
122,to,PART,23.036087036132812,52025,posición,NOUN,33.27156066894531,56079
123,understand,VERB,23.896291732788086,52025,sociales,ADJ,31.868057250976562,60226
124,ourselves,PRON,20.36145782470703,52025,Somos,AUX,31.996089935302734,60226
125,",",PUNCT,20.295677185058594,52025,.,PUNCT,32.97475814819336,56079
126,to,PART,21.956275939941406,55748,hasta,ADP,34.95006561279297,60226
127,understand,VERB,22.574798583984375,55748,la,DET,33.31325149536133,60226
128,the,DET,21.70016860961914,55748,Mi,DET,33.18244934082031,63460
129,world,NOUN,20.551233291625977,55748,médula,NOUN,30.29915428161621,60226
130,around,ADP,23.1115779876709,55748,en,ADP,33.08488464355469,63460
131,us,PRON,23.86636734008789,55748,viaje,NOUN,32.30866241455078,63460
132,",",PUNCT,20.498292922973633,55748,.,PUNCT,33.49494552612305,60226
133,are,AUX,23.153682708740234,57599,el,DET,34.680816650390625,63460
134,shaped,VERB,22.09069061279297,57599,comenzó,VERB,33.23671340942383,63460
135,by,ADP,21.96973419189453,57599,en,ADP,34.22991943359375,66234
136,that,DET,21.5488338470459,57599,una,DET,35.314231872558594,66234
137,stance,NOUN,20.105270385742188,57599,autismo,NOUN,31.546594619750977,63460
138,.,PUNCT,20.999536514282227,57599,cuando,SCONJ,34.04060745239258,63460
139,We,PRON,24.137218475341797,60226,vivía,VERB,34.008445739746094,63460
140,are,AUX,24.247827529907227,60226,unidad,NOUN,33.66238784790039,66234
141,social,ADJ,19.746999740600586,60226,residencial,ADJ,31.719785690307617,66234
142,to,ADP,21.65003204345703,60226,para,ADP,33.536712646484375,66234
143,the,DET,21.880630493164062,60226,adultos,NOUN,33.40620422363281,66234
144,core,NOUN,18.095962524414062,60226,autismo,NOUN,30.349790573120117,66234
145,.,PUNCT,21.511953353881836,60226,.,PUNCT,32.197818756103516,66234
146,So,ADV,19.712444305419922,63572,con,ADP,33.477745056152344,66234
147,my,DET,21.90747833251953,63572,La,DET,35.20719909667969,69811
148,journey,NOUN,19.950483322143555,63572,mayoría,NOUN,30.947193145751953,69811
149,in,ADP,22.03106117248535,63572,de,ADP,31.16254425048828,69811
150,autism,NOUN,20.206789016723633,63572,individuos,NOUN,36.06678771972656,69811
151,really,ADV,23.36214256286621,63572,esos,DET,35.08540344238281,69811
152,started,VERB,22.240158081054688,63572,pasado,VERB,34.33979797363281,69811
153,when,ADV,23.122671127319336,66047,había,AUX,33.593345642089844,69811
154,I,PRON,25.302583694458008,66047,la,DET,33.678043365478516,69811
155,lived,VERB,24.822145462036133,66047,parte,NOUN,32.51662063598633,69811
156,in,ADP,22.19826316833496,66047,de,ADP,29.91559600830078,69811
157,a,DET,23.349205017089844,66047,su,DET,34.39366149902344,69811
158,residential,ADJ,21.880903244018555,66047,mayor,ADJ,35.678035736083984,69811
159,unit,NOUN,19.823457717895508,66047,vida,NOUN,32.2291374206543,69811
160,for,ADP,22.788368225097656,66047,en,ADP,33.93690872192383,73129
161,adults,NOUN,20.979869842529297,66047,hospitales,NOUN,33.31616973876953,73129
162,with,ADP,23.075336456298828,66047,para,ADP,32.69501876831055,73129
163,autism,NOUN,19.730730056762695,66047,enfermos,NOUN,33.93781280517578,73129
164,.,PUNCT,21.53606414794922,66047,.,PUNCT,33.02348709106445,73129
165,Most,ADJ,21.10404396057129,70068,larga,ADJ,33.2342529296875,73129
166,of,ADP,23.444087982177734,70068,de,ADP,32.350128173828125,73129
167,those,DET,25.387348175048828,70068,mucho,DET,36.83198165893555,73129
168,individuals,NOUN,23.121191024780273,70068,duración,NOUN,33.34762954711914,73129
169,had,AUX,21.11652183532715,70068,esto,PRON,33.071617126464844,73129
170,spent,VERB,23.806962966918945,70068,hace,VERB,34.90701675415039,73129
171,most,ADJ,21.632436752319336,70068,Y,CONJ,31.035551071166992,77021
172,of,ADP,23.35881996154785,70068,De,ADP,31.98873519897461,73129
173,their,DET,23.188838958740234,70068,.,PUNCT,31.38402557373047,73129
174,lives,NOUN,19.378934860229492,70068,tiempo,NOUN,34.64775848388672,73129
175,in,ADP,19.758413314819336,73183,para,ADP,34.890316009521484,77021
176,long,ADJ,21.162282943725586,73183,devastador,ADJ,32.377567291259766,77021
177,-,PUNCT,22.751327514648438,73183,",",PUNCT,31.049884796142578,77021
178,stay,NOUN,19.693159103393555,73183,ellos,PRON,33.72584533691406,77021
179,hospitals,NOUN,22.843942642211914,73183,autismo,NOUN,30.586679458618164,77021
180,.,PUNCT,20.411787033081055,73183,.,PUNCT,32.35988235473633,77021
181,This,DET,23.264286041259766,74692,el,DET,36.1226921081543,77021
182,is,AUX,24.34848403930664,74692,era,AUX,32.925048828125,77021
183,a,DET,24.76414680480957,74692,Tenían,VERB,32.57255172729492,81303
184,long,ADJ,21.206655502319336,74692,profundas,ADJ,36.871055603027344,81303
185,time,NOUN,20.88881492614746,74692,discapacidades,NOUN,36.2570686340332,81303
186,ago,ADV,20.12915802001953,74692,No,ADV,33.429527282714844,84558
187,.,PUNCT,22.32914161682129,74692,.,PUNCT,34.75307846069336,81303
188,And,CCONJ,20.881120681762695,77021,hablaban,VERB,30.705284118652344,84558
189,for,ADP,22.291200637817383,77021,por,ADP,31.174318313598633,84558
190,them,PRON,22.978147506713867,77021,Pero,CONJ,32.10918045043945,84558
191,",",PUNCT,20.648250579833984,77021,.,PUNCT,31.89384651184082,84558
192,autism,NOUN,18.866188049316406,77021,sobre,ADP,30.270505905151367,84558
193,was,AUX,24.983110427856445,77021,estaban,AUX,34.1088981628418,87860
194,devastating,ADJ,20.86113929748535,77021,intelectuales,ADJ,35.00543975830078,81303
195,.,PUNCT,22.4008731842041,77021,",",PUNCT,29.250690460205078,84558
196,They,PRON,24.888349533081055,81395,todo,PRON,33.29298400878906,84558
197,had,AUX,25.32366943359375,81395,extremadamente,ADV,37.73643493652344,87860
198,profound,ADJ,21.112796783447266,81395,aislados,ADJ,35.97270584106445,87860
199,intellectual,ADJ,21.79644203186035,81395,del,ADP,33.68262481689453,91690
200,disabilities,NOUN,21.986066818237305,81395,mundo,NOUN,30.579509735107422,91690
201,.,PUNCT,21.402982711791992,81395,a,ADP,32.429420471191406,91690
202,They,PRON,24.67290687561035,84558,su,DET,31.560300827026367,91690
203,did,AUX,24.64397430419922,84558,alrededor,NOUN,28.76070213317871,91690
204,n't,PART,24.194841384887695,84558,su,DET,33.61583709716797,91690
205,talk,VERB,20.775222778320312,84558,de,ADP,32.207977294921875,91690
206,.,PUNCT,20.461334228515625,84558,",",PUNCT,31.24015235900879,91690
207,But,CCONJ,21.74233055114746,86310,ambiente,NOUN,30.767948150634766,91690
208,most,ADJ,21.248184204101562,86310,y,CONJ,31.445606231689453,94931
209,of,ADP,22.754804611206055,86310,de,ADP,32.659236907958984,94931
210,all,DET,20.97089958190918,86310,la,DET,32.10395812988281,94931
211,",",PUNCT,21.613086700439453,86310,.,PUNCT,32.88644790649414,94931
212,they,PRON,23.556577682495117,88217,gente,NOUN,31.537992477416992,94931
213,were,AUX,25.08269500732422,88217,De,ADP,33.43171310424805,97392
214,extraordinarily,ADV,24.8729248046875,88217,hecho,NOUN,30.617107391357422,97392
215,isolated,VERB,23.978137969970703,88217,",",PUNCT,29.204448699951172,97392
216,from,ADP,25.125795364379883,88217,en,ADP,34.49394989013672,97392
217,the,DET,22.831758499145508,88217,ese,DET,36.549808502197266,97392
218,world,NOUN,20.54353141784668,88217,momento,NOUN,33.30426025390625,97392
219,around,ADP,22.868867874145508,88217,si,SCONJ,33.896888732910156,97392
220,them,PRON,24.081069946289062,88217,uno,PRON,33.89439010620117,97392
221,",",PUNCT,21.131834030151367,88217,",",PUNCT,28.94732093811035,97392
222,from,ADP,22.90262794494629,93170,a,ADP,32.616722106933594,97392
223,their,DET,23.33620834350586,93170,una,DET,34.890846252441406,97392
224,environment,NOUN,21.062782287597656,93170,escuela,NOUN,31.105728149414062,97392
225,and,CCONJ,21.346277236938477,95031,entraba,VERB,35.5786247253418,97392
226,from,ADP,21.313255310058594,95031,para,ADP,33.15503692626953,100244
227,the,DET,22.67656898498535,95031,mucho,DET,36.66956329345703,100244
228,people,NOUN,20.378503799438477,95031,individuos,NOUN,35.75118637084961,100244
229,.,PUNCT,21.754867553710938,95031,",",PUNCT,30.40019989013672,100244
230,In,ADP,21.353321075439453,97392,con,ADP,33.44169616699219,100244
231,fact,NOUN,21.21608543395996,97392,autismo,NOUN,29.017494201660156,100244
232,",",PUNCT,20.131155014038086,97392,",",PUNCT,29.10712432861328,100244
233,at,ADP,21.664228439331055,97392,escuchaba,VERB,36.98980712890625,100244
234,the,DET,20.900672912597656,97392,mucho,DET,35.130165100097656,104267
235,time,NOUN,18.34841537475586,97392,ruido,NOUN,32.64205551147461,100244
236,",",PUNCT,21.133037567138672,97392,",",PUNCT,30.186359405517578,104267
237,if,SCONJ,21.10088348388672,97392,alboroto,NOUN,30.437345504760742,104267
238,you,PRON,25.035072326660156,97392,se,PRON,32.69719696044922,100244
239,walked,VERB,24.37180519104004,97392,haciendo,VERB,34.223514556884766,104267
240,into,ADP,19.908193588256836,97392,",",PUNCT,30.934070587158203,104267
241,a,DET,21.206193923950195,97392,gente,NOUN,28.695674896240234,104267
242,school,NOUN,18.90073013305664,97392,acciones,NOUN,33.19911575317383,104267
243,for,ADP,21.763517379760742,100243,pero,CONJ,34.962684631347656,109730
244,individuals,NOUN,21.915781021118164,100243,cosas,NOUN,32.80644607543945,104267
245,with,ADP,23.742094039916992,100243,de,ADP,30.49239730834961,109730
246,autism,NOUN,19.986478805541992,100243,forma,NOUN,35.47170639038086,109730
247,",",PUNCT,21.15753173828125,100243,",",PUNCT,31.30970001220703,104267
248,you,PRON,22.388132095336914,102055,siempre,ADV,35.39005661010742,109730
249,'d,VERB,21.13322639465332,102055,individual,ADJ,34.64456558227539,109730
250,hear,VERB,23.75489044189453,102055,mirando,VERB,35.63556671142578,113455
251,a,DET,22.649206161499023,102055,la,DET,35.017364501953125,113455
252,lot,NOUN,22.404977798461914,102055,estar,AUX,38.37451934814453,113455
253,of,ADP,25.538890838623047,102055,Pueden,AUX,31.759037017822266,113455
254,noise,NOUN,20.153364181518555,102055,luz,NOUN,31.35624122619629,113455
255,",",PUNCT,22.03196144104004,102055,.,PUNCT,33.58262634277344,109730
256,plenty,NOUN,20.831863403320312,104392,el,DET,32.08820724487305,113455
257,of,ADP,22.39330291748047,104392,en,ADP,30.629392623901367,113455
258,commotion,NOUN,19.716901779174805,104392,techo,NOUN,31.046411514282227,113455
259,",",PUNCT,23.829631805419922,104392,",",PUNCT,28.40022087097168,113455
260,actions,NOUN,21.467498779296875,104392,o,CONJ,32.03032684326172,117527
261,",",PUNCT,23.78459358215332,104392,estar,AUX,36.5841064453125,117527
262,people,NOUN,23.65595817565918,104392,aislados,ADJ,35.131927490234375,117527
263,doing,VERB,24.06709861755371,104392,en,ADP,34.71445846557617,117527
264,things,NOUN,22.986568450927734,104392,esquina,NOUN,31.302242279052734,117527
265,.,PUNCT,21.9803466796875,104392,",",PUNCT,30.945396423339844,117527
266,But,CCONJ,21.3627986907959,109730,una,DET,34.238548278808594,117527
267,they,PRON,23.59610366821289,109730,o,CONJ,33.265625,120936
268,'re,AUX,23.085058212280273,109730,tal,NOUN,34.82599639892578,120936
269,always,ADV,23.532302856445312,109730,vez,NOUN,33.79829406738281,120936
270,doing,VERB,25.18119239807129,109730,envueltos,VERB,32.009803771972656,120936
271,things,NOUN,22.86499786376953,109730,movimientos,NOUN,35.97769546508789,120936
272,by,ADP,24.072694778442383,109730,en,ADP,35.13157272338867,120936
273,themselves,PRON,24.0566349029541,109730,estos,DET,36.61144256591797,120936
274,.,PUNCT,22.492525100708008,109730,",",PUNCT,31.136526107788086,120936
275,So,ADV,19.147621154785156,113405,no,ADV,32.3114128112793,124495
276,they,PRON,24.727886199951172,113405,que,PRON,33.68345642089844,124495
277,may,VERB,24.126222610473633,113405,repetitivos,ADJ,34.45878982543945,120936
278,be,AUX,25.403343200683594,113405,autoestimulantes,ADJ,34.56022262573242,124495
279,looking,VERB,22.362104415893555,113405,llevan,VERB,36.2226448059082,124495
280,at,ADP,22.259647369384766,113405,en,ADP,34.20298767089844,124495
281,a,DET,23.30991554260254,113405,los,PRON,32.88655471801758,124495
282,light,NOUN,21.080957412719727,113405,movimientos,NOUN,36.86711883544922,124495
283,in,ADP,21.025794982910156,113405,a,ADP,33.285545349121094,124495
284,the,DET,23.569252014160156,113405,ningún,DET,33.8049201965332,124495
285,ceiling,NOUN,18.42237091064453,113405,lado,NOUN,31.716550827026367,124495
286,",",PUNCT,21.265275955200195,113405,.,PUNCT,31.565767288208008,124495
287,or,CCONJ,20.574413299560547,117527,Muy,ADV,37.18855667114258,128696
288,they,PRON,24.88823699951172,117527,",",PUNCT,31.054920196533203,128696
289,may,VERB,24.010086059570312,117527,muy,ADV,36.85302734375,128696
290,be,AUX,25.970766067504883,117527,aislados,ADJ,36.22407150268555,128696
291,isolated,VERB,24.167966842651367,117527,sabemos,VERB,35.336761474609375,132095
292,in,ADP,22.24547576904297,117527,Ahora,ADV,33.239070892333984,132095
293,the,DET,23.55311393737793,117527,el,DET,36.63628387451172,132095
294,corner,NOUN,17.930057525634766,117527,autismo,NOUN,31.175195693969727,132095
295,",",PUNCT,20.934814453125,117527,.,PUNCT,32.84371566772461,128696
296,or,CCONJ,20.530376434326172,120936,que,SCONJ,32.94095230102539,132095
297,they,PRON,25.093910217285156,120936,que,PRON,33.82892608642578,139426
298,might,VERB,26.077051162719727,120936,esta,DET,35.76772689819336,135688
299,be,AUX,26.161481857299805,120936,es,AUX,34.98133087158203,135688
300,engaged,VERB,22.36714744567871,120936,alteración,NOUN,31.68683433532715,135688
301,in,ADP,22.93580436706543,120936,de,ADP,31.894067764282227,135688
302,these,DET,22.651233673095703,120936,la,DET,34.00617980957031,135688
303,repetitive,ADJ,22.408735275268555,120936,esta,DET,34.7362174987793,135688
304,movements,NOUN,23.51781463623047,120936,alteración,NOUN,30.44632911682129,135688
305,",",PUNCT,20.857255935668945,120936,",",PUNCT,30.624025344848633,135688
306,in,ADP,19.060070037841797,124495,de,ADP,33.4029426574707,139426
307,self,NOUN,20.56721305847168,124495,resonancia,NOUN,32.39190673828125,135688
308,-,PUNCT,23.69801902770996,124495,.,PUNCT,31.857921600341797,139426
309,stimulatory,NOUN,20.298227310180664,124495,supervivencia,NOUN,30.64923858642578,141770
310,movements,NOUN,20.635982513427734,124495,habilidades,NOUN,35.55070114135742,141770
311,that,DET,21.77484893798828,124495,la,DET,32.1257209777832,139426
312,led,VERB,22.41619300842285,124495,hablo,VERB,34.046852111816406,139426
313,them,PRON,26.356138229370117,124495,les,PRON,29.612342834472656,139426
314,nowhere,ADV,23.77863121032715,124495,de,ADP,31.66355323791504,141770
315,.,PUNCT,22.450782775878906,124495,Son,AUX,34.359256744384766,141770
316,Extremely,ADV,21.190061569213867,128558,Habilidades,NOUN,30.871078491210938,143728
317,",",PUNCT,22.05890655517578,128558,.,PUNCT,33.6591911315918,141770
318,extremely,ADV,24.27434730529785,128558,que,SCONJ,29.756038665771484,143728
319,isolated,ADJ,23.494491577148438,128558,heredamos,VERB,32.62240982055664,143728
320,.,PUNCT,22.0862979888916,128558,durante,ADP,32.50933074951172,145879
321,Well,INTJ,25.00586700439453,132625,de,ADP,30.74032211303711,145879
322,",",PUNCT,21.57016944885254,132625,",",PUNCT,30.520538330078125,145879
323,now,ADV,22.55742835998535,132625,cientos,NUM,32.12484359741211,145879
324,we,PRON,25.32559585571289,132625,muchos,PRON,34.8898811340332,145879
325,know,VERB,23.146921157836914,132625,miles,NUM,34.99200439453125,145879
326,that,SCONJ,19.255022048950195,132625,Como,SCONJ,35.4710693359375,150719
327,autism,NOUN,20.54584503173828,132625,años,NOUN,35.37221908569336,145879
328,is,AUX,24.259971618652344,132625,de,ADP,30.335365295410156,148433
329,this,DET,24.063013076782227,132625,de,ADP,32.292625427246094,145879
330,disruption,NOUN,20.57499885559082,132625,evolución,NOUN,30.032617568969727,148433
331,",",PUNCT,21.277873992919922,132625,.,PUNCT,33.44162368774414,148433
332,the,DET,20.16335105895996,138229,verán,VERB,31.506898880004883,150719
333,disruption,NOUN,17.049631118774414,138229,",",PUNCT,29.646039962768555,150719
334,of,ADP,22.16829490661621,138229,en,ADP,34.6044807434082,150719
335,this,DET,23.655359268188477,138229,los,DET,34.526405334472656,150719
336,resonance,NOUN,20.777164459228516,138229,bebés,NOUN,35.63218688964844,150719
337,that,DET,19.71306800842285,138229,un,DET,36.918785095214844,150719
338,I,PRON,25.502216339111328,138229,estado,NOUN,32.91557312011719,150719
339,am,AUX,23.612377166748047,138229,extrema,ADJ,33.524818420410156,150719
340,telling,VERB,24.966358184814453,138229,nacen,VERB,35.6242790222168,150719
341,you,PRON,23.971525192260742,138229,que,PRON,31.314882278442383,156033
342,about,ADP,22.396224975585938,138229,de,ADP,30.278038024902344,150719
343,.,PUNCT,22.378952026367188,138229,.,PUNCT,32.53063201904297,150719
344,These,DET,21.321041107177734,141770,Sin,ADP,32.86785888671875,156033
345,are,AUX,22.93492889404297,141770,alguien,PRON,35.35758590698242,156033
346,survival,NOUN,23.82118797302246,141770,fragilidad,NOUN,33.09926223754883,150719
347,skills,NOUN,23.014333724975586,141770,les,PRON,31.14699935913086,156033
348,.,PUNCT,19.770917892456055,141770,",",PUNCT,30.682418823242188,156033
349,These,DET,21.320096969604492,143728,lo,DET,34.43057632446289,158064
350,are,AUX,23.044940948486328,143728,parece,AUX,37.778709411621094,158064
351,survival,NOUN,23.484020233154297,143728,no,ADV,33.07033920288086,156033
352,skills,NOUN,22.749801635742188,143728,cuide,VERB,33.1612548828125,156033
353,that,SCONJ,22.495080947875977,143728,que,SCONJ,32.46372985839844,158064
354,we,PRON,24.088388442993164,143728,que,PRON,33.15810012817383,158064
355,inherited,VERB,22.279144287109375,143728,sobrevivirían,VERB,32.847816467285156,156033
356,over,ADP,21.111610412597656,146638,por,ADP,33.373870849609375,158064
357,many,ADJ,19.179664611816406,146638,lógico,ADJ,33.28351593017578,158064
358,",",PUNCT,21.32280731201172,146638,",",PUNCT,29.801387786865234,156033
359,many,ADJ,21.153337478637695,146638,la,DET,34.809814453125,158064
360,hundreds,NOUN,21.912015914916992,146638,naturaleza,NOUN,32.34457778930664,158064
361,of,ADP,24.135751724243164,146638,los,PRON,32.59048843383789,158064
362,thousands,NOUN,21.87178611755371,146638,estos,DET,33.21904754638672,160447
363,of,ADP,22.12512969970703,146638,de,ADP,27.9754638671875,158064
364,years,NOUN,23.31000518798828,146638,mecanismos,NOUN,32.85612869262695,160447
365,of,ADP,23.583534240722656,146638,de,ADP,31.77625274658203,160447
366,evolution,NOUN,20.400840759277344,146638,supervivencia,NOUN,30.687877655029297,160447
367,.,PUNCT,21.723691940307617,146638,.,PUNCT,33.568084716796875,160447
368,You,PRON,24.27281379699707,150845,Ellos,PRON,32.37348556518555,163680
369,see,VERB,23.038705825805664,150845,dotara,VERB,31.35491943359375,158064
370,",",PUNCT,22.13130760192871,150845,.,PUNCT,31.448102951049805,163680
371,babies,NOUN,22.6387882232666,150845,cuidador,NOUN,32.03759002685547,163680
372,are,AUX,23.86336326599121,150845,se,PRON,34.460777282714844,163680
373,born,VERB,24.33808135986328,150845,dirigen,VERB,33.88801193237305,163680
374,in,ADP,22.623544692993164,150845,al,ADP,35.37906265258789,163680
375,a,DET,23.082876205444336,150845,los,DET,38.001895904541016,166255
376,state,NOUN,19.207040786743164,150845,días,NOUN,35.08495330810547,166255
377,of,ADP,24.34020233154297,150845,Desde,ADP,34.82311248779297,166255
378,utter,ADJ,19.643184661865234,150845,primeros,ADJ,34.56707000732422,166255
379,fragility,NOUN,18.33574104309082,150845,semanas,NOUN,33.59429168701172,166255
380,.,PUNCT,21.20673179626465,150845,y,CONJ,33.97352600097656,166255
381,Without,ADP,20.904115676879883,156032,de,ADP,30.33935546875,166255
382,the,DET,23.346389770507812,156032,los,DET,34.065250396728516,169697
383,caregiver,NOUN,18.876354217529297,156032,vida,NOUN,31.909372329711914,166255
384,",",PUNCT,21.266637802124023,156032,",",PUNCT,31.199298858642578,166255
385,they,PRON,23.20454978942871,156032,bebés,NOUN,35.13400650024414,169697
386,would,VERB,27.43259620666504,156032,prefieren,VERB,36.493804931640625,169697
387,n't,PART,27.444326400756836,156032,sonidos,NOUN,34.54378128051758,169697
388,survive,VERB,23.684402465820312,156032,escuchar,VERB,36.67606735229492,169697
389,",",PUNCT,20.083621978759766,156032,humanos,ADJ,32.00032043457031,169697
390,so,CCONJ,19.141094207763672,158185,en,ADP,34.11606979370117,169697
391,it,PRON,24.44554901123047,158185,vez,NOUN,32.521522521972656,169697
392,stands,VERB,22.81674575805664,158185,solo,ADJ,34.9268913269043,169697
393,to,ADP,21.43798065185547,158185,del,ADP,34.393184661865234,173183
394,reason,NOUN,20.009992599487305,158185,sonidos,NOUN,32.135868072509766,173183
395,that,SCONJ,17.974674224853516,158185,.,PUNCT,31.728330612182617,173183
396,nature,NOUN,18.605365753173828,158185,ambiente,NOUN,31.97963523864746,173183
397,would,VERB,24.966812133789062,158185,Prefieren,VERB,34.226341247558594,175128
398,endow,VERB,22.1912899017334,158185,mirar,VERB,34.819976806640625,175128
399,them,PRON,22.664905548095703,158185,a,ADP,33.01787185668945,175128
400,with,ADP,21.652095794677734,160715,en,ADP,32.804290771484375,175128
401,these,DET,24.228139877319336,160715,la,DET,33.071983337402344,175128
402,mechanisms,NOUN,21.318981170654297,160715,gente,NOUN,31.377182006835938,175128
403,of,ADP,24.592117309570312,160715,de,ADP,30.853422164916992,175128
404,survival,NOUN,21.12864875793457,160715,vez,NOUN,34.71197509765625,175128
405,.,PUNCT,21.989755630493164,160715,",",PUNCT,31.46145248413086,175128
406,They,PRON,24.345233917236328,164169,cosas,NOUN,34.45513153076172,175128
407,orient,VERB,19.894487380981445,164169,mirar,VERB,37.587162017822266,175128
408,to,ADP,19.587472915649414,164169,e,CONJ,32.88145446777344,177138
409,the,DET,23.75816535949707,164169,incluso,ADV,33.6624755859375,177138
410,caregiver,NOUN,18.528491973876953,164169,mientras,SCONJ,34.8991813659668,177138
411,.,PUNCT,22.00547981262207,164169,",",PUNCT,29.499557495117188,177138
412,From,ADP,22.147785186767578,166525,a,ADP,33.275352478027344,177138
413,the,DET,22.565393447875977,166525,la,DET,32.6706428527832,177138
414,first,ADJ,20.73554229736328,166525,miran,VERB,34.80900192260742,177138
415,days,NOUN,19.83376121520996,166525,gente,NOUN,31.037385940551758,177138
416,and,CCONJ,24.16299819946289,166525,miran,VERB,33.90024948120117,179183
417,weeks,NOUN,19.088687896728516,166525,los,DET,34.96840286254883,179183
418,of,ADP,23.69193458557129,166525,a,ADP,32.4546012878418,179183
419,life,NOUN,19.981603622436523,166525,ojos,NOUN,33.76310348510742,179183
420,",",PUNCT,22.408945083618164,166525,",",PUNCT,30.290504455566406,179183
421,babies,NOUN,23.56363868713379,169940,ojo,NOUN,31.735780715942383,181747
422,prefer,VERB,22.487770080566406,169940,el,DET,34.72043991088867,181747
423,to,PART,24.154909133911133,169940,porque,SCONJ,33.41537094116211,179183
424,hear,VERB,25.168319702148438,169940,es,AUX,33.16324996948242,181747
425,human,ADJ,21.337398529052734,169940,la,DET,32.13661575317383,181747
426,sounds,NOUN,21.246627807617188,169940,ventana,NOUN,32.27506637573242,181747
427,",",PUNCT,19.98395347595215,169940,a,ADP,32.77820587158203,181747
428,rather,ADV,21.595279693603516,172698,las,DET,32.837711334228516,181747
429,than,SCONJ,20.538604736328125,172698,experiencias,NOUN,34.885013580322266,181747
430,just,ADV,23.833309173583984,172698,tanto,ADV,34.19589614868164,186096
431,sounds,VERB,23.869699478149414,172698,la,DET,31.369548797607422,181747
432,in,ADP,20.91243553161621,172698,de,ADP,32.11899948120117,181747
433,the,DET,22.601375579833984,172698,otra,DET,33.033512115478516,181747
434,environment,NOUN,21.533916473388672,172698,persona,NOUN,32.98524475097656,181747
435,.,PUNCT,21.455265045166016,172698,",",PUNCT,29.602832794189453,181747
436,They,PRON,24.884838104248047,174846,es,AUX,34.41728973388672,186096
437,prefer,VERB,23.5827693939209,174846,prefieren,VERB,36.88992691040039,186096
438,to,PART,24.041015625,174846,que,SCONJ,31.576242446899414,186096
439,look,VERB,24.700885772705078,174846,mirar,VERB,35.7713623046875,186096
440,at,ADP,24.29649543762207,174846,a,ADP,33.62020492553711,186096
441,people,NOUN,21.551231384277344,174846,gente,NOUN,30.96785545349121,186096
442,rather,ADV,22.054025650024414,174846,así,ADV,32.979759216308594,186096
443,than,SCONJ,21.804018020629883,174846,que,SCONJ,31.61319923400879,188214
444,at,ADP,19.91803741455078,174846,los,PRON,32.818790435791016,188214
445,things,NOUN,21.004642486572266,174846,está,AUX,37.180877685546875,188214
446,",",PUNCT,21.68442153930664,174846,mirando,VERB,35.563995361328125,188214
447,and,CCONJ,21.44691276550293,177347,y,CONJ,32.5202522277832,188214
448,even,ADV,19.722736358642578,177347,no,ADV,32.850730895996094,188214
449,as,SCONJ,19.1682071685791,177347,quienes,PRON,31.850921630859375,188214
450,they,PRON,24.904016494750977,177347,lo,PRON,33.33481979370117,188214
451,'re,AUX,24.74154281616211,177347,no,ADV,33.081756591796875,188214
452,looking,VERB,24.98152732849121,177347,hacen,VERB,35.70433044433594,188214
453,at,ADP,23.284542083740234,177347,a,ADP,31.87293243408203,188214
454,people,NOUN,19.1119384765625,177347,.,PUNCT,32.834529876708984,188214
455,",",PUNCT,22.770658493041992,177347,",",PUNCT,30.61274528503418,192525
456,they,PRON,25.22026824951172,177347,se,PRON,32.411834716796875,192525
457,look,VERB,22.13954734802246,177347,dirigen,VERB,34.016666412353516,192525
458,at,ADP,23.537290573120117,177347,al,ADP,35.21839904785156,192525
459,people,NOUN,20.254186630249023,177347,cuidador,NOUN,31.375490188598633,192525
460,'s,PART,24.405208587646484,177347,Bien,ADV,33.20429611206055,192525
461,eyes,NOUN,19.818328857421875,177347,o,CONJ,31.734834671020508,192525
462,",",PUNCT,19.38201141357422,177347,.,PUNCT,33.592525482177734,192525
463,because,SCONJ,20.320816040039062,181747,cuidadora,ADJ,29.278257369995117,192525
464,the,DET,23.60919189453125,181747,Quien,PRON,32.5284423828125,195131
465,eye,NOUN,19.322568893432617,181747,cuida,VERB,33.49954605102539,195131
466,is,AUX,23.168489456176758,181747,es,AUX,33.936981201171875,197458
467,the,DET,21.90815544128418,181747,lo,PRON,31.853893280029297,195131
468,window,NOUN,20.947195053100586,181747,bebé,NOUN,30.80944061279297,195131
469,to,ADP,20.980863571166992,181747,al,ADP,35.6752815246582,195131
470,the,DET,22.874704360961914,181747,esta,DET,35.60295104980469,197458
471,other,ADJ,23.21634292602539,181747,Y,CONJ,34.51105880737305,197458
472,person,NOUN,21.058364868164062,181747,busca,VERB,31.918458938598633,195131
473,'s,PART,22.522077560424805,181747,de,ADP,30.007638931274414,197458
474,experiences,NOUN,19.365524291992188,181747,coreografía,NOUN,32.473533630371094,197458
475,",",PUNCT,19.67740821838379,181747,",",PUNCT,29.376216888427734,195131
476,so,ADV,20.292905807495117,185979,de,ADP,31.10032844543457,197458
477,much,ADV,23.186376571655273,185979,refuerzo,NOUN,32.83720397949219,197458
478,so,SCONJ,19.32231330871582,185979,mutuo,PROPN,30.117618560791016,197458
479,that,SCONJ,20.87349510192871,185979,que,SCONJ,34.66603088378906,201085
480,they,PRON,24.103513717651367,185979,gran,ADJ,37.19645309448242,201085
481,even,ADV,25.121015548706055,185979,importancia,NOUN,31.5743408203125,201085
482,prefer,VERB,23.174314498901367,185979,de,VERB,32.61366653442383,201085
483,to,PART,23.96743392944336,185979,la,DET,31.754375457763672,201085
484,look,VERB,24.623640060424805,185979,aflore,VERB,35.942195892333984,201085
485,at,ADP,23.873218536376953,185979,para,ADP,32.68968200683594,201085
486,people,NOUN,19.863136291503906,185979,mente,NOUN,31.74176788330078,204904
487,who,PRON,21.949193954467773,188461,",",PUNCT,30.470449447631836,201085
488,are,AUX,26.00065040588379,188461,mente,PROPN,32.576271057128906,201085
489,looking,VERB,24.3818416595459,188461,depende,VERB,35.68735122680664,204904
490,at,ADP,22.490497589111328,188461,la,DET,31.847408294677734,204904
491,them,PRON,21.473817825317383,188461,social,ADJ,33.363861083984375,204904
492,rather,ADV,21.522823333740234,188461,",",PUNCT,29.645130157470703,204904
493,than,SCONJ,21.048810958862305,188461,el,DET,33.87107849121094,204904
494,people,NOUN,22.495275497436523,188461,cerebro,NOUN,30.874479293823242,204904
495,who,PRON,25.479690551757812,188461,algo,PRON,33.961917877197266,212268
496,are,AUX,27.229045867919922,188461,social,ADJ,34.09183120727539,204904
497,looking,VERB,26.94394302368164,188461,pensamos,VERB,35.95732498168945,209587
498,away,ADV,22.54000473022461,188461,Siempre,ADV,34.285560607910156,209587
499,.,PUNCT,21.581586837768555,188461,.,PUNCT,33.53916549682617,204904
500,Well,INTJ,25.22403335571289,192525,sobre,ADP,35.49711990356445,209587
501,",",PUNCT,20.182247161865234,192525,como,SCONJ,35.58456802368164,212268
502,they,PRON,23.000320434570312,192525,que,PRON,33.273616790771484,212268
503,orient,VERB,19.340688705444336,192525,sucede,VERB,37.462974548339844,212268
504,to,ADP,19.65761375427246,192525,en,ADP,34.62261199951172,212268
505,the,DET,23.69734001159668,192525,el,DET,36.39815902709961,209587
506,caregiver,NOUN,18.458782196044922,192525,autismo,NOUN,30.640165328979492,209587
507,.,PUNCT,22.00547981262207,192525,más,ADV,38.63645935058594,212268
508,The,DET,24.26764678955078,195131,una,DET,35.130558013916016,212268
509,caregiver,NOUN,20.729398727416992,195131,edad,NOUN,33.375362396240234,212268
510,seeks,VERB,22.479650497436523,195131,avanzada,ADJ,34.47749710083008,212268
511,the,DET,23.14919090270996,195131,el,DET,31.395483016967773,217347
512,baby,NOUN,19.580419540405273,195131,Pero,CONJ,34.86029815673828,217347
513,.,PUNCT,21.49094009399414,195131,.,PUNCT,35.1220703125,212268
514,And,CCONJ,20.428485870361328,197272,Comienza,PROPN,35.216094970703125,217347
515,it,PRON,24.504430770874023,197272,no.,PROPN,34.97837829589844,217347
516,'s,AUX,21.045639038085938,197272,con,ADP,27.746562957763672,217347
517,out,SCONJ,20.888315200805664,197272,principio,NOUN,29.375879287719727,217347
518,of,ADP,21.46543312072754,197272,de,ADP,30.324010848999023,217347
519,this,DET,21.923967361450195,197272,la,DET,32.77678298950195,217347
520,mutually,ADV,23.95821762084961,197272,.,PUNCT,33.6932373046875,217347
521,reinforcing,VERB,20.829927444458008,197272,involucran,VERB,37.95988845825195,222745
522,choreography,NOUN,18.52600860595703,197272,vida,NOUN,31.432880401611328,217347
523,that,SCONJ,18.465198516845703,201085,Cuando,SCONJ,33.50804901123047,222745
524,a,DET,22.981464385986328,201085,los,DET,35.94968032836914,222745
525,lot,NOUN,22.161741256713867,201085,bebés,NOUN,36.42123031616211,222745
526,that,DET,21.786130905151367,201085,se,PRON,32.36383056640625,222745
527,is,AUX,23.49805450439453,201085,quienes,PRON,32.3778190612793,222745
528,of,ADP,22.638431549072266,201085,con,ADP,33.038551330566406,222745
529,importance,NOUN,21.170133590698242,201085,les,PRON,30.893760681152344,222745
530,to,ADP,20.79859161376953,201085,cuidan,VERB,34.97111511230469,222745
531,the,DET,22.982004165649414,201085,se,PRON,30.66222381591797,222745
532,emergence,NOUN,19.499671936035156,201085,pronto,ADV,31.290138244628906,222745
533,of,ADP,24.288232803344727,201085,de,ADP,32.626853942871094,227049
534,mind,NOUN,19.027820587158203,201085,cuenta,NOUN,31.682735443115234,222745
535,--,PUNCT,19.957378387451172,201085,",",PUNCT,28.821083068847656,222745
536,the,DET,20.154529571533203,204904,dan,VERB,34.478485107421875,222745
537,social,ADJ,19.586576461791992,204904,que,SCONJ,33.96538162231445,227049
538,mind,NOUN,18.200695037841797,204904,hay,AUX,34.192893981933594,227049
539,",",PUNCT,21.826332092285156,204904,algo,PRON,32.717716217041016,227049
540,the,DET,20.95907211303711,204904,las,DET,32.103416442871094,227049
541,social,ADJ,18.812511444091797,204904,importante,ADJ,36.41933059692383,231256
542,brain,NOUN,18.603092193603516,204904,orejas,NOUN,33.90499496459961,227049
543,--,PUNCT,20.886396408081055,204904,que,SCONJ,33.02708053588867,231256
544,depends,VERB,21.876588821411133,204904,es,AUX,35.255619049072266,231256
545,on,ADP,19.579208374023438,204904,entre,ADP,32.48297882080078,227049
546,.,PUNCT,22.7425594329834,204904,",",PUNCT,31.32701873779297,231256
547,We,PRON,25.30164909362793,209587,es,PROPN,29.877683639526367,232666
548,always,ADV,25.07669448852539,209587,muy,ADV,38.30140686035156,231256
549,think,VERB,22.994136810302734,209587,invisible,ADJ,30.982316970825195,232666
550,about,ADP,22.285888671875,209587,",",PUNCT,31.270578384399414,232666
551,autism,NOUN,18.35309410095215,209587,no,ADV,33.52705001831055,232666
552,as,SCONJ,22.435636520385742,212683,puedes,AUX,31.8151798248291,232666
553,something,PRON,22.138809204101562,212683,lo,PRON,31.92000961303711,232666
554,that,DET,23.59185218811035,212683,",",PUNCT,32.10310363769531,232666
555,happens,VERB,23.315654754638672,212683,ver,VERB,34.061126708984375,232666
556,later,ADV,23.030961990356445,212683,pero,CONJ,34.205928802490234,232666
557,on,ADV,19.4060115814209,212683,y,CONJ,33.1568489074707,236849
558,in,ADP,21.06010627746582,212683,crucial,PROPN,33.04377365112305,232666
559,life,NOUN,20.3649959564209,212683,atención,NOUN,33.68475341796875,236849
560,.,PUNCT,22.562795639038086,212683,llama,VERB,33.809104919433594,236849
561,It,PRON,23.85599136352539,217347,se,PRON,32.810447692871094,236849
562,does,AUX,27.440649032592773,217347,es,AUX,34.21993637084961,232666
563,n't,PART,24.577756881713867,217347,Y,CONJ,33.51118087768555,238308
564,;,PUNCT,20.197542190551758,217347,.,PUNCT,33.44195556640625,236849
565,it,PRON,23.94160270690918,217347,pronto,ADV,32.78392028808594,238308
566,begins,VERB,25.109600067138672,217347,aprenden,VERB,32.7669792175293,238308
567,with,ADP,21.551637649536133,217347,",",PUNCT,29.783336639404297,238308
568,the,DET,21.694072723388672,217347,incluso,ADV,34.264583587646484,238308
569,beginning,NOUN,20.422164916992188,217347,antes,ADV,33.96745300292969,238308
570,of,ADP,23.33816146850586,217347,de,ADP,29.058752059936523,238308
571,life,NOUN,20.064294815063477,217347,emitir,VERB,34.15392303466797,241138
572,.,PUNCT,22.51629638671875,217347,",",PUNCT,31.238908767700195,241138
573,As,SCONJ,22.234451293945312,222901,una,DET,33.75526428222656,241138
574,babies,NOUN,23.7885684967041,222901,palabra,NOUN,31.329343795776367,241138
575,engage,VERB,22.34754753112793,222901,atraer,VERB,37.402950286865234,241138
576,with,ADP,22.259687423706055,222901,pueden,AUX,35.90874099731445,241138
577,caregivers,NOUN,22.74154281616211,222901,atención,NOUN,32.941650390625,241138
578,",",PUNCT,21.944412231445312,222901,esa,DET,35.6928596496582,241138
579,they,PRON,24.994550704956055,222901,que,PRON,33.267982482910156,241138
580,soon,ADV,26.35713005065918,222901,y,CONJ,34.60432815551758,243818
581,realize,VERB,23.089147567749023,222901,tener,VERB,38.3775520324707,243818
582,that,SCONJ,18.999225616455078,222901,moverse,PROPN,32.26264190673828,243818
583,",",PUNCT,22.03634262084961,222901,para,ADP,35.034141540527344,243818
584,well,INTJ,20.629669189453125,222901,cosas,NOUN,34.76644515991211,243818
585,",",PUNCT,18.96794891357422,222901,.,PUNCT,32.63789749145508,243818
586,there,PRON,21.049606323242188,228520,que,PRON,35.29613494873047,243818
587,is,AUX,24.566001892089844,228520,quieren,VERB,37.25922775268555,243818
588,something,PRON,21.826492309570312,228520,aprenden,VERB,34.76091766357422,249555
589,between,ADP,22.28940773010254,228520,a,ADP,35.04195022583008,249555
590,the,DET,20.283124923706055,228520,las,DET,33.42338562011719,243818
591,ears,NOUN,21.218862533569336,228520,mirada,NOUN,32.32256317138672,249555
592,that,DET,20.709056854248047,228520,la,DET,34.15898895263672,249555
593,is,AUX,24.772777557373047,228520,seguir,VERB,35.80355453491211,249555
594,very,ADV,26.834291458129883,228520,También,ADV,35.7595329284668,249555
595,important,ADJ,25.031959533691406,228520,de,ADP,29.300373077392578,249555
596,--,PUNCT,19.875764846801758,228520,la,DET,32.651268005371094,249555
597,it,PRON,23.56873321533203,232666,gente,NOUN,31.043210983276367,249555
598,'s,AUX,22.013206481933594,232666,sea,AUX,34.56158447265625,252679
599,invisible,ADJ,20.414962768554688,232666,porque,SCONJ,36.96136474609375,252679
600,",",PUNCT,20.028738021850586,232666,",",PUNCT,29.527481079101562,249555
601,you,PRON,21.617115020751953,232666,que,PRON,32.608158111572266,252679
602,ca,VERB,23.694744110107422,232666,lo,DET,34.46759033203125,252679
603,n't,PART,26.32610511779785,232666,que,SCONJ,32.64958953857422,252679
604,see,VERB,23.663394927978516,232666,mirando,VERB,34.46543502807617,252679
605,it,PRON,23.13563346862793,232666,gente,NOUN,32.34666442871094,252679
606,",",PUNCT,20.970861434936523,232666,esté,AUX,35.25252914428711,252679
607,but,CCONJ,22.03435516357422,232666,la,DET,34.25343704223633,252679
608,it,PRON,24.003774642944336,232666,que,PRON,32.80381774902344,254949
609,'s,AUX,21.69753074645996,232666,es,AUX,34.831573486328125,254949
610,really,ADV,27.234086990356445,232666,pronto,ADV,34.207496643066406,258704
611,critical,ADJ,20.717641830444336,232666,sobre,ADP,32.25918960571289,254949
612,.,PUNCT,21.203941345214844,232666,.,PUNCT,32.58795928955078,254949
613,And,CCONJ,19.166933059692383,236849,está,AUX,36.72209930419922,254949
614,that,DET,20.427175521850586,236849,lo,DET,34.46871566772461,254949
615,thing,NOUN,21.790328979492188,236849,Y,CONJ,33.641571044921875,258704
616,is,AUX,23.915611267089844,236849,empiezan,AUX,34.165771484375,258704
617,called,VERB,20.980783462524414,236849,pensando,VERB,36.09031295776367,254949
618,attention,NOUN,18.90450668334961,236849,significado,NOUN,31.642133712768555,258704
619,.,PUNCT,20.593338012695312,236849,a,ADP,33.82066345214844,258704
620,And,CCONJ,20.307172775268555,238800,sobre,ADP,34.349754333496094,258704
621,they,PRON,26.118776321411133,238800,el,DET,34.072174072265625,258704
622,learn,VERB,22.46573829650879,238800,aprender,VERB,36.8155403137207,258704
623,soon,ADV,20.397642135620117,238800,cosas,NOUN,32.60957336425781,261346
624,enough,ADV,20.774003982543945,238800,las,DET,31.85767364501953,261346
625,",",PUNCT,20.1021785736084,238800,",",PUNCT,31.015239715576172,261346
626,even,ADV,21.702926635742188,240157,porque,SCONJ,33.48119354248047,261346
627,before,ADP,18.58377456665039,240157,de,ADP,32.86044692993164,261346
628,they,PRON,24.567480087280273,240157,alguien,PRON,33.44044876098633,261346
629,can,VERB,25.220565795898438,240157,está,AUX,38.12898635864258,261346
630,utter,VERB,22.992183685302734,240157,mirando,VERB,38.01976013183594,261346
631,one,NUM,22.795852661132812,240157,o,CONJ,32.36629104614258,264771
632,word,NOUN,17.93190574645996,240157,algo,PRON,35.48056411743164,261346
633,",",PUNCT,21.500839233398438,240157,",",PUNCT,31.735801696777344,264771
634,that,SCONJ,21.208343505859375,242769,cuando,SCONJ,35.6688346862793,261346
635,they,PRON,24.435104370117188,242769,algo,PRON,33.97230529785156,264771
636,can,VERB,25.113481521606445,242769,apuntando,VERB,34.61125183105469,264771
637,take,VERB,26.56049346923828,242769,dan,VERB,34.33243942260742,266823
638,that,DET,18.578737258911133,242769,una,DET,35.247066497802734,266823
639,attention,NOUN,18.470844268798828,242769,solo,NOUN,34.35408020019531,266823
640,and,CCONJ,21.615875244140625,242769,no,PART,32.09895706176758,266823
641,move,NOUN,20.02456283569336,242769,indicación,NOUN,32.979942321777344,266823
642,somewhere,ADV,20.99134635925293,242769,direccional,ADJ,34.51909255981445,266823
643,in,ADP,20.555856704711914,246273,a,ADP,32.89942932128906,264771
644,order,NOUN,20.640897750854492,246273,",",PUNCT,30.650432586669922,266823
645,to,PART,25.091514587402344,246273,sino,CONJ,35.447574615478516,269752
646,get,AUX,26.233123779296875,246273,que,SCONJ,33.970333099365234,269752
647,things,NOUN,23.510534286499023,246273,significado,NOUN,30.13979148864746,269752
648,they,PRON,24.692611694335938,246273,el,DET,35.45845031738281,269752
649,want,VERB,24.97991180419922,246273,dan,VERB,33.879127502441406,269752
650,.,PUNCT,21.76209259033203,246273,de,ADP,29.954431533813477,269752
651,They,PRON,24.40924644470215,249555,la,DET,32.262351989746094,269752
652,also,ADV,27.032394409179688,249555,otra,DET,33.413665771484375,269752
653,learn,VERB,22.424497604370117,249555,persona,NOUN,34.0649528503418,269752
654,to,PART,24.831989288330078,249555,sobre,ADP,32.64430236816406,272310
655,follow,VERB,26.31794548034668,249555,ese,DET,34.18614959716797,272310
656,other,ADJ,22.198326110839844,249555,",",PUNCT,30.794172286987305,272310
657,people,NOUN,19.875638961791992,249555,objeto,NOUN,30.75050163269043,272310
658,'s,PART,24.32352638244629,249555,la,DET,33.67770767211914,272310
659,gazes,NOUN,20.303741455078125,249555,actitud,NOUN,31.044143676757812,272310
660,",",PUNCT,20.445966720581055,249555,",",PUNCT,29.77710723876953,272310
661,because,SCONJ,20.81391143798828,252679,y,CONJ,32.80782699584961,272310
662,whatever,DET,22.451156616210938,252679,pronto,ADV,31.92702865600586,272310
663,people,NOUN,22.209686279296875,252679,cuerpo,NOUN,30.464818954467773,275389
664,are,AUX,26.188232421875,252679,empiezan,AUX,34.211341857910156,275389
665,looking,VERB,23.344802856445312,252679,construir,VERB,36.17637634277344,275389
666,at,ADP,19.657922744750977,252679,a,ADP,34.62874221801758,275389
667,is,AUX,19.19710922241211,252679,este,DET,36.368553161621094,275389
668,what,PRON,21.237688064575195,252679,significados,NOUN,33.93695068359375,275389
669,they,PRON,26.08218002319336,252679,que,PRON,32.428680419921875,279488
670,are,AUX,26.083572387695312,252679,fueron,AUX,36.329280853271484,279488
671,thinking,VERB,24.149654388427734,252679,pero,CONJ,32.992130279541016,279488
672,about,ADP,21.481307983398438,252679,de,ADP,28.617162704467773,275389
673,.,PUNCT,21.86627769470215,252679,",",PUNCT,30.596298217773438,275389
674,And,CCONJ,21.45364761352539,258704,significados,NOUN,34.529083251953125,279488
675,soon,ADV,20.66746711730957,258704,adquiridos,VERB,33.939334869384766,279488
676,enough,ADV,19.83914566040039,258704,en,ADP,32.4276237487793,279488
677,",",PUNCT,21.494821548461914,258704,el,DET,35.56399917602539,279488
678,they,PRON,24.991424560546875,258704,marco,NOUN,31.660181045532227,279488
679,start,VERB,22.831945419311523,258704,del,ADP,34.050880432128906,279488
680,to,PART,21.416698455810547,258704,campo,NOUN,32.049652099609375,279488
681,learn,VERB,21.358924865722656,258704,significados,VERB,35.34577178955078,284202
682,about,ADP,21.25904655456543,258704,de,ADP,33.61057662963867,281801
683,the,DET,21.648746490478516,258704,la,DET,32.554046630859375,281801
684,meaning,NOUN,20.644357681274414,258704,interacción,NOUN,30.540464401245117,281801
685,of,ADP,23.66775894165039,258704,social,ADJ,35.38646697998047,281801
686,things,NOUN,20.771345138549805,258704,Esos,PRON,29.223562240600586,284202
687,",",PUNCT,21.898006439208984,258704,.,PUNCT,34.01335525512695,281801
688,because,SCONJ,19.76287269592285,262374,como,SCONJ,37.12506103515625,284202
689,when,ADV,22.53179359436035,262374,son,AUX,35.797672271728516,284202
690,somebody,PRON,22.092899322509766,262374,que,PRON,33.539127349853516,284202
691,is,AUX,27.307641983032227,262374,son,AUX,35.696205139160156,284202
692,looking,VERB,23.50692367553711,262374,adquiridos,VERB,35.1203498840332,284202
693,at,ADP,21.800338745117188,262374,de,ADP,32.636627197265625,286043
694,something,PRON,21.340499877929688,262374,parte,NOUN,32.74149703979492,284202
695,or,CCONJ,22.608476638793945,264771,sus,DET,31.98179054260254,286043
696,somebody,PRON,20.449504852294922,264771,experiencias,NOUN,34.855560302734375,286043
697,is,AUX,26.314132690429688,264771,compartidas,ADJ,34.72697067260742,286043
698,pointing,VERB,23.360294342041016,264771,con,ADP,31.93842124938965,286043
699,at,ADP,22.53582191467285,264771,de,ADP,31.371261596679688,290030
700,something,PRON,21.48552894592285,264771,otros,PRON,34.46998596191406,286043
701,",",PUNCT,21.832162857055664,264771,.,PUNCT,33.17118835449219,286043
702,they,PRON,24.57444190979004,267013,Esta,PRON,32.24100112915039,290030
703,'re,AUX,22.958105087280273,267013,es,AUX,33.69676971435547,290030
704,not,PART,23.360801696777344,267013,niña,NOUN,32.84026336669922,290030
705,just,ADV,25.78107452392578,267013,15,NUM,34.46623229980469,290030
706,getting,VERB,25.60427474975586,267013,tiene,VERB,34.21424865722656,296862
707,a,DET,20.9439640045166,267013,una,DET,34.90289306640625,290030
708,directional,ADJ,21.2170352935791,267013,y,CONJ,34.112152099609375,296862
709,cue,NOUN,21.33428382873535,267013,meses,NOUN,36.092811584472656,290030
710,.,PUNCT,20.236377716064453,267013,",",PUNCT,31.099735260009766,290030
711,They,PRON,24.48421859741211,269752,me,PRON,30.40899085998535,300594
712,are,AUX,25.67626190185547,269752,estoy,AUX,34.89556884765625,300594
713,getting,VERB,27.051815032958984,269752,acercando,VERB,37.322601318359375,300594
714,the,DET,20.179210662841797,269752,Y,CONJ,32.10023880004883,300594
715,other,ADJ,23.482105255126953,269752,.,PUNCT,31.77850914001465,296862
716,person,NOUN,20.50577163696289,269752,autismo,NOUN,33.32215881347656,296862
717,'s,PART,20.509105682373047,269752,tanto,ADV,35.98732376098633,300594
718,meaning,NOUN,20.56024932861328,269752,tal,NOUN,33.772457122802734,300594
719,of,ADP,23.214502334594727,269752,a,ADP,31.534536361694336,300594
720,that,DET,22.320035934448242,269752,que,SCONJ,33.06454086303711,300594
721,thing,NOUN,20.24909210205078,269752,vez,NOUN,33.01971435546875,300594
722,",",PUNCT,21.760711669921875,269752,ella,PRON,31.0833740234375,300594
723,the,DET,20.69336700439453,273459,estoy,AUX,31.58557891845703,300594
724,attitude,NOUN,18.779470443725586,273459,cm,NOUN,30.034460067749023,304016
725,.,PUNCT,22.584197998046875,273459,5,NUM,32.966522216796875,304016
726,And,CCONJ,21.45364761352539,274693,a,ADP,32.0130500793457,304016
727,soon,ADV,20.66746711730957,274693,de,ADP,31.11347198486328,304016
728,enough,ADV,19.85613250732422,274693,su,DET,32.70884323120117,304016
729,",",PUNCT,21.61902618408203,274693,",",PUNCT,28.762985229492188,304016
730,they,PRON,24.795495986938477,274693,ella,PRON,30.104700088500977,304016
731,start,VERB,23.75774383544922,274693,y,CONJ,33.308013916015625,304016
732,building,VERB,24.516189575195312,274693,ignora,VERB,35.761905670166016,304016
733,this,DET,23.637880325317383,274693,me,PRON,32.01569747924805,304016
734,body,NOUN,21.056785583496094,274693,cara,NOUN,31.84339714050293,304016
735,of,ADP,23.99188804626465,274693,por,ADP,35.14104461669922,304016
736,meanings,NOUN,20.812999725341797,274693,completo,NOUN,31.819873809814453,304016
737,",",PUNCT,19.820241928100586,274693,.,PUNCT,33.906192779541016,304016
738,but,CCONJ,20.89150047302246,279488,Imagínense,PROPN,30.760692596435547,308265
739,meanings,NOUN,22.133684158325195,279488,si,SCONJ,34.86035919189453,308265
740,that,DET,22.19883918762207,279488,les,PRON,34.71415710449219,308265
741,were,AUX,23.075292587280273,279488,hubiera,AUX,36.32033157348633,308265
742,acquired,VERB,22.746807098388672,279488,hecho,VERB,31.52202796936035,308265
743,within,ADP,23.330787658691406,279488,a,ADP,32.05729675292969,308265
744,the,DET,21.095552444458008,279488,eso,PRON,31.578716278076172,308265
745,realm,NOUN,18.496957778930664,279488,Uds.,PROPN,37.18671417236328,308265
746,of,ADP,23.78194236755371,279488,a,ADP,32.3541374206543,309623
747,social,ADJ,19.809417724609375,279488,y,CONJ,31.81657600402832,309623
748,interaction,NOUN,19.153690338134766,279488,me,PRON,32.0142822265625,309623
749,.,PUNCT,21.624601364135742,279488,",",PUNCT,29.64238166809082,308265
750,Those,DET,21.680469512939453,284110,acercara,VERB,33.703826904296875,309623
751,are,AUX,23.115781784057617,284110,5,NUM,32.85403823852539,309623
752,meanings,NOUN,24.567546844482422,284110,cm,NOUN,29.921977996826172,309623
753,that,DET,22.3687744140625,284110,su,DET,33.04893112182617,309623
754,are,AUX,23.53907012939453,284110,Seguramente,ADV,30.465042114257812,311549
755,acquired,VERB,21.998836517333984,284110,harían,VERB,31.625722885131836,311549
756,as,SCONJ,20.858928680419922,286049,.,PUNCT,30.360355377197266,309623
757,part,NOUN,20.12392807006836,286049,cara,NOUN,31.20709228515625,309623
758,of,ADP,25.15165901184082,286049,de,ADP,31.09212303161621,309623
759,their,DET,23.837554931640625,286049,dos,NUM,35.441776275634766,311549
760,shared,VERB,22.896804809570312,286049,",",PUNCT,30.50490379333496,311549
761,experiences,NOUN,23.33409309387207,286049,cosas,NOUN,34.555538177490234,311549
762,with,ADP,24.901416778564453,286049,a,ADP,33.032859802246094,313655
763,others,NOUN,23.780879974365234,286049,no,ADV,32.94443893432617,311549
764,.,PUNCT,21.408720016479492,286049,¿,PUNCT,30.409013748168945,311549
765,Well,INTJ,24.762468338012695,290086,así,ADV,33.09206008911133,311549
766,",",PUNCT,19.263959884643555,290086,?,PUNCT,33.79623794555664,311549
767,this,DET,21.039594650268555,290086,Retrocederían,VERB,30.358903884887695,313655
768,is,AUX,22.98897361755371,290086,es,AUX,35.56721115112305,311549
769,a,DET,24.18640899658203,290086,la,DET,33.20417785644531,313655
770,15-month,NUM,21.585376739501953,290086,Llamarían,VERB,29.526016235351562,313655
771,-,PUNCT,22.87771987915039,290086,.,PUNCT,31.750732421875,313655
772,old,ADJ,21.919452667236328,290086,(,PUNCT,28.842130661010742,313655
773,little,ADJ,18.174083709716797,290086,.,PUNCT,31.900344848632812,313655
774,girl,NOUN,20.16944122314453,290086,policía,NOUN,35.845802307128906,313655
775,",",PUNCT,20.05721092224121,290086,),PUNCT,32.31949996948242,313655
776,and,CCONJ,19.922882080078125,297512,Risas,PROPN,34.86404800415039,313655
777,she,PRON,23.94114112854004,297512,algo,PRON,31.91743278503418,317767
778,has,AUX,23.43152618408203,297512,Harían,VERB,33.159732818603516,317767
779,autism,NOUN,19.403358459472656,297512,espacio,NOUN,32.39007568359375,320316
780,.,PUNCT,20.73025131225586,297512,",",PUNCT,31.650928497314453,317767
781,And,CCONJ,20.084335327148438,300594,porque,SCONJ,34.943912506103516,317767
782,I,PRON,25.994123458862305,300594,imposible,ADJ,34.590126037597656,317767
783,am,AUX,24.07737159729004,300594,es,AUX,33.51743698120117,317767
784,coming,VERB,25.253925323486328,300594,invadir,VERB,35.71453857421875,320316
785,so,ADV,24.188983917236328,300594,el,DET,36.85786437988281,320316
786,close,ADV,20.49991226196289,300594,literalmente,ADV,35.685264587402344,317767
787,to,ADP,21.345848083496094,300594,de,ADP,29.84128761291504,320316
788,her,PRON,21.27379608154297,300594,alguien,PRON,31.375057220458984,320316
789,that,SCONJ,20.209789276123047,300594,físico,ADJ,33.56193542480469,320316
790,I,PRON,25.160503387451172,300594,y,CONJ,32.68708801269531,322892
791,am,AUX,23.642133712768555,300594,tener,VERB,37.86735153198242,322892
792,maybe,ADV,22.72027015686035,300594,no,ADV,33.87506866455078,322892
793,two,NUM,21.61927032470703,300594,.,PUNCT,32.1366081237793,322892
794,inches,NOUN,22.733388900756836,300594,reacción,NOUN,32.370052337646484,322892
795,from,ADP,22.10971450805664,300594,por,ADP,32.33304214477539,324247
796,her,DET,20.560853958129883,300594,una,DET,34.20942687988281,322892
797,face,NOUN,19.791683197021484,300594,intuición,NOUN,29.14478302001953,324247
798,",",PUNCT,21.957401275634766,300594,",",PUNCT,30.55022621154785,324247
799,and,CCONJ,19.684316635131836,306406,hacemos,VERB,34.5814208984375,324247
800,she,PRON,24.34693717956543,306406,lo,PRON,31.533655166625977,324247
801,'s,AUX,22.69586944580078,306406,es,AUX,32.68053436279297,327931
802,quite,ADV,24.601787567138672,306406,",",PUNCT,28.70282554626465,324247
803,oblivious,ADJ,23.400476455688477,306406,esfuerzo,NOUN,33.280033111572266,324247
804,to,ADP,23.596574783325195,306406,sin,ADP,35.07184600830078,324247
805,me,PRON,26.731107711791992,306406,Esta,PRON,32.18446731567383,327931
806,.,PUNCT,20.154212951660156,306406,.,PUNCT,32.11607360839844,324247
807,Imagine,VERB,19.176923751831055,308265,Recuerden,VERB,34.167789459228516,324247
808,if,SCONJ,22.63713836669922,308265,la,DET,33.13833999633789,327931
809,I,PRON,25.184722900390625,308265,sabiduría,NOUN,30.425228118896484,327931
810,did,AUX,25.796192169189453,308265,es,AUX,36.08209991455078,327931
811,that,DET,20.517492294311523,308265,nuestro,DET,33.82929992675781,327931
812,to,ADP,20.384273529052734,308265,de,ADP,29.349252700805664,327931
813,you,PRON,23.395469665527344,308265,algo,PRON,33.072689056396484,327931
814,",",PUNCT,21.126659393310547,308265,.,PUNCT,32.335933685302734,327931
815,came,VERB,21.51593780517578,308265,No,ADV,32.73655319213867,327931
816,two,NUM,23.510740280151367,308265,que,SCONJ,33.21369171142578,329348
817,inches,NOUN,23.615631103515625,308265,cuerpo,NOUN,32.054298400878906,327931
818,from,ADP,21.532339096069336,308265,por,ADP,32.54128646850586,329348
819,your,DET,21.8831787109375,308265,nuestro,DET,35.121761322021484,329348
820,face,NOUN,21.3535099029541,308265,lenguaje,NOUN,33.01631546020508,329348
821,.,PUNCT,21.903568267822266,308265,.,PUNCT,31.26486587524414,329348
822,You,PRON,24.291364669799805,311717,lo,PRON,32.7011833190918,329348
823,'d,VERB,19.872182846069336,311717,mediado,ADJ,35.25117111206055,329348
824,do,AUX,23.217580795288086,311717,está,AUX,37.570274353027344,329348
825,probably,ADV,23.14908218383789,311717,simplemente,ADV,35.6142463684082,329348
826,two,NUM,23.557069778442383,311717,Nuestro,DET,33.962162017822266,329348
827,things,NOUN,23.056766510009766,311717,cuerpo,NOUN,32.70278549194336,329348
828,",",PUNCT,20.953445434570312,311717,",",PUNCT,27.11676597595215,329348
829,would,VERB,23.876192092895508,311717,sabe,VERB,32.96765899658203,329348
830,n't,PART,25.457448959350586,311717,y,CONJ,32.93229293823242,333898
831,you,PRON,23.470651626586914,311717,lo,PRON,32.804630279541016,333898
832,?,PUNCT,22.334110260009766,311717,hemos,AUX,34.56645584106445,333898
833,You,PRON,23.93697738647461,313946,algo,PRON,33.9824333190918,336661
834,would,VERB,26.368913650512695,313946,por,ADP,32.87925338745117,333898
835,recoil,VERB,25.139747619628906,313946,sabido,VERB,36.226531982421875,333898
836,.,PUNCT,19.152843475341797,313946,.,PUNCT,31.391435623168945,333898
837,You,PRON,23.84116554260254,313946,esto,PRON,33.64557647705078,336661
838,would,VERB,25.574426651000977,313946,Y,CONJ,33.898433685302734,336661
839,call,VERB,24.30678367614746,313946,no,ADV,32.988765716552734,336661
840,the,DET,21.32764434814453,313946,mucho,DET,34.93996810913086,333898
841,police,NOUN,19.32301139831543,313946,tiempo,NOUN,34.569419860839844,333898
842,.,PUNCT,20.80693244934082,313946,es,AUX,36.09808349609375,336661
843,(,PUNCT,19.138301849365234,316568,que,PRON,31.667688369750977,336661
844,Laughter,PROPN,20.165264129638672,316568,a,ADP,31.728843688964844,336661
845,),PUNCT,20.96363067626953,316568,solo,ADJ,34.819705963134766,336661
846,You,PRON,24.351072311401367,317766,le,PRON,32.820037841796875,336661
847,would,VERB,24.81233024597168,317766,sucede,VERB,37.7128791809082,336661
848,do,AUX,23.899580001831055,317766,los,DET,35.848819732666016,336661
849,something,PRON,22.571521759033203,317766,humanos,NOUN,34.76744842529297,336661
850,",",PUNCT,22.735252380371094,317766,.,PUNCT,32.337562561035156,336661
851,because,SCONJ,21.735597610473633,318943,porque,SCONJ,34.6637077331543,342824
852,it,PRON,24.590686798095703,318943,Les,PRON,30.71487045288086,339600
853,'s,AUX,21.677745819091797,318943,a,ADP,32.701904296875,339600
854,literally,ADV,24.33485984802246,318943,de,ADP,30.214942932128906,339600
855,impossible,ADJ,22.44718360900879,318943,primos,ADJ,32.60838317871094,339600
856,to,PART,24.697721481323242,318943,nuestros,DET,32.64129638671875,339600
857,penetrate,VERB,26.146818161010742,318943,sucede,VERB,38.666847229003906,339600
858,somebody,PRON,20.275291442871094,318943,algunos,PRON,34.88568878173828,339600
859,'s,PART,21.753774642944336,318943,",",PUNCT,31.186513900756836,339600
860,physical,ADJ,20.0118350982666,318943,filáticos,ADJ,33.941749572753906,339600
861,space,NOUN,17.959665298461914,318943,mono,NOUN,32.73366165161133,342824
862,and,CCONJ,21.564529418945312,323025,si,SCONJ,35.986854553222656,342824
863,not,PART,22.203697204589844,323025,y,CONJ,33.04534149169922,344818
864,get,AUX,22.076950073242188,323025,eres,AUX,31.51232147216797,342824
865,that,DET,21.465593338012695,323025,un,DET,35.05474090576172,342824
866,reaction,NOUN,19.461505889892578,323025,miras,NOUN,31.957162857055664,344818
867,.,PUNCT,21.444072723388672,323025,",",PUNCT,29.762184143066406,342824
868,We,PRON,23.922178268432617,324452,a,ADP,31.8123836517334,344818
869,do,AUX,22.414226531982422,324452,otro,DET,33.71919250488281,344818
870,so,ADV,20.95028305053711,324452,mono,NOUN,33.063880920410156,344818
871,",",PUNCT,20.918405532836914,324452,",",PUNCT,29.651765823364258,344818
872,remember,VERB,22.438335418701172,324452,tiene,VERB,34.78835678100586,346914
873,",",PUNCT,19.339397430419922,324452,y,CONJ,33.02392578125,346914
874,intuitively,ADV,18.877702713012695,324452,mono,NOUN,32.15208435058594,346914
875,",",PUNCT,21.330036163330078,324452,ese,DET,35.884769439697266,346914
876,effortlessly,ADV,20.05337905883789,324452,más,ADV,35.675540924072266,346914
877,.,PUNCT,21.38067054748535,324452,jerárquica,ADJ,34.969078063964844,346914
878,This,DET,23.90012550354004,327931,una,DET,35.76816177368164,346914
879,is,AUX,22.795984268188477,327931,alta,ADJ,35.191436767578125,346914
880,our,DET,22.01966667175293,327931,que,SCONJ,32.546756744384766,346914
881,body,NOUN,19.221542358398438,327931,posición,NOUN,32.274471282958984,346914
882,wisdom,NOUN,20.28805923461914,327931,señal,NOUN,31.533140182495117,350932
883,;,PUNCT,19.05401039123535,327931,",",PUNCT,29.02479362487793,346914
884,it,PRON,23.63690757751465,329120,tú,PRON,32.28600311279297,346914
885,'s,AUX,21.947912216186523,329120,y,CONJ,33.25290298461914,350932
886,not,PART,23.182022094726562,329120,eso,PRON,34.49406051635742,350932
887,something,PRON,22.533960342407227,329120,se,PRON,30.884206771850586,350932
888,mediated,VERB,22.411163330078125,329120,considera,VERB,37.306034088134766,350932
889,by,ADP,23.054527282714844,329120,de,ADP,29.885435104370117,350932
890,our,DET,24.25980567932129,329120,una,DET,34.39906692504883,350932
891,language,NOUN,20.2884578704834,329120,amenaza,NOUN,29.835140228271484,350932
892,.,PUNCT,20.713481903076172,329120,",",PUNCT,30.223581314086914,350932
893,Our,DET,23.245580673217773,331342,mucho,DET,34.661197662353516,354485
894,body,NOUN,21.88543701171875,331342,tiempo,NOUN,34.614803314208984,354485
895,just,ADV,23.591598510742188,331342,no,ADV,34.764793395996094,354485
896,knows,VERB,25.47980499267578,331342,vivirás,VERB,32.73228454589844,354485
897,that,DET,19.830129623413086,331342,Lo,DET,32.556068420410156,357365
898,.,PUNCT,21.791194915771484,331342,.,PUNCT,31.400819778442383,354485
899,And,CCONJ,21.121807098388672,334269,por,ADP,34.54392623901367,354485
900,we,PRON,24.220029830932617,334269,que,PRON,32.976783752441406,357365
901,'ve,AUX,22.953819274902344,334269,son,AUX,36.28718948364258,357365
902,known,VERB,22.574960708618164,334269,en,ADP,33.608089447021484,357365
903,that,SCONJ,18.609359741210938,334269,especies,NOUN,36.57729721069336,357365
904,for,ADP,20.00764274597168,334269,de,ADP,31.10991859436035,357365
905,a,DET,22.570816040039062,334269,otras,DET,35.94947052001953,357365
906,long,ADJ,20.257003784179688,334269,mecanismos,NOUN,35.82736587524414,357365
907,time,NOUN,20.7746639251709,334269,supervivencia,NOUN,30.53483772277832,357365
908,.,PUNCT,21.672935485839844,334269,",",PUNCT,31.030561447143555,357365
909,And,CCONJ,20.19879150390625,336661,sin,ADP,34.196380615234375,361786
910,this,DET,23.744699478149414,336661,los,DET,35.390403747558594,365207
911,is,AUX,24.840587615966797,336661,no,ADV,33.503726959228516,361786
912,not,PART,22.607908248901367,336661,",",PUNCT,30.12303352355957,361786
913,something,PRON,20.259164810180664,336661,ellos,PRON,34.91469955444336,361786
914,that,DET,22.90179443359375,336661,los,DET,33.83530807495117,365207
915,happens,VERB,23.95456886291504,336661,vivirían,VERB,31.568567276000977,361786
916,to,ADP,20.580507278442383,336661,al,ADP,34.62469482421875,365207
917,humans,NOUN,23.38532829284668,336661,contexto,NOUN,28.5872859954834,365207
918,only,ADV,24.65328025817871,336661,traemos,NOUN,34.5273323059082,365207
919,.,PUNCT,21.3603458404541,336661,",",PUNCT,29.89328956604004,365207
920,It,PRON,24.572669982910156,339600,esto,PRON,33.58735275268555,367907
921,happens,VERB,25.479373931884766,339600,necesitamos,VERB,32.950687408447266,367907
922,to,ADP,20.307586669921875,339600,de,ADP,30.0416202545166,365207
923,some,DET,22.799537658691406,339600,y,CONJ,33.641319274902344,367907
924,of,ADP,22.99564552307129,339600,es,AUX,31.651935577392578,367907
925,our,DET,21.898807525634766,339600,lo,DET,34.18063735961914,367907
926,phyletic,ADJ,20.632614135742188,339600,humanos,ADJ,33.55901336669922,365207
927,cousins,NOUN,20.851028442382812,339600,seres,NOUN,36.13850784301758,365207
928,",",PUNCT,20.293291091918945,339600,",",PUNCT,29.55851173400879,367907
929,because,SCONJ,20.563505172729492,342824,:,PUNCT,30.959720611572266,367907
930,if,SCONJ,20.9993953704834,342824,actuar,VERB,34.375762939453125,367907
931,you,PRON,23.596601486206055,342824,que,PRON,31.500085830688477,367907
932,'re,AUX,21.997509002685547,342824,actuar,VERB,34.99110794067383,367907
933,a,DET,23.027179718017578,342824,socialmente,ADV,36.808189392089844,367907
934,monkey,NOUN,17.67316246032715,342824,.,PUNCT,33.19070816040039,367907
935,",",PUNCT,20.610193252563477,342824,",",PUNCT,29.832929611206055,372070
936,and,CCONJ,20.889480590820312,342824,Bien,ADV,33.680545806884766,372070
937,you,PRON,23.788318634033203,342824,ella,PRON,30.140636444091797,372070
938,look,VERB,21.66382598876953,342824,ignora,VERB,31.7895450592041,372070
939,at,ADP,23.4434871673584,342824,me,PRON,31.10188102722168,372070
940,another,DET,23.686933517456055,342824,",",PUNCT,29.77911949157715,372070
941,monkey,NOUN,18.564434051513672,342824,y,CONJ,32.37922286987305,372070
942,",",PUNCT,19.223737716674805,342824,",",PUNCT,32.8978271484375,372070
943,and,CCONJ,18.33780860900879,346914,tan,ADV,33.927223205566406,372070
944,that,DET,19.825138092041016,346914,cerca,ADV,35.97529983520508,372070
945,monkey,NOUN,20.12408447265625,346914,y,CONJ,34.974727630615234,374973
946,has,AUX,22.2303466796875,346914,estoy,AUX,33.41327667236328,372070
947,a,DET,23.221609115600586,346914,Uds.,PROPN,33.70587921142578,374973
948,higher,ADJ,19.78680992126465,346914,piensan,VERB,36.824851989746094,374973
949,hierarchy,NOUN,19.69164276123047,346914,no,ADV,32.41421127319336,374973
950,position,NOUN,19.922340393066406,346914,quizá,ADV,34.284271240234375,374973
951,than,SCONJ,22.775300979614258,346914,que,SCONJ,32.653926849365234,374973
952,you,PRON,20.960695266723633,346914,me,PRON,34.34804153442383,374973
953,",",PUNCT,21.222333908081055,346914,",",PUNCT,31.722597122192383,374973
954,and,CCONJ,19.328941345214844,350932,ver,VERB,36.68291091918945,374973
955,that,DET,18.826868057250977,350932,o,CONJ,32.95195770263672,376971
956,is,AUX,23.861772537231445,350932,puede,AUX,37.38564682006836,374973
957,considered,VERB,22.37242317199707,350932,escuchar,VERB,36.290138244628906,376971
958,to,PART,20.280439376831055,350932,no,ADV,32.958282470703125,376971
959,be,AUX,24.623626708984375,350932,puede,AUX,36.55572509765625,376971
960,a,DET,23.402360916137695,350932,me,PRON,34.239925384521484,376971
961,signal,NOUN,19.43817138671875,350932,Minutos,NOUN,32.0287971496582,378591
962,or,CCONJ,24.882755279541016,350932,después,ADV,35.372989654541016,378591
963,threat,NOUN,18.3325252532959,350932,esquina,NOUN,31.224952697753906,378591
964,",",PUNCT,20.477115631103516,350932,",",PUNCT,30.522417068481445,378591
965,well,INTJ,24.410133361816406,354485,va,VERB,33.17359924316406,378591
966,",",PUNCT,20.63194465637207,354485,.,PUNCT,33.638553619384766,376971
967,you,PRON,22.916547775268555,354485,se,PRON,32.153717041015625,378591
968,are,AUX,25.364168167114258,354485,la,DET,32.81083297729492,378591
969,not,PART,25.14486312866211,354485,a,ADP,32.63148498535156,378591
970,going,VERB,24.619834899902344,354485,encuentra,VERB,34.14873504638672,380931
971,to,PART,21.11509132385254,354485,la,DET,31.612075805664062,380931
972,be,AUX,25.29191780090332,354485,habitación,NOUN,30.738981246948242,380931
973,alive,ADJ,22.5484561920166,354485,y,CONJ,32.239200592041016,380931
974,for,ADP,19.214216232299805,354485,de,ADP,32.63103103637695,380931
975,long,ADJ,20.74297523498535,354485,pequeña,ADJ,33.215824127197266,380931
976,.,PUNCT,21.92115592956543,354485,",",PUNCT,29.9088134765625,380931
977,So,ADV,18.914613723754883,357365,una,DET,35.65900421142578,380931
978,something,PRON,20.388303756713867,357365,algo,PRON,32.543495178222656,386530
979,that,DET,20.200857162475586,357365,un,DET,33.12181854248047,380931
980,in,ADP,20.21232032775879,357365,",",PUNCT,29.36968421936035,380931
981,other,ADJ,23.235862731933594,357365,M&M.,PROPN,33.64320373535156,380931
982,species,NOUN,21.942630767822266,357365,golosina,NOUN,33.814369201660156,380931
983,are,AUX,24.374160766601562,357365,pero,CONJ,34.02094268798828,386530
984,survival,NOUN,20.74889373779297,357365,",",PUNCT,31.443864822387695,386530
985,mechanisms,NOUN,20.340778350830078,357365,objeto,NOUN,31.452735900878906,386530
986,",",PUNCT,21.095245361328125,357365,",",PUNCT,30.380048751831055,386530
987,without,ADP,20.69419288635254,362221,de,ADP,29.080934524536133,393829
988,which,DET,24.15987205505371,362221,un,DET,34.344261169433594,386530
989,they,PRON,24.889074325561523,362221,lo,PRON,33.25651931762695,386530
990,would,VERB,26.683704376220703,362221,hizo,VERB,35.4216423034668,386530
991,n't,PART,26.236623764038086,362221,Muchos,PRON,33.121826171875,393829
992,basically,ADV,24.460067749023438,362221,una,DET,33.48263931274414,393829
993,live,VERB,21.59833335876465,362221,establecemos,VERB,35.222076416015625,393829
994,",",PUNCT,21.32784080505371,362221,.,PUNCT,32.27508544921875,386530
995,we,PRON,25.421646118164062,365352,nosotros,PRON,31.492870330810547,393829
996,bring,VERB,23.508705139160156,365352,dicotomía,NOUN,33.30076599121094,393829
997,into,ADP,18.48845100402832,365352,entre,ADP,32.66557693481445,396471
998,the,DET,21.83881950378418,365352,el,DET,34.81874465942383,396471
999,context,NOUN,19.765657424926758,365352,mundo,NOUN,30.523557662963867,396471
1000,of,ADP,23.579858779907227,365352,de,ADP,29.589515686035156,396471
1001,human,ADJ,20.611915588378906,365352,gran,ADJ,35.18028259277344,393829
1002,beings,NOUN,20.577041625976562,365352,cosas,NOUN,33.3380126953125,396471
1003,",",PUNCT,21.8431453704834,365352,las,DET,33.46235275268555,396471
1004,and,CCONJ,19.444360733032227,367907,y,CONJ,33.732723236083984,396471
1005,this,DET,22.921098709106445,367907,el,DET,34.922115325927734,396471
1006,is,AUX,23.603660583496094,367907,mundo,NOUN,30.293983459472656,396471
1007,what,PRON,21.405311584472656,367907,de,ADP,29.47119140625,396471
1008,we,PRON,25.330745697021484,367907,las,DET,33.86685562133789,396471
1009,need,VERB,22.42899513244629,367907,personas,NOUN,35.43210983276367,396471
1010,to,PART,20.944629669189453,367907,niña,NOUN,32.15654754638672,400806
1011,simply,ADV,23.38890266418457,367907,Para,ADP,32.78154754638672,400806
1012,act,VERB,23.789682388305664,367907,esta,DET,34.50508117675781,400806
1013,",",PUNCT,19.891056060791016,367907,.,PUNCT,33.106021881103516,396471
1014,socially,ADV,21.574291229248047,367907,esa,DET,33.80217742919922,400806
1015,.,PUNCT,21.545080184936523,367907,",",PUNCT,31.873981475830078,400806
1016,Now,ADV,23.436189651489258,372180,no,ADV,31.375093460083008,400806
1017,",",PUNCT,22.31264305114746,372180,divisoria,ADJ,34.36277770996094,400806
1018,she,PRON,24.515687942504883,372180,línea,NOUN,33.8599739074707,400806
1019,is,AUX,26.253171920776367,372180,es,AUX,35.03143310546875,400806
1020,oblivious,ADJ,22.53037452697754,372180,clara,ADJ,35.64408874511719,400806
1021,to,ADP,22.682266235351562,372180,tan,ADV,34.984840393066406,400806
1022,me,PRON,25.76508903503418,372180,",",PUNCT,29.16029167175293,400806
1023,and,CCONJ,21.506261825561523,372180,y,CONJ,33.71888732910156,405397
1024,I,PRON,23.940855026245117,372180,le,PRON,32.21528244018555,405397
1025,'m,AUX,22.603744506835938,372180,atrae,VERB,35.88890838623047,405397
1026,so,ADV,25.7329158782959,372180,no,ADV,34.092124938964844,405397
1027,close,ADJ,21.435752868652344,372180,el,DET,35.89338684082031,405397
1028,to,ADP,22.36492156982422,372180,de,ADP,29.377521514892578,405397
1029,her,PRON,21.39259147644043,372180,mundo,NOUN,30.630495071411133,405397
1030,",",PUNCT,18.954439163208008,372180,las,DET,34.1027946472168,405397
1031,and,CCONJ,20.961082458496094,374973,personas,NOUN,35.50697708129883,405397
1032,you,PRON,25.667505264282227,374973,como,SCONJ,32.42411804199219,408527
1033,think,VERB,22.329225540161133,374973,quisiéramos,VERB,34.36075210571289,408527
1034,",",PUNCT,20.34534454345703,374973,.,PUNCT,32.53786849975586,408527
1035,maybe,ADV,21.90631866455078,374973,tanto,ADV,34.75102615356445,408527
1036,she,PRON,24.368648529052734,374973,que,SCONJ,31.13431739807129,410010
1037,can,VERB,23.692665100097656,374973,Recuerden,VERB,32.689205169677734,410010
1038,see,VERB,25.185718536376953,374973,aprendemos,VERB,35.027740478515625,410010
1039,you,PRON,23.33612823486328,374973,que,PRON,31.611854553222656,414445
1040,",",PUNCT,21.145612716674805,374973,al,ADP,35.74982452392578,412044
1041,maybe,ADV,21.80970573425293,376971,mucho,ADV,34.0491828918457,410010
1042,she,PRON,23.620962142944336,376971,experiencias,NOUN,33.718345642089844,412044
1043,can,VERB,23.907669067382812,376971,compartir,VERB,33.64069366455078,412044
1044,hear,VERB,26.151037216186523,376971,hace,VERB,36.919097900390625,414445
1045,you,PRON,23.241674423217773,376971,ella,PRON,31.8190860748291,414445
1046,.,PUNCT,21.696924209594727,376971,.,PUNCT,33.130340576171875,412044
1047,Well,INTJ,24.48640251159668,378506,Lo,DET,32.871726989746094,414445
1048,",",PUNCT,18.801593780517578,378506,es,AUX,35.2646598815918,417616
1049,a,DET,20.986652374267578,378506,su,DET,34.48236083984375,417616
1050,few,ADJ,20.72052001953125,378506,bifurcar,VERB,35.62834548950195,417616
1051,minutes,NOUN,20.38827896118164,378506,camino,NOUN,33.262611389160156,417616
1052,later,ADV,20.140405654907227,378506,ahora,ADV,35.91544723510742,414445
1053,",",PUNCT,20.607162475585938,378506,de,ADP,30.415739059448242,417616
1054,she,PRON,25.87111473083496,380152,aprendizaje,NOUN,32.34599304199219,417616
1055,goes,VERB,24.617883682250977,380152,instante,NOUN,33.81502151489258,417616
1056,to,ADP,20.211713790893555,380152,a,ADP,32.442039489746094,417616
1057,the,DET,23.506298065185547,380152,cada,DET,35.02043914794922,417616
1058,corner,NOUN,17.47740936279297,380152,aislarse,NOUN,29.56612777709961,422095
1059,of,ADP,22.987327575683594,380152,al,ADP,37.66691207885742,422095
1060,the,DET,21.96388053894043,380152,cada,DET,32.98491287231445,422095
1061,room,NOUN,17.45127296447754,380152,vez,NOUN,31.1497859954834,422095
1062,",",PUNCT,21.029996871948242,380152,.,PUNCT,33.084693908691406,422095
1063,and,CCONJ,19.831483840942383,382117,más,ADV,35.192508697509766,422095
1064,she,PRON,25.2038516998291,382117,A,ADP,35.46659469604492,425913
1065,finds,VERB,26.593263626098633,382117,sentimos,VERB,33.0718994140625,425913
1066,a,DET,22.67886734008789,382117,el,DET,34.9714469909668,425913
1067,tiny,ADJ,20.654342651367188,382117,que,SCONJ,31.064254760742188,425913
1068,little,ADJ,19.383426666259766,382117,determinista,ADJ,31.871501922607422,425913
1069,piece,NOUN,22.454912185668945,382117,cerebro,NOUN,32.085899353027344,425913
1070,of,ADP,24.983530044555664,382117,es,AUX,30.54674530029297,425913
1071,candy,NOUN,20.60454750061035,382117,veces,NOUN,34.6004524230957,425913
1072,",",PUNCT,21.96044158935547,382117,",",PUNCT,29.712352752685547,425913
1073,an,DET,19.794084548950195,382117,que,SCONJ,32.18587875366211,428879
1074,M&M.,NOUN,17.750808715820312,382117,quiénes,NOUN,32.32439041137695,428879
1075,but,CCONJ,20.531097412109375,386859,define,VERB,34.43310546875,428879
1076,something,PRON,20.18881607055664,386859,seremos,ADJ,32.10265350341797,428879
1077,--,PUNCT,20.630868911743164,386859,.,PUNCT,32.397743225097656,428879
1078,a,DET,21.41910171508789,386859,el,DET,34.407875061035156,431401
1079,thing,NOUN,19.30672836303711,386859,hecho,NOUN,29.25703239440918,431401
1080,--,PUNCT,19.0245361328125,386859,de,ADP,31.953439712524414,431401
1081,did,AUX,20.854141235351562,386859,Pero,CONJ,32.21529769897461,431401
1082,.,PUNCT,21.37989616394043,386859,",",PUNCT,29.04815673828125,431401
1083,Now,ADV,23.24930763244629,393930,también,ADV,33.411163330078125,431401
1084,",",PUNCT,20.97028160095215,393930,",",PUNCT,33.081825256347656,431401
1085,most,ADJ,21.31623077392578,393930,se,PRON,34.1314697265625,431401
1086,of,ADP,24.48673439025879,393930,en,ADP,34.75019836425781,431401
1087,us,PRON,23.712806701660156,393930,que,PRON,33.32719039916992,431401
1088,make,VERB,23.116077423095703,393930,convierte,VERB,35.79764938354492,431401
1089,a,DET,22.203811645507812,393930,lo,DET,35.48908233642578,431401
1090,big,ADJ,19.32634735107422,393930,somos,AUX,32.24108123779297,431401
1091,dichotomy,NOUN,19.022335052490234,393930,cerebro,NOUN,29.166412353515625,431401
1092,between,ADP,23.71921157836914,396471,al,ADP,34.90043640136719,434241
1093,the,DET,23.889196395874023,396471,y,CONJ,31.411041259765625,434241
1094,world,NOUN,17.43684959411621,396471,tiempo,NOUN,33.62192916870117,434241
1095,of,ADP,22.71653938293457,396471,que,SCONJ,29.177770614624023,434241
1096,things,NOUN,18.734582901000977,396471,comportamiento,NOUN,33.70380401611328,434241
1097,and,CCONJ,21.524219512939453,396471,se,PRON,31.962146759033203,434241
1098,the,DET,19.057588577270508,396471,su,DET,35.63167953491211,434241
1099,world,NOUN,17.503633499145508,396471,aleja,VERB,35.1331787109375,434241
1100,of,ADP,22.861263275146484,396471,del,ADP,33.484127044677734,438254
1101,people,NOUN,20.36165428161621,396471,campo,NOUN,31.979021072387695,438254
1102,.,PUNCT,21.717025756835938,396471,la,DET,32.34296417236328,438254
1103,Now,ADV,23.42861557006836,400882,social,ADJ,34.41685485839844,438254
1104,",",PUNCT,21.833454132080078,400882,",",PUNCT,29.62007713317871,438254
1105,for,ADP,20.546085357666016,400882,de,ADP,30.9240779876709,438254
1106,this,DET,23.408296585083008,400882,lo,DET,34.24367904663086,438254
1107,girl,NOUN,19.773944854736328,400882,interacción,NOUN,30.31414031982422,438254
1108,",",PUNCT,19.14470672607422,400882,esto,PRON,33.302452087402344,438254
1109,that,SCONJ,18.21097755432129,400882,sucede,VERB,36.86323928833008,438254
1110,division,NOUN,18.55870246887207,400882,que,PRON,33.68804168701172,438254
1111,line,NOUN,18.43830680847168,400882,mente,NOUN,30.771236419677734,441137
1112,is,AUX,23.447195053100586,400882,es,AUX,31.83787727355957,438254
1113,not,PART,24.168228149414062,400882,con,ADP,34.121360778808594,441137
1114,so,ADV,24.368301391601562,400882,su,DET,30.498815536499023,441137
1115,clear,ADJ,21.547269821166992,400882,y,CONJ,32.0975341796875,441137
1116,",",PUNCT,18.76286506652832,400882,esto,PRON,33.11478805541992,441137
1117,and,CCONJ,18.75711441040039,405397,lo,DET,30.25613021850586,441137
1118,the,DET,20.79857635498047,405397,su,DET,33.44087219238281,441137
1119,world,NOUN,17.33214569091797,405397,autismo,NOUN,32.40607452392578,446529
1120,of,ADP,21.95171356201172,405397,con,ADP,34.05982208251953,441137
1121,people,NOUN,21.204025268554688,405397,cerebro,NOUN,33.54999923706055,441137
1122,is,AUX,23.507383346557617,405397,es,AUX,32.43515396118164,446529
1123,not,PART,24.730302810668945,405397,.,PUNCT,31.60481071472168,441137
1124,attracting,VERB,24.226112365722656,405397,sucede,VERB,37.026241302490234,441137
1125,her,PRON,20.039939880371094,405397,que,PRON,33.57369613647461,441137
1126,as,ADV,21.877742767333984,408527,El,DET,35.38515090942383,446529
1127,much,ADV,25.78493309020996,408527,más,ADV,34.87934875488281,446529
1128,as,SCONJ,21.566518783569336,408527,trastorno,NOUN,30.761587142944336,446529
1129,we,PRON,24.836719512939453,408527,genético,ADJ,32.40096664428711,446529
1130,would,VERB,26.185209274291992,408527,el,DET,34.33265686035156,446529
1131,like,VERB,20.90767478942871,408527,severa,ADJ,32.01081848144531,446529
1132,.,PUNCT,21.38530731201172,408527,de,ADP,30.623455047607422,452367
1133,Now,ADV,23.599998474121094,410010,todos,DET,31.86431884765625,452367
1134,",",PUNCT,20.845462799072266,410010,",",PUNCT,30.69556427001953,452367
1135,remember,VERB,21.63971519470215,410010,trastornos,NOUN,35.81573486328125,452367
1136,that,SCONJ,19.76271629333496,410010,los,DET,35.308509826660156,452367
1137,we,PRON,26.204837799072266,410010,desarrollo,NOUN,29.708755493164062,452367
1138,learn,VERB,23.715782165527344,410010,y,CONJ,33.65671157836914,455820
1139,a,DET,23.48985481262207,410010,un,DET,36.63786697387695,455820
1140,great,ADJ,19.702865600585938,410010,cerebral,ADJ,35.21546173095703,455820
1141,deal,NOUN,20.718303680419922,410010,trastorno,NOUN,32.89745330810547,455820
1142,by,ADP,21.394821166992188,410010,del,ADP,34.31173324584961,452367
1143,sharing,VERB,22.912437438964844,410010,es,AUX,33.42915344238281,455820
1144,experiences,NOUN,21.080873489379883,410010,trastorno,NOUN,32.8336181640625,458695
1145,.,PUNCT,20.08085823059082,410010,.,PUNCT,33.63920974731445,455820
1146,What,PRON,22.33371353149414,414445,un,DET,35.984519958496094,458695
1147,she,PRON,25.84153175354004,414445,que,PRON,34.47834014892578,458695
1148,is,AUX,24.672977447509766,414445,Es,AUX,34.15620040893555,458695
1149,doing,VERB,25.080018997192383,414445,comienza,VERB,38.63199996948242,458695
1150,right,ADV,21.41905403137207,414445,mucho,ADV,34.055870056152344,458695
1151,now,ADV,23.91507911682129,414445,antes,ADV,35.366065979003906,458695
1152,is,AUX,22.671083450317383,414445,del,ADP,32.54536056518555,461304
1153,that,SCONJ,18.532930374145508,414445,nacimiento,NOUN,31.332794189453125,461304
1154,her,DET,21.050046920776367,414445,un,DET,36.45790481567383,464170
1155,path,NOUN,21.504701614379883,414445,niño,NOUN,31.66166877746582,461304
1156,of,ADP,23.23587989807129,414445,del,ADP,33.84136199951172,461304
1157,learning,NOUN,19.615514755249023,414445,Ahora,ADV,33.264404296875,464170
1158,is,AUX,25.176130294799805,414445,hay,AUX,32.36297607421875,464170
1159,diverging,VERB,21.823619842529297,414445,sabemos,VERB,35.637420654296875,464170
1160,",",PUNCT,19.60883140563965,414445,.,PUNCT,31.97625732421875,461304
1161,moment,NOUN,19.87401008605957,420330,autismo,NOUN,30.093345642089844,464170
1162,by,ADP,22.84914207458496,420330,de,ADP,30.68695831298828,464170
1163,moment,NOUN,19.42864990234375,420330,espectro,NOUN,31.83525276184082,464170
1164,",",PUNCT,22.173538208007812,420330,.,PUNCT,32.26526641845703,464170
1165,as,SCONJ,21.478740692138672,422095,que,SCONJ,34.437950134277344,464170
1166,she,PRON,25.76771354675293,422095,amplio,ADJ,35.40715789794922,464170
1167,is,AUX,24.078758239746094,422095,Hay,AUX,34.94363784790039,467884
1168,isolating,VERB,23.432519912719727,422095,individuos,NOUN,32.750877380371094,467884
1169,herself,PRON,22.987390518188477,422095,que,PRON,32.73805236816406,467884
1170,further,ADV,22.85826873779297,422095,totalmente,ADV,36.5326042175293,467884
1171,and,CCONJ,22.922340393066406,422095,están,AUX,34.99332809448242,467884
1172,further,ADV,20.77483558654785,422095,intelectualmente,ADV,34.16061782836914,470396
1173,.,PUNCT,22.39923667907715,422095,",",PUNCT,29.557270050048828,470396
1174,So,CCONJ,19.445491790771484,425913,incapacitados,ADJ,33.87562942504883,470396
1175,we,PRON,25.706844329833984,425913,pero,CONJ,34.31346130371094,470396
1176,feel,VERB,24.659025192260742,425913,hay,AUX,34.0155029296875,470396
1177,sometimes,ADV,23.296466827392578,425913,no,ADV,33.82801055908203,473394
1178,that,SCONJ,20.07219886779785,425913,superdotados,NOUN,35.57307815551758,470396
1179,the,DET,21.17035484313965,425913,otros,DET,34.39750671386719,470396
1180,brain,NOUN,20.328414916992188,425913,individuos,NOUN,33.11473846435547,473394
1181,is,AUX,25.26734161376953,425913,Hay,AUX,34.905452728271484,473394
1182,deterministic,ADJ,20.624380111694336,425913,que,PRON,33.50108337402344,473394
1183,",",PUNCT,20.723581314086914,425913,.,PUNCT,33.93813705444336,470396
1184,the,DET,19.39461898803711,428879,en,ADP,35.14822006225586,473394
1185,brain,NOUN,16.647891998291016,428879,absoluto,NOUN,30.68816566467285,473394
1186,determines,VERB,22.29239273071289,428879,hablan,VERB,36.86275863647461,473394
1187,who,PRON,23.52312469482422,428879,otros,PRON,34.924781799316406,475522
1188,we,PRON,25.112892150878906,428879,que,PRON,32.96442794799805,475522
1189,'re,AUX,24.427722930908203,428879,y,CONJ,34.47213363647461,475522
1190,going,VERB,26.052288055419922,428879,hablan,VERB,37.483829498291016,475522
1191,to,PART,21.021183013916016,428879,mucho,ADV,33.81110382080078,475522
1192,be,AUX,23.516159057617188,428879,Hay,AUX,32.70651626586914,477794
1193,.,PUNCT,21.352230072021484,428879,.,PUNCT,33.60720443725586,475522
1194,But,CCONJ,21.887052536010742,431429,si,SCONJ,31.03590965270996,477794
1195,",",PUNCT,18.25418472290039,431429,",",PUNCT,29.195940017700195,473394
1196,in,ADP,22.27268409729004,431429,a,ADP,32.16691589355469,477794
1197,fact,NOUN,19.898725509643555,431429,observas,NOUN,32.4400520324707,477794
1198,",",PUNCT,20.42013931274414,431429,los,DET,33.639671325683594,477794
1199,the,DET,21.012998580932617,431429,su,DET,32.90628433227539,480295
1200,brain,NOUN,19.837879180908203,431429,escuela,NOUN,30.566192626953125,480295
1201,also,ADV,22.944637298583984,431429,en,ADP,33.960716247558594,480295
1202,becomes,VERB,23.74427032470703,431429,corriendo,VERB,34.63682556152344,480295
1203,who,PRON,22.506486892700195,431429,quienes,PRON,31.23634910583496,477794
1204,we,PRON,24.754310607910156,431429,los,DET,31.68372344970703,480295
1205,are,AUX,24.190200805664062,431429,ves,NOUN,31.97146987915039,480295
1206,",",PUNCT,20.631250381469727,431429,",",PUNCT,30.555688858032227,480295
1207,and,CCONJ,21.049890518188477,434241,por,ADP,33.75922393798828,480295
1208,at,ADP,20.948932647705078,434241,de,ADP,33.28884506225586,483304
1209,the,DET,21.13524055480957,434241,la,DET,32.044193267822266,480295
1210,same,ADJ,21.771013259887695,434241,cerca,ADV,33.17036056518555,480295
1211,time,NOUN,21.735986709594727,434241,escuela,NOUN,31.076068878173828,483304
1212,that,DET,20.382904052734375,434241,la,DET,31.995969772338867,483304
1213,her,DET,22.324575424194336,434241,todo,DET,30.918474197387695,483304
1214,behaviors,NOUN,23.792009353637695,434241,día,NOUN,31.54359245300293,483304
1215,are,AUX,25.179851531982422,434241,si,SCONJ,32.356048583984375,483304
1216,taking,VERB,24.469219207763672,434241,permite,VERB,34.90711212158203,483304
1217,away,ADV,23.92373275756836,434241,se,PRON,31.658227920532227,483304
1218,from,ADP,22.229299545288086,438254,les,PRON,32.322288513183594,483304
1219,the,DET,22.23579978942871,438254,el,DET,32.8797607421875,483304
1220,realm,NOUN,18.74258804321289,438254,y,CONJ,34.11578369140625,485603
1221,of,ADP,23.87081527709961,438254,de,ADP,29.57427978515625,485603
1222,social,ADJ,19.645675659179688,438254,que,PRON,35.139225006103516,485603
1223,interaction,NOUN,19.639986038208008,438254,no,ADV,32.4803466796875,485603
1224,",",PUNCT,21.465599060058594,438254,",",PUNCT,28.679651260375977,483304
1225,this,DET,22.96693229675293,440440,los,DET,32.48042297363281,485603
1226,is,AUX,23.419204711914062,440440,paran,VERB,35.41880416870117,485603
1227,what,PRON,20.258031845092773,440440,ti,PRON,33.118160247802734,485603
1228,'s,AUX,22.491291046142578,440440,acercarse,PROPN,32.116065979003906,485603
1229,happening,VERB,22.48587417602539,440440,tratan,VERB,34.17082214355469,487961
1230,with,ADP,20.21767234802246,440440,a,ADP,32.335323333740234,485603
1231,her,DET,19.829120635986328,440440,y,CONJ,33.24530029296875,487961
1232,mind,NOUN,18.507417678833008,440440,involucrarte,NOUN,30.409006118774414,487961
1233,",",PUNCT,21.631103515625,440440,",",PUNCT,30.454614639282227,487961
1234,and,CCONJ,19.426715850830078,442489,repetidamente,ADJ,33.00904846191406,487961
1235,this,DET,23.03272247314453,442489,de,ADP,31.67864227294922,487961
1236,is,AUX,23.928329467773438,442489,incansablemente,ADJ,31.27196502685547,487961
1237,what,PRON,20.102014541625977,442489,",",PUNCT,29.08008575439453,487961
1238,'s,AUX,22.49119758605957,442489,pero,CONJ,34.980369567871094,489966
1239,happening,VERB,22.382368087768555,442489,siempre,ADV,35.399532318115234,489966
1240,with,ADP,20.444990158081055,442489,de,ADP,31.064844131469727,489966
1241,her,DET,20.827062606811523,442489,una,DET,33.95195388793945,489966
1242,brain,NOUN,19.51093864440918,442489,manera,NOUN,33.37137222290039,489966
1243,.,PUNCT,21.624427795410156,442489,",",PUNCT,31.282617568969727,489966
1244,Well,INTJ,25.345256805419922,447143,extraña,ADJ,34.31300735473633,489966
1245,",",PUNCT,21.80242156982422,447143,.,PUNCT,31.970420837402344,493897
1246,autism,NOUN,19.861719131469727,447143,resonancia,NOUN,34.9914665222168,493897
1247,is,AUX,24.114274978637695,447143,sin,ADP,35.199249267578125,493897
1248,the,DET,21.898895263671875,447143,esa,DET,36.5213623046875,493897
1249,most,ADV,21.00600242614746,447143,más,ADV,34.168556213378906,497672
1250,strongly,ADV,23.053565979003906,447143,mucho,ADV,35.64976501464844,497672
1251,genetic,ADJ,20.32124900817871,447143,inmediata,ADJ,34.215675354003906,493897
1252,condition,NOUN,19.766685485839844,447143,sucede,VERB,38.52289581298828,497672
1253,of,ADP,21.704181671142578,452367,de,ADP,30.388381958007812,497672
1254,all,DET,22.11821746826172,452367,lo,DET,33.135013580322266,497672
1255,developmental,ADJ,21.82404136657715,452367,frecuentemente,ADV,35.77203369140625,497672
1256,disorders,NOUN,22.324987411499023,452367,Esto,PRON,33.936561584472656,497672
1257,.,PUNCT,21.404075622558594,452367,.,PUNCT,32.35470199584961,497672
1258,And,CCONJ,20.411680221557617,456461,pensábamos,VERB,33.31336212158203,497672
1259,it,PRON,24.44314193725586,456461,que,PRON,32.29973602294922,497672
1260,'s,AUX,21.281253814697266,456461,empecé,AUX,33.25435256958008,501604
1261,a,DET,23.871126174926758,456461,este,DET,35.86982345581055,501604
1262,brain,NOUN,20.54916000366211,456461,en,ADP,32.98276138305664,501604
1263,disorder,NOUN,19.31747817993164,456461,campo,NOUN,34.94485092163086,501604
1264,.,PUNCT,22.005544662475586,456461,",",PUNCT,31.656173706054688,501604
1265,It,PRON,23.74625587463379,458695,Cuando,SCONJ,34.46220779418945,501604
1266,'s,AUX,22.519731521606445,458695,había,AUX,32.66255187988281,501604
1267,a,DET,22.532630920410156,458695,que,SCONJ,32.9703369140625,501604
1268,disorder,NOUN,20.12144660949707,458695,individuos,NOUN,35.032344818115234,503088
1269,that,DET,23.20191764831543,458695,cuatro,NUM,33.86361312866211,503088
1270,begins,VERB,23.539234161376953,458695,pensamos,VERB,34.0198974609375,501604
1271,much,ADV,24.314987182617188,458695,por,ADP,34.60347366333008,503088
1272,prior,ADV,21.015275955200195,458695,10,NUM,34.3181037902832,503088
1273,to,ADP,18.90638542175293,458695,con,ADP,33.349124908447266,503088
1274,the,DET,21.67421531677246,458695,cada,DET,32.496150970458984,503088
1275,time,NOUN,18.33131980895996,458695,autismo,NOUN,29.573148727416992,503088
1276,that,SCONJ,18.364290237426758,461948,000,NUM,32.687049865722656,503088
1277,the,DET,21.434741973876953,461948,una,DET,34.64043426513672,505941
1278,child,NOUN,19.710617065429688,461948,afección,NOUN,34.55723190307617,505941
1279,is,AUX,24.419862747192383,461948,",",PUNCT,28.885168075561523,503088
1280,born,VERB,23.82783317565918,461948,muy,ADV,38.21847915649414,505941
1281,.,PUNCT,21.793603897094727,461948,.,PUNCT,32.298370361328125,505941
1282,We,PRON,25.347227096557617,464217,rara,ADJ,34.08851623535156,505941
1283,now,ADV,24.173538208007812,464217,Ahora,ADV,33.26493835449219,507972
1284,know,VERB,24.269502639770508,464217,sabemos,VERB,35.5635986328125,507972
1285,that,SCONJ,19.91364288330078,464217,que,SCONJ,34.50191116333008,507972
1286,there,PRON,23.338193893432617,464217,1,NUM,33.54111099243164,507972
1287,is,AUX,23.949190139770508,464217,hay,AUX,33.7861328125,507972
1288,a,DET,24.315610885620117,464217,por,ADP,33.972694396972656,507972
1289,very,ADV,26.876062393188477,464217,cada,NUM,32.535160064697266,507972
1290,broad,ADJ,23.291990280151367,464217,100,NUM,31.552261352539062,507972
1291,spectrum,NOUN,19.38787269592285,464217,millones,NOUN,36.4769172668457,512005
1292,of,ADP,25.302770614624023,464217,de,ADP,32.276519775390625,512005
1293,autism,NOUN,19.410802841186523,464217,individuos,NOUN,34.54764938354492,512005
1294,.,PUNCT,21.89153480529785,464217,.,PUNCT,32.24016571044922,507972
1295,There,PRON,21.524919509887695,468222,con,ADP,33.57044982910156,512005
1296,are,AUX,24.954513549804688,468222,Hay,AUX,35.034767150878906,512005
1297,those,DET,23.25426483154297,468222,nuestro,DET,33.67125701904297,512005
1298,individuals,NOUN,23.13055419921875,468222,autismo,NOUN,30.851486206054688,512005
1299,who,PRON,24.538761138916016,468222,a,ADP,32.23667907714844,512005
1300,are,AUX,26.462135314941406,468222,.,PUNCT,32.86129379272461,512005
1301,profoundly,ADV,26.25729751586914,468222,alrededor,ADV,32.54353332519531,512005
1302,intellectually,ADV,25.6324520111084,468222,Solo,ADV,32.577735900878906,520394
1303,disabled,ADJ,22.774871826171875,468222,social,ADJ,31.413238525390625,517028
1304,but,CCONJ,21.3826904296875,471715,costo,NOUN,31.56033706665039,517028
1305,there,PRON,22.179182052612305,471715,de,ADP,29.302898406982422,517028
1306,are,AUX,24.013647079467773,471715,trastorno,NOUN,32.976131439208984,517028
1307,those,DET,21.647090911865234,471715,este,DET,34.058650970458984,517028
1308,that,DET,21.58450698852539,471715,El,DET,35.17646408081055,517028
1309,are,AUX,25.840965270996094,471715,es,AUX,34.8497428894043,517028
1310,gifted,VERB,21.634614944458008,471715,enorme,ADJ,33.810115814208984,517028
1311,.,PUNCT,21.632522583007812,471715,.,PUNCT,33.23844528198242,517028
1312,There,PRON,21.524919509887695,473696,en,ADP,31.197528839111328,520394
1313,are,AUX,24.951990127563477,473696,EE.UU,PROPN,32.826541900634766,520394
1314,those,DET,23.247297286987305,473696,los,DET,34.156646728515625,520394
1315,individuals,NOUN,23.273937225341797,473696,.,PUNCT,30.64491844177246,520394
1316,who,PRON,24.858488082885742,473696,de,ADP,32.03052520751953,520394
1317,do,AUX,25.290912628173828,473696,35,NUM,32.43168258666992,520394
1318,n't,PART,24.647106170654297,473696,a,ADP,31.122169494628906,520394
1319,talk,VERB,23.260391235351562,473696,80,NUM,33.363922119140625,520394
1320,at,ADV,21.254575729370117,473696,mil,NUM,33.322242736816406,520394
1321,all,ADV,21.5564022064209,473696,millones,NOUN,35.1466064453125,520394
1322,;,PUNCT,17.343772888183594,473696,¿,PUNCT,31.135942459106445,523557
1323,there,PRON,22.044353485107422,476114,de,ADP,31.403966903686523,520394
1324,are,AUX,25.016843795776367,476114,",",PUNCT,31.250272750854492,520394
1325,those,DET,22.897689819335938,476114,y,CONJ,33.51630783081055,523557
1326,individuals,NOUN,22.822940826416016,476114,dólares,NOUN,34.28191375732422,520394
1327,who,PRON,25.602130889892578,476114,Muchos,PRON,33.88823699951172,523557
1328,talk,VERB,24.186132431030273,476114,saben,VERB,35.63620376586914,523557
1329,too,ADV,24.59114646911621,476114,fondos,NOUN,36.11343765258789,523557
1330,much,ADV,24.265731811523438,476114,de,ADP,30.94192123413086,523557
1331,.,PUNCT,21.74771499633789,476114,?,PUNCT,29.385889053344727,523557
1332,There,PRON,21.518634796142578,478526,se,PRON,34.00193786621094,523557
1333,are,AUX,24.976213455200195,478526,con,ADP,33.80475997924805,526864
1334,those,DET,23.093109130859375,478526,esos,DET,35.919921875,523557
1335,individuals,NOUN,23.650299072265625,478526,adolescentes,NOUN,34.194541931152344,526864
1336,that,SCONJ,20.671077728271484,478526,y,CONJ,34.4286994934082,526864
1337,if,SCONJ,21.21095085144043,478526,que,SCONJ,32.34495544433594,529044
1338,you,PRON,24.626638412475586,478526,",",PUNCT,29.40182876586914,526864
1339,observe,VERB,23.987276077270508,478526,asocian,VERB,35.948585510253906,523557
1340,them,PRON,24.01750946044922,478526,especial,ADJ,31.876564025878906,526864
1341,in,ADP,22.07257080078125,478526,en,ADP,32.540401458740234,526864
1342,their,DET,23.600767135620117,478526,son,AUX,35.88640213012695,529044
1343,school,NOUN,18.03209114074707,478526,adultos,NOUN,33.77134323120117,526864
1344,",",PUNCT,20.195659637451172,478526,",",PUNCT,30.16183853149414,526864
1345,you,PRON,23.330381393432617,482047,en,ADP,33.4780387878418,529044
1346,see,VERB,24.256343841552734,482047,discapacitados,VERB,35.155601501464844,529044
1347,them,PRON,24.5762882232666,482047,que,PRON,32.325077056884766,531205
1348,running,VERB,26.002107620239258,482047,necesitan,VERB,36.756900787353516,531205
1349,the,DET,21.48507308959961,482047,su,DET,33.87501525878906,529044
1350,periphery,NOUN,19.97627830505371,482047,individuos,NOUN,33.16673278808594,531205
1351,fence,NOUN,19.871902465820312,482047,mayoría,NOUN,32.05278396606445,529044
1352,all,DET,19.935039520263672,482047,",",PUNCT,30.520177841186523,529044
1353,the,DET,20.14313507080078,482047,integrales,ADJ,34.53458023071289,531205
1354,school,NOUN,16.9307861328125,482047,servicios,NOUN,36.6047248840332,531205
1355,day,NOUN,19.252840042114258,482047,servicios,NOUN,33.829593658447266,533344
1356,if,SCONJ,21.1840763092041,482047,",",PUNCT,30.284189224243164,531205
1357,you,PRON,23.98740005493164,482047,que,PRON,34.813541412353516,533344
1358,let,VERB,24.92784881591797,482047,son,AUX,34.37589645385742,533344
1359,them,PRON,24.429349899291992,482047,muy,ADV,36.39858627319336,533344
1360,",",PUNCT,20.497547149658203,482047,",",PUNCT,32.656883239746094,533344
1361,to,ADP,22.075124740600586,485741,muy,ADV,35.249122619628906,533344
1362,those,DET,23.772096633911133,485741,esos,DET,33.418975830078125,533344
1363,individuals,NOUN,22.6811466217041,485741,servicios,NOUN,35.72200012207031,533344
1364,who,PRON,23.661252975463867,485741,y,CONJ,33.59571075439453,533344
1365,can,VERB,24.650964736938477,485741,intensivos,ADJ,33.331298828125,533344
1366,not,PART,24.8176326751709,485741,",",PUNCT,32.209896087646484,533344
1367,stop,VERB,26.365083694458008,485741,pueden,AUX,35.52894592285156,536070
1368,coming,VERB,21.264816284179688,485741,costar,VERB,36.38677978515625,536070
1369,to,ADP,19.53822135925293,485741,de,ADP,30.599645614624023,536070
1370,you,PRON,23.418853759765625,485741,60,NUM,31.22071647644043,536070
1371,and,CCONJ,22.21417999267578,488126,a,ADP,30.412939071655273,536070
1372,trying,VERB,21.048362731933594,488126,80,NUM,33.033329010009766,536070
1373,to,PART,25.21260643005371,488126,000,NUM,36.9175910949707,536070
1374,engage,VERB,27.84004783630371,488126,dólares,NOUN,33.72980499267578,536070
1375,you,PRON,25.004291534423828,488126,al,ADP,35.32467269897461,536070
1376,repeatedly,ADV,24.35268783569336,488126,año,NOUN,33.331024169921875,536070
1377,",",PUNCT,21.157821655273438,488126,.,PUNCT,31.184978485107422,536070
1378,relentlessly,ADV,21.45773696899414,488126,Son,AUX,34.55630111694336,540339
1379,",",PUNCT,20.523818969726562,488126,personas,NOUN,36.671974182128906,540339
1380,but,CCONJ,21.724782943725586,491091,que,PRON,35.50136184692383,540339
1381,often,ADV,20.695913314819336,491091,no,ADV,33.43205261230469,540339
1382,in,ADP,20.594524383544922,491091,de,ADP,29.597429275512695,540339
1383,an,DET,22.29088020324707,491091,beneficiaron,VERB,35.851524353027344,540339
1384,awkward,ADJ,18.962106704711914,491091,se,PRON,32.60247802734375,540339
1385,fashion,NOUN,21.13747215270996,491091,tratamiento,NOUN,30.88734245300293,540339
1386,",",PUNCT,21.760087966918945,491091,",",PUNCT,28.502614974975586,540339
1387,without,ADP,19.028545379638672,494232,a,ADP,31.479345321655273,540339
1388,that,DET,20.677793502807617,494232,el,DET,36.799312591552734,543901
1389,immediate,ADJ,20.630319595336914,494232,porque,SCONJ,36.22486114501953,543901
1390,resonance,NOUN,18.624961853027344,494232,tiempo,NOUN,32.149444580078125,540339
1391,.,PUNCT,21.013322830200195,494232,sabemos,VERB,36.42749786376953,543901
1392,Well,INTJ,24.757225036621094,497812,que,SCONJ,32.602256774902344,543901
1393,",",PUNCT,19.348979949951172,497812,autismo,NOUN,32.004398345947266,543901
1394,this,DET,22.025291442871094,497812,mismo,DET,34.93999099731445,543901
1395,is,AUX,23.269851684570312,497812,se,PRON,31.674745559692383,543901
1396,much,ADV,24.762123107910156,497812,crea,VERB,36.41279220581055,543901
1397,more,ADV,23.32379150390625,497812,ahora,ADV,33.333187103271484,543901
1398,prevalent,ADJ,22.73738670349121,497812,sí,PRON,35.64154815673828,543901
1399,than,SCONJ,20.36008071899414,497812,conforme,NOUN,31.04308319091797,548360
1400,we,PRON,22.14237403869629,497812,se,PRON,32.34731674194336,548360
1401,thought,VERB,21.904245376586914,497812,bifurca,VERB,33.38847351074219,548360
1402,at,ADP,21.329496383666992,497812,a,ADP,34.20328140258789,543901
1403,the,DET,20.945478439331055,497812,ese,DET,35.17312240600586,548360
1404,time,NOUN,18.49917984008789,497812,camino,NOUN,31.400409698486328,548360
1405,.,PUNCT,21.371959686279297,497812,de,ADP,30.666301727294922,548360
1406,When,ADV,23.019052505493164,501582,que,SCONJ,31.873403549194336,551064
1407,I,PRON,25.49834442138672,501582,les,PRON,31.29136085510254,551064
1408,started,VERB,24.78668785095215,501582,mencioné,VERB,32.61833953857422,551064
1409,in,ADP,22.64566993713379,501582,de,ADP,31.425947189331055,553200
1410,this,DET,24.963533401489258,501582,Si,SCONJ,32.84318161010742,553200
1411,field,NOUN,19.823213577270508,501582,aprendizaje,NOUN,32.267311096191406,548360
1412,",",PUNCT,20.111591339111328,501582,.,PUNCT,32.975013732910156,551064
1413,we,PRON,24.03802490234375,503017,capaces,ADJ,34.7336540222168,553200
1414,thought,VERB,23.804706573486328,503017,fuéramos,VERB,33.608821868896484,553200
1415,there,PRON,22.300344467163086,503017,identificar,VERB,36.102073669433594,553200
1416,were,AUX,24.157115936279297,503017,este,DET,34.44296646118164,553200
1417,four,NUM,24.267667770385742,503017,",",PUNCT,27.96188735961914,555613
1418,individuals,NOUN,23.221956253051758,503017,trastorno,NOUN,32.692909240722656,553200
1419,with,ADP,24.368022918701172,503017,a,ADP,32.426326751708984,555613
1420,autism,NOUN,20.255578994750977,503017,tiempo,NOUN,33.64463806152344,555613
1421,per,ADP,22.34461784362793,503017,intervenir,VERB,33.89381408691406,555613
1422,"10,000",NUM,22.03343963623047,503017,y,CONJ,31.864110946655273,555613
1423,--,PUNCT,22.569913864135742,503017,",",PUNCT,29.33892059326172,555613
1424,a,DET,21.3986759185791,506129,y,DET,31.43956756591797,559680
1425,very,ADV,26.41187286376953,506129,puedo,AUX,33.130130767822266,559680
1426,rare,ADJ,22.826784133911133,506129,tratar,VERB,36.26938247680664,555613
1427,condition,NOUN,21.580644607543945,506129,decirles,NOUN,34.44746780395508,559680
1428,.,PUNCT,21.776851654052734,506129,",",PUNCT,32.50505065917969,559680
1429,Well,INTJ,25.00586700439453,507861,esto,PRON,32.79039764404297,559680
1430,",",PUNCT,21.562694549560547,507861,fue,AUX,32.23185348510742,559680
1431,now,ADV,22.58439064025879,507861,seguramente,ADV,32.66280746459961,559680
1432,we,PRON,25.039823532104492,507861,algo,PRON,34.19033432006836,559680
1433,know,VERB,24.006603240966797,507861,cambió,VERB,37.72093963623047,561654
1434,it,PRON,23.391128540039062,507861,que,PRON,33.9796028137207,561654
1435,'s,AUX,22.94925880432129,507861,mi,DET,35.59414291381836,561654
1436,more,ADV,19.605113983154297,507861,vida,NOUN,32.78296661376953,561654
1437,like,SCONJ,20.476144790649414,507861,que,SCONJ,32.1460075378418,565034
1438,one,NUM,18.889883041381836,507861,los,DET,33.740970611572266,561654
1439,in,ADP,22.40104866027832,507861,en,ADP,32.295902252197266,561654
1440,100,NUM,21.833112716674805,507861,10,NUM,33.302127838134766,561654
1441,.,PUNCT,22.02313995361328,507861,",",PUNCT,31.45537757873535,561654
1442,There,PRON,21.030399322509766,511957,últimos,ADJ,33.34303283691406,561654
1443,are,AUX,24.022151947021484,511957,podemos,AUX,34.2860107421875,565034
1444,millions,NOUN,22.535566329956055,511957,años,NOUN,32.494529724121094,561654
1445,of,ADP,22.955081939697266,511957,mitigar,VERB,34.681121826171875,565034
1446,individuals,NOUN,22.516069412231445,511957,absolutamente,ADV,36.37401580810547,565034
1447,with,ADP,23.87809944152832,511957,este,DET,34.82939147949219,568765
1448,autism,NOUN,20.324411392211914,511957,trastorno,NOUN,32.212642669677734,568765
1449,all,ADV,19.53260040283203,511957,También,ADV,36.201412200927734,570922
1450,around,ADP,22.693164825439453,511957,.,PUNCT,32.005489349365234,568765
1451,us,PRON,25.106592178344727,511957,tenemos,VERB,35.40764617919922,570922
1452,.,PUNCT,21.237993240356445,511957,",",PUNCT,32.15348434448242,570922
1453,The,DET,20.924543380737305,517216,una,DET,35.581809997558594,570922
1454,societal,ADJ,19.988412857055664,517216,gama,NOUN,31.00116729736328,570922
1455,cost,NOUN,21.510692596435547,517216,oportunidades,NOUN,32.85947799682617,570922
1456,of,ADP,24.66868019104004,517216,de,ADP,32.391090393066406,570922
1457,this,DET,24.048519134521484,517216,el,DET,34.321083068847656,573301
1458,condition,NOUN,20.79287338256836,517216,cerebro,NOUN,31.898778915405273,573301
1459,is,AUX,24.33091163635254,517216,es,AUX,32.943729400634766,573301
1460,huge,ADJ,21.08024024963379,517216,maleable,ADJ,34.418861389160156,573301
1461,",",PUNCT,20.671302795410156,517216,",",PUNCT,30.45223045349121,570922
1462,in,ADP,20.711511611938477,520585,por,ADP,32.4112548828125,573301
1463,the,DET,21.528892517089844,520585,un,DET,35.901832580566406,573301
1464,US,PROPN,22.670623779296875,520585,porque,SCONJ,34.808528900146484,573301
1465,alone,ADV,22.39252471923828,520585,tiempo,NOUN,32.84828186035156,573301
1466,",",PUNCT,20.17282485961914,520585,",",PUNCT,28.526601791381836,573301
1467,maybe,ADV,22.922163009643555,520585,y,CONJ,34.781070709228516,576437
1468,35,NUM,24.168807983398438,520585,esa,DET,34.88658905029297,576437
1469,to,PART,22.4409236907959,520585,oportunidad,NOUN,32.65850067138672,576437
1470,80,NUM,23.657001495361328,520585,en,ADP,32.2894401550293,577789
1471,billion,NUM,24.47818374633789,520585,tres,NUM,36.465545654296875,577789
1472,dollars,NOUN,21.75161361694336,520585,años,NOUN,35.828189849853516,577789
1473,.,PUNCT,21.360095977783203,520585,los,DET,35.390289306640625,577789
1474,And,CCONJ,20.836463928222656,523557,primeros,ADJ,33.975616455078125,577789
1475,you,PRON,24.253589630126953,523557,se,PRON,32.94029235839844,577789
1476,know,VERB,24.376096725463867,523557,da,VERB,34.419010162353516,577789
1477,what,PRON,21.851909637451172,523557,se,PRON,30.899946212768555,579492
1478,?,PUNCT,22.125905990600586,523557,.,PUNCT,33.67313766479492,577789
1479,Most,ADJ,21.086946487426758,524769,No,ADV,33.277164459228516,579492
1480,of,ADP,22.85460090637207,524769,de,ADP,32.71528625488281,577789
1481,those,DET,25.820497512817383,524769,esa,DET,35.93809509277344,579492
1482,funds,NOUN,20.985069274902344,524769,vida,NOUN,32.696075439453125,577789
1483,are,AUX,25.22287940979004,524769,es,AUX,34.20645523071289,579492
1484,associated,VERB,21.553009033203125,524769,cierre,VERB,34.4370231628418,579492
1485,with,ADP,22.75421714782715,524769,que,SCONJ,33.05009078979492,579492
1486,adolescents,NOUN,21.379398345947266,524769,posibilidad,NOUN,33.568199157714844,579492
1487,and,CCONJ,22.92424774169922,524769,.,PUNCT,31.65888786315918,579492
1488,particularly,ADV,22.5148868560791,524769,No,ADV,32.49552536010742,579492
1489,adults,NOUN,21.205326080322266,524769,.,PUNCT,33.11735916137695,579492
1490,who,PRON,22.009511947631836,529430,así,ADV,32.86943435668945,579492
1491,are,AUX,25.24527931213379,529430,es,AUX,35.154842376708984,579492
1492,severely,ADV,25.795591354370117,529430,considerablemente,ADV,34.6066780090332,582890
1493,disabled,ADJ,21.57219696044922,529430,Pero,CONJ,35.045528411865234,582890
1494,",",PUNCT,19.06761360168457,529430,.,PUNCT,34.1202392578125,582890
1495,individuals,NOUN,22.117612838745117,531205,aún,ADV,35.80351638793945,586459
1496,who,PRON,24.400691986083984,531205,Y,CONJ,33.92405700683594,586459
1497,need,VERB,25.394489288330078,531205,disminuye,VERB,35.411399841308594,582890
1498,wraparound,NOUN,20.192461013793945,531205,así,ADV,32.87758255004883,586459
1499,services,NOUN,20.32332420349121,531205,edad,NOUN,32.356163024902344,586459
1500,--,PUNCT,20.276517868041992,531205,",",PUNCT,31.303869247436523,586459
1501,services,NOUN,20.87409782409668,533390,diagnóstico,NOUN,31.679285049438477,586459
1502,that,DET,21.981996536254883,533390,la,DET,33.87223815917969,586459
1503,are,AUX,24.989273071289062,533390,es,AUX,34.73292922973633,589563
1504,very,ADV,22.351085662841797,533390,de,ADP,30.547462463378906,586459
1505,",",PUNCT,21.38505744934082,533390,en,ADP,31.092666625976562,586459
1506,very,ADV,25.696598052978516,533390,cerca,ADV,36.440513610839844,589563
1507,intensive,ADJ,20.623214721679688,533390,media,ADJ,31.580768585205078,586459
1508,.,PUNCT,22.113679885864258,533390,",",PUNCT,30.99765396118164,589563
1509,And,CCONJ,20.568803787231445,535670,este,DET,34.86248016357422,586459
1510,those,DET,23.159561157226562,535670,los,DET,33.822669982910156,589563
1511,services,NOUN,21.919878005981445,535670,país,NOUN,32.768341064453125,586459
1512,can,VERB,23.04648780822754,535670,tienen,VERB,36.09160232543945,593980
1513,cost,VERB,22.507898330688477,535670,y,CONJ,32.00198745727539,591714
1514,in,ADP,21.24618911743164,535670,de,ADP,32.65383529663086,589563
1515,excess,NOUN,19.323400497436523,535670,años,NOUN,35.647823333740234,589563
1516,of,ADP,24.473495483398438,535670,en,ADP,30.928625106811523,591714
1517,"60,000",NUM,22.858539581298828,535670,cinco,NUM,36.180076599121094,589563
1518,to,PART,21.7476749420166,535670,desfavorecidas,ADJ,32.90817642211914,591714
1519,"80,000",NUM,22.964670181274414,535670,aquellas,PRON,33.67519760131836,593980
1520,dollars,NOUN,20.581045150756836,535670,poblaciones,NOUN,34.914485931396484,591714
1521,a,DET,24.352996826171875,535670,que,PRON,34.70960998535156,593980
1522,year,NOUN,19.39727020263672,535670,acceso,NOUN,32.85242462158203,593980
1523,.,PUNCT,22.915525436401367,535670,",",PUNCT,31.118885040283203,591714
1524,Those,DET,21.611038208007812,540536,no,ADV,34.25653076171875,593980
1525,are,AUX,22.398481369018555,540536,a,ADP,32.4330940246582,593980
1526,individuals,NOUN,25.833648681640625,540536,servicios,NOUN,35.388694763183594,593980
1527,who,PRON,23.182830810546875,540536,médicos,ADJ,34.546390533447266,593980
1528,did,AUX,25.91701316833496,540536,",",PUNCT,30.304807662963867,593980
1529,not,PART,22.398344039916992,540536,poblaciones,NOUN,34.65882873535156,597229
1530,benefit,VERB,21.759431838989258,540536,",",PUNCT,30.72749900817871,597229
1531,from,ADP,19.389057159423828,540536,de,ADP,29.809146881103516,600338
1532,early,ADJ,21.94108772277832,540536,rurales,ADJ,35.21022033691406,597229
1533,treatment,NOUN,19.07957649230957,540536,minorías,NOUN,31.85162353515625,597229
1534,",",PUNCT,22.09343147277832,540536,",",PUNCT,31.27619743347168,597229
1535,because,SCONJ,20.255020141601562,544474,la,DET,34.757728576660156,600338
1536,now,ADV,21.77633285522461,544474,aún,ADV,34.93527603149414,600338
1537,we,PRON,25.471294403076172,544474,edad,NOUN,31.05325698852539,600338
1538,know,VERB,23.245492935180664,544474,es,AUX,34.89082717895508,600338
1539,that,SCONJ,19.59971046447754,544474,mayor,ADJ,33.10163879394531,600338
1540,autism,NOUN,19.566394805908203,544474,diagnóstico,NOUN,32.28253173828125,600338
1541,creates,VERB,23.733800888061523,544474,",",PUNCT,30.49770164489746,600338
1542,itself,PRON,21.002120971679688,544474,que,PRON,33.6931037902832,602957
1543,as,SCONJ,21.304636001586914,548636,como,SCONJ,33.243385314941406,602957
1544,individuals,NOUN,22.91423988342285,548636,es,AUX,35.768646240234375,602957
1545,diverge,VERB,21.151853561401367,548636,dijera,VERB,34.34273910522461,602957
1546,in,ADP,21.55780601501465,548636,casi,ADV,32.92355728149414,602957
1547,that,DET,21.617849349975586,548636,lo,DET,33.56947708129883,602957
1548,pathway,NOUN,18.180282592773438,548636,si,SCONJ,33.99656677246094,602957
1549,of,ADP,21.869033813476562,548636,estamos,VERB,33.19028854370117,602957
1550,learning,NOUN,19.012958526611328,548636,que,SCONJ,31.974700927734375,602957
1551,that,DET,18.17900276184082,548636,esas,DET,34.58808898925781,605302
1552,I,PRON,25.740772247314453,548636,les,PRON,33.25173568725586,602957
1553,mentioned,VERB,23.33780860900879,548636,condenando,VERB,35.3612174987793,605302
1554,to,ADP,19.680952072143555,548636,a,ADP,33.78934860229492,605302
1555,you,PRON,24.748796463012695,548636,comunidades,NOUN,33.008697509765625,605302
1556,.,PUNCT,20.982656478881836,548636,a,ADP,32.35024642944336,605302
1557,Were,AUX,22.560901641845703,553200,tener,VERB,35.80244827270508,605302
1558,we,PRON,23.39747428894043,553200,cuyo,PRON,32.698158264160156,607719
1559,to,PART,21.628650665283203,553200,individuos,NOUN,33.94977951049805,605302
1560,be,AUX,25.88542938232422,553200,será,AUX,33.59912872314453,607719
1561,able,ADJ,23.984567642211914,553200,severo,ADJ,36.45683670043945,607719
1562,to,PART,26.22086524963379,553200,autismo,NOUN,30.837799072265625,607719
1563,identify,VERB,25.12344741821289,553200,Siento,VERB,32.52997589111328,612195
1564,this,DET,22.65047264099121,553200,más,ADV,35.17927932739258,607719
1565,condition,NOUN,20.148263931274414,553200,trastorno,NOUN,30.72871971130371,607719
1566,at,ADP,21.454626083374023,555797,con,ADP,33.50876235961914,607719
1567,an,DET,21.272518157958984,555797,un,DET,36.48199462890625,612195
1568,earlier,ADJ,21.61180877685547,555797,que,SCONJ,31.332286834716797,612195
1569,point,NOUN,19.810270309448242,555797,imperativo,NOUN,32.159671783447266,612195
1570,",",PUNCT,22.082002639770508,555797,.,PUNCT,31.887365341186523,607719
1571,and,CCONJ,19.209564208984375,555797,ciencia,NOUN,31.877883911132812,615168
1572,intervene,ADJ,21.36129379272461,555797,bioético,ADJ,34.90922927856445,612195
1573,and,CCONJ,22.548095703125,555797,La,DET,35.19626998901367,615168
1574,treat,VERB,18.804058074951172,555797,tenemos,VERB,34.56844711303711,612195
1575,--,PUNCT,19.906187057495117,555797,.,PUNCT,32.34005355834961,612195
1576,I,PRON,24.075077056884766,559812,ahí,ADV,35.02120590209961,615168
1577,can,VERB,24.19814109802246,559812,está,VERB,33.96463394165039,615168
1578,tell,VERB,24.761259078979492,559812,ciencia,NOUN,33.48940658569336,618025
1579,you,PRON,21.908872604370117,559812,pero,CONJ,34.024166107177734,618025
1580,",",PUNCT,19.279237747192383,559812,",",PUNCT,31.348230361938477,615168
1581,this,DET,21.444541931152344,559812,ninguna,DET,33.374122619628906,618025
1582,has,AUX,23.194177627563477,559812,es,AUX,34.32674026489258,618025
1583,been,AUX,25.31314468383789,559812,relevante,ADJ,34.392608642578125,618025
1584,probably,ADV,24.91677474975586,559812,sin,ADP,34.254066467285156,618025
1585,something,PRON,19.946372985839844,559812,impacto,NOUN,33.61913299560547,618025
1586,that,DET,22.011302947998047,559812,la,DET,32.733299255371094,621083
1587,has,AUX,22.582935333251953,559812,podemos,AUX,35.728092193603516,621083
1588,changed,VERB,22.247535705566406,559812,permitir,VERB,36.45216369628906,621083
1589,my,DET,23.089155197143555,559812,",",PUNCT,31.010169982910156,621083
1590,life,NOUN,18.826921463012695,559812,comunidad,NOUN,32.62101745605469,621083
1591,in,ADP,21.118772506713867,563890,en,ADP,33.910526275634766,621083
1592,the,DET,22.111970901489258,563890,no,ADV,34.13191604614258,621083
1593,past,ADJ,17.877254486083984,563890,y,CONJ,32.874237060546875,621083
1594,10,NUM,23.56280517578125,563890,desaprovechar,VERB,35.04951858520508,624741
1595,years,NOUN,22.855756759643555,563890,oportunidad,NOUN,32.88884353637695,624741
1596,",",PUNCT,20.07423210144043,563890,",",PUNCT,29.597631454467773,624741
1597,this,DET,21.24684715270996,565210,esa,DET,35.24410629272461,624741
1598,notion,NOUN,20.75623321533203,565210,niños,NOUN,36.01639938354492,626705
1599,that,SCONJ,20.0217342376709,565210,porque,SCONJ,35.895023345947266,626705
1600,we,PRON,24.65133285522461,565210,se,PRON,32.01069641113281,626705
1601,can,VERB,25.04897117614746,565210,con,ADP,33.8194465637207,626705
1602,absolutely,ADV,26.641708374023438,565210,autismo,NOUN,30.543977737426758,626705
1603,attenuate,VERB,22.712736129760742,565210,convierten,VERB,38.7457275390625,626705
1604,this,DET,22.440288543701172,565210,los,DET,36.656700134277344,626705
1605,condition,NOUN,21.77004623413086,565210,adultos,NOUN,34.82175827026367,626705
1606,.,PUNCT,21.96730613708496,565210,en,ADP,34.898807525634766,626705
1607,Also,ADV,21.852724075317383,570922,con,ADP,33.626121520996094,626705
1608,",",PUNCT,20.79508399963379,570922,",",PUNCT,28.96541404724121,626705
1609,we,PRON,24.497072219848633,570922,eso,PRON,31.512649536132812,629861
1610,have,AUX,23.06437873840332,570922,y,CONJ,33.31608581542969,629861
1611,a,DET,23.277326583862305,570922,sentimos,VERB,35.19010925292969,629861
1612,window,NOUN,23.13022232055664,570922,autismo,NOUN,28.801410675048828,626705
1613,of,ADP,24.912826538085938,570922,por,ADP,35.52603530883789,634139
1614,opportunity,NOUN,19.5677547454834,570922,que,SCONJ,33.20897674560547,629861
1615,",",PUNCT,20.65129852294922,570922,hacer,VERB,35.52666473388672,629861
1616,because,SCONJ,20.51755714416504,573301,que,SCONJ,29.112289428710938,629861
1617,the,DET,23.161619186401367,573301,estos,DET,36.779815673828125,634139
1618,brain,NOUN,19.876834869384766,573301,niños,NOUN,35.185264587402344,634139
1619,is,AUX,24.451696395874023,573301,podemos,AUX,33.459041595458984,629861
1620,malleable,ADJ,21.97446632385254,573301,temprana,ADJ,34.171142578125,634139
1621,for,ADP,20.24270248413086,573301,por,ADP,32.99676513671875,634139
1622,just,ADV,21.438501358032227,573301,",",PUNCT,31.959951400756836,634139
1623,so,ADV,21.380708694458008,573301,familias,NOUN,34.70354461669922,634139
1624,long,ADV,21.85009765625,573301,",",PUNCT,30.34547996520996,634139
1625,",",PUNCT,20.23558235168457,573301,",",PUNCT,31.295352935791016,634139
1626,and,CCONJ,19.2808780670166,576437,en,ADP,33.72771072387695,634139
1627,that,DET,20.64225959777832,576437,esas,DET,37.00053405761719,634139
1628,window,NOUN,23.26188850402832,576437,edad,NOUN,33.26642608642578,634139
1629,of,ADP,23.439044952392578,576437,de,ADP,31.077333450317383,636462
1630,opportunity,NOUN,18.243621826171875,576437,consecuencias,NOUN,33.748146057128906,636462
1631,happens,VERB,21.23198890686035,576437,tendrá,VERB,33.43648147583008,636462
1632,in,ADP,21.719684600830078,576437,por,ADP,31.93399429321289,636462
1633,the,DET,22.15938377380371,576437,el,DET,34.28219223022461,638856
1634,first,ADJ,20.08833885192871,576437,",",PUNCT,30.626455307006836,636462
1635,three,NUM,21.799102783203125,576437,para,ADP,33.9949836730957,638856
1636,years,NOUN,22.1915340423584,576437,vida,NOUN,32.214420318603516,636462
1637,of,ADP,23.42678451538086,576437,para,ADP,33.31113815307617,638856
1638,life,NOUN,20.30613899230957,576437,niño,NOUN,29.72994613647461,638856
1639,.,PUNCT,22.241275787353516,576437,",",PUNCT,29.9139347076416,638856
1640,It,PRON,23.15103530883789,579974,la,DET,32.237247467041016,638856
1641,'s,AUX,23.227130889892578,579974,familia,NOUN,31.225341796875,638856
1642,not,PART,21.737565994262695,579974,para,ADP,33.9984245300293,638856
1643,that,SCONJ,21.452802658081055,579974,y,CONJ,30.512048721313477,638856
1644,that,DET,21.31865692138672,579974,la,DET,31.435884475708008,638856
1645,window,NOUN,21.07282257080078,579974,general,NOUN,30.82906723022461,638856
1646,closes,NOUN,21.563095092773438,579974,comunidad,NOUN,32.74759292602539,638856
1647,;,PUNCT,18.453964233398438,579974,",",PUNCT,30.005992889404297,638856
1648,it,PRON,24.349197387695312,579974,Esta,PRON,32.614871978759766,642952
1649,does,AUX,26.199975967407227,579974,es,AUX,30.94765281677246,642952
1650,n't,PART,23.80255126953125,579974,en,ADP,33.23009490966797,638856
1651,.,PUNCT,22.853994369506836,579974,.,PUNCT,33.15644073486328,638856
1652,But,CCONJ,22.19627571105957,583621,nuestra,DET,35.128299713134766,642952
1653,it,PRON,23.971418380737305,583621,visión,NOUN,34.19752883911133,642952
1654,diminishes,VERB,25.444244384765625,583621,sobre,ADP,32.48307418823242,642952
1655,considerably,ADV,23.477920532226562,583621,autismo,NOUN,30.691707611083984,642952
1656,.,PUNCT,22.934141159057617,583621,.,PUNCT,31.378387451171875,642952
1657,And,CCONJ,21.802324295043945,586899,Hay,AUX,34.99886703491211,645672
1658,yet,ADV,22.399250030517578,586899,más,ADV,36.333984375,645672
1659,",",PUNCT,19.08550453186035,586899,100,NUM,36.27328109741211,645672
1660,the,DET,20.38746452331543,586899,el,DET,35.000064849853516,642952
1661,median,ADJ,19.043987274169922,586899,asociados,ADJ,34.251075744628906,645672
1662,age,NOUN,19.706226348876953,586899,genes,NOUN,33.31325149536133,645672
1663,of,ADP,21.94376564025879,586899,de,ADP,32.55805969238281,645672
1664,diagnosis,NOUN,20.033668518066406,586899,autismo,NOUN,30.61222267150879,648538
1665,in,ADP,21.42202377319336,586899,con,ADP,32.54851150512695,648538
1666,this,DET,24.2288761138916,586899,el,DET,34.86578369140625,648538
1667,country,NOUN,20.37037467956543,586899,hecho,NOUN,30.42619514465332,648538
1668,is,AUX,23.306093215942383,590021,De,ADP,33.716880798339844,648538
1669,still,ADV,22.33038330078125,590021,.,PUNCT,30.5048885345459,648538
1670,about,ADV,21.7879638671875,590021,creemos,VERB,33.70924758911133,648538
1671,five,NUM,23.26445960998535,590021,300,NUM,33.38993835449219,650664
1672,years,NOUN,21.566917419433594,590021,que,SCONJ,32.24448013305664,648538
1673,",",PUNCT,19.76561737060547,590021,",",PUNCT,29.920316696166992,648538
1674,and,CCONJ,18.91592025756836,591957,y,CONJ,32.128395080566406,650664
1675,in,ADP,19.704561233520508,591957,entre,ADP,32.741310119628906,650664
1676,disadvantaged,ADJ,21.195171356201172,591957,asociados,ADJ,33.741294860839844,650664
1677,populations,NOUN,21.221403121948242,591957,genes,NOUN,34.12274169921875,650664
1678,",",PUNCT,20.172670364379883,591957,600,NUM,34.021244049072266,650664
1679,the,DET,20.75524139404297,594076,con,ADP,32.88279342651367,650664
1680,populations,NOUN,20.078628540039062,594076,autismo,NOUN,30.244304656982422,650664
1681,that,DET,23.572328567504883,594076,el,DET,34.59756088256836,650664
1682,do,AUX,23.266647338867188,594076,habrá,AUX,33.7784423828125,648538
1683,n't,PART,25.344602584838867,594076,",",PUNCT,28.57893180847168,650664
1684,have,AUX,23.66175079345703,594076,y,CONJ,34.05748748779297,655168
1685,access,NOUN,21.945215225219727,594076,anomalías,NOUN,32.97542190551758,655168
1686,to,ADP,22.48440170288086,594076,de,ADP,31.413482666015625,655168
1687,clinical,ADJ,21.426380157470703,594076,genéticas,ADJ,35.10074234008789,655168
1688,services,NOUN,20.969575881958008,594076,más,ADV,31.84880256652832,655168
1689,",",PUNCT,19.731117248535156,594076,",",PUNCT,31.329954147338867,655168
1690,rural,ADJ,21.901611328125,597229,allá,ADV,37.33294677734375,655168
1691,populations,NOUN,20.318572998046875,597229,los,DET,33.28425598144531,655168
1692,",",PUNCT,22.579553604125977,597229,.,PUNCT,32.14540481567383,655168
1693,minorities,NOUN,20.078840255737305,597229,genes,NOUN,36.321502685546875,655168
1694,",",PUNCT,20.071252822875977,597229,Y,CONJ,33.785194396972656,658839
1695,the,DET,21.28125762939453,600338,una,DET,35.49038314819336,658839
1696,age,NOUN,19.687711715698242,600338,tenemos,VERB,34.57857131958008,658839
1697,of,ADP,21.39720344543457,600338,pequeña,ADJ,34.494319915771484,658839
1698,diagnosis,NOUN,20.495704650878906,600338,pregunta,NOUN,32.82907485961914,658839
1699,is,AUX,23.70993423461914,600338,hay,AUX,33.315589904785156,663430
1700,later,ADV,21.771949768066406,600338,porque,SCONJ,34.50337219238281,663430
1701,still,ADV,20.686172485351562,600338,si,SCONJ,37.41958236694336,663430
1702,",",PUNCT,19.91724967956543,600338,",",PUNCT,31.458778381347656,658839
1703,which,DET,19.880216598510742,603071,tantas,DET,34.1387825012207,663430
1704,is,AUX,24.96074104309082,603071,causas,NOUN,37.678436279296875,663430
1705,almost,ADV,21.365297317504883,603071,diferentes,ADJ,33.419227600097656,663430
1706,as,SCONJ,19.031787872314453,603071,de,ADP,31.427959442138672,663430
1707,if,SCONJ,21.5073299407959,603071,autismo,NOUN,29.337074279785156,663430
1708,I,PRON,24.440631866455078,603071,cómo,PRON,35.040069580078125,666915
1709,were,AUX,24.364322662353516,603071,¿,PUNCT,30.499406814575195,666915
1710,to,PART,22.182411193847656,603071,",",PUNCT,28.99338722229004,663430
1711,tell,VERB,23.635387420654297,603071,va,VERB,33.81605911254883,666915
1712,you,PRON,22.158418655395508,603071,se,PRON,30.698083877563477,666915
1713,that,SCONJ,20.764585494995117,605120,de,ADP,30.111122131347656,666915
1714,we,PRON,24.151185989379883,605120,sí,PRON,35.9961051940918,669930
1715,are,AUX,26.42799186706543,605120,impedimentos,NOUN,33.903076171875,666915
1716,condemning,VERB,26.97455596923828,605120,al,ADP,36.075748443603516,669930
1717,those,DET,23.537729263305664,605120,esos,DET,35.87016677856445,666915
1718,communities,NOUN,23.414663314819336,605120,síndrome,NOUN,32.586307525634766,669930
1719,to,PART,23.126548767089844,605120,Porque,SCONJ,33.638946533203125,669930
1720,have,AUX,25.67225456237793,605120,?,PUNCT,32.6076774597168,669930
1721,individuals,NOUN,23.368242263793945,605120,gente,NOUN,31.11882781982422,669930
1722,with,ADP,22.5843448638916,605120,en,ADP,34.04399490356445,669930
1723,autism,NOUN,19.642213821411133,605120,como,SCONJ,33.57968521118164,669930
1724,whose,DET,20.952861785888672,608911,yo,PRON,30.773910522460938,669930
1725,condition,NOUN,20.567359924316406,608911,",",PUNCT,30.99081039428711,669930
1726,is,AUX,24.923500061035156,608911,cuando,SCONJ,35.46029281616211,672930
1727,going,VERB,24.038238525390625,608911,entramos,VERB,35.155242919921875,672930
1728,to,PART,22.13633155822754,608911,a,ADP,32.3802490234375,672930
1729,be,AUX,25.46023941040039,608911,una,DET,34.01240921020508,672930
1730,more,ADV,23.642662048339844,608911,sala,NOUN,32.457252502441406,672930
1731,severe,ADJ,22.237323760986328,608911,de,ADP,32.63402557373047,672930
1732,.,PUNCT,21.048954010009766,608911,",",PUNCT,31.16495132446289,672930
1733,So,CCONJ,18.07678985595703,612162,juegos,PROPN,33.751956939697266,672930
1734,I,PRON,25.98045539855957,612162,que,PRON,34.72492599487305,675615
1735,feel,VERB,24.350473403930664,612162,reconocemos,VERB,33.113990783691406,675615
1736,that,SCONJ,22.09922981262207,612162,a,ADP,33.69438552856445,675615
1737,we,PRON,24.454072952270508,612162,se,PRON,31.079572677612305,678835
1738,have,AUX,23.143953323364258,612162,chico,NOUN,33.4097900390625,675615
1739,a,DET,22.357358932495117,612162,un,DET,38.31914520263672,675615
1740,bioethical,ADJ,18.410600662231445,612162,tiene,VERB,36.02446365356445,675615
1741,imperative,NOUN,17.932689666748047,612162,autismo,NOUN,34.06074905395508,675615
1742,.,PUNCT,22.216068267822266,612162,¿,PUNCT,29.478862762451172,678835
1743,The,DET,21.97941780090332,615168,Cómo,PRON,33.85435104370117,678835
1744,science,NOUN,20.194639205932617,615168,causas,NOUN,37.092445373535156,678835
1745,is,AUX,26.201292037963867,615168,va,AUX,35.09212112426758,678835
1746,there,ADV,19.935209274291992,615168,de,ADP,31.602699279785156,678835
1747,.,PUNCT,23.049678802490234,615168,.,PUNCT,31.705354690551758,675615
1748,But,CCONJ,21.81227684020996,618025,múltiples,ADJ,35.29902267456055,678835
1749,no,DET,21.321760177612305,618025,un,DET,36.024864196777344,680978
1750,science,NOUN,18.90511703491211,618025,síndrome,NOUN,33.8745231628418,680978
1751,is,AUX,21.584440231323242,618025,tiene,VERB,37.94784927368164,680978
1752,of,ADP,22.034664154052734,618025,a,ADP,33.167236328125,680978
1753,relevance,NOUN,19.420480728149414,618025,homogeneidad,NOUN,34.35588073730469,680978
1754,if,SCONJ,22.596744537353516,620169,cierta,DET,34.943851470947266,680978
1755,it,PRON,25.521249771118164,620169,que,PRON,33.89601135253906,680978
1756,does,AUX,25.889244079589844,620169,?,PUNCT,32.862648010253906,680978
1757,n't,PART,25.34145164489746,620169,Y,CONJ,33.7272834777832,684428
1758,have,AUX,24.089750289916992,620169,es,AUX,32.69855499267578,684428
1759,an,DET,23.082704544067383,620169,la,DET,34.46070098876953,684428
1760,impact,NOUN,23.626754760742188,620169,respuesta,NOUN,32.76358413696289,684428
1761,on,ADP,21.000919342041016,620169,en,ADP,33.88042449951172,684428
1762,the,DET,22.94352149963379,620169,lo,DET,34.18582534790039,684428
1763,community,NOUN,20.121597290039062,620169,medio,NOUN,31.40550994873047,684428
1764,.,PUNCT,21.561931610107422,620169,",",PUNCT,30.05208969116211,684428
1765,And,CCONJ,20.519107818603516,623727,está,AUX,35.74932098388672,684428
1766,we,PRON,25.97969627380371,623727,que,PRON,32.30231475830078,684428
1767,just,ADV,24.165685653686523,623727,que,SCONJ,32.66142654418945,687005
1768,ca,VERB,23.285140991210938,623727,es,AUX,31.26547622680664,687005
1769,n't,PART,26.009294509887695,623727,.,PUNCT,31.305898666381836,687005
1770,afford,VERB,22.503692626953125,623727,desarrollo,NOUN,30.528305053710938,687005
1771,that,DET,22.183391571044922,623727,el,DET,33.52321243286133,687005
1772,missed,VERB,20.669395446777344,623727,Y,CONJ,31.842039108276367,689660
1773,opportunity,NOUN,18.2993106842041,623727,hecho,NOUN,29.749902725219727,689660
1774,",",PUNCT,20.641904830932617,623727,",",PUNCT,31.169044494628906,689660
1775,because,SCONJ,21.40888214111328,626705,muy,ADV,38.427330017089844,689660
1776,children,NOUN,22.084243774414062,626705,estamos,AUX,34.78010559082031,689660
1777,with,ADP,22.768672943115234,626705,de,ADP,32.270389556884766,689660
1778,autism,NOUN,19.000041961669922,626705,interesados,ADJ,38.513526916503906,689660
1779,become,VERB,19.063587188720703,626705,primeros,ADJ,32.43644714355469,689660
1780,adults,NOUN,20.406169891357422,626705,esos,DET,33.12315368652344,689660
1781,with,ADP,23.37221336364746,626705,en,ADP,32.97080993652344,689660
1782,autism,NOUN,19.74357795715332,626705,años,NOUN,36.57316207885742,692776
1783,.,PUNCT,21.54751968383789,626705,",",PUNCT,31.585880279541016,692776
1784,And,CCONJ,21.036924362182617,630412,dos,NUM,35.33766555786133,692776
1785,we,PRON,26.223499298095703,630412,vida,NOUN,31.23857879638672,692776
1786,feel,VERB,24.290300369262695,630412,de,ADP,31.876882553100586,692776
1787,that,SCONJ,22.703834533691406,630412,porque,SCONJ,34.43458557128906,692776
1788,those,DET,23.355106353759766,630412,esos,DET,32.14400100708008,692776
1789,things,NOUN,22.46212387084961,630412,impedimentos,NOUN,33.067962646484375,692776
1790,we,PRON,25.172712326049805,630412,se,PRON,31.81705093383789,695515
1791,can,VERB,23.692079544067383,630412,convierten,VERB,38.839237213134766,695515
1792,do,AUX,25.077157974243164,630412,necesariamente,ADV,31.498592376708984,695515
1793,for,ADP,22.109514236450195,634440,en,ADP,35.774627685546875,695515
1794,these,DET,23.6446590423584,634440,no,PART,33.52442932128906,695515
1795,children,NOUN,21.286548614501953,634440,autismo,NOUN,31.667774200439453,695515
1796,",",PUNCT,22.05103302001953,634440,.,PUNCT,32.18071365356445,695515
1797,for,ADP,24.03715705871582,634440,se,PRON,31.01320457458496,698269
1798,those,DET,24.151580810546875,634440,El,DET,35.21450424194336,698269
1799,families,NOUN,21.27211570739746,634440,autismo,NOUN,32.07461166381836,698269
1800,",",PUNCT,20.450990676879883,634440,.,PUNCT,29.843313217163086,698269
1801,early,ADV,21.79972267150879,634440,autogenera,VERB,35.2050895690918,698269
1802,on,ADV,18.783279418945312,634440,Si,SCONJ,32.83888626098633,700765
1803,",",PUNCT,20.429536819458008,634440,capaces,ADJ,34.6517219543457,700765
1804,will,VERB,21.580841064453125,636842,fuéramos,VERB,33.565093994140625,700765
1805,have,AUX,23.962617874145508,636842,de,ADP,31.48357391357422,700765
1806,lifetime,NOUN,21.13833236694336,636842,vida,NOUN,31.80604362487793,700765
1807,consequences,NOUN,23.729297637939453,636842,años,NOUN,35.949867248535156,700765
1808,--,PUNCT,20.80947494506836,636842,intervenir,VERB,35.99972915649414,700765
1809,for,ADP,20.60332489013672,639043,durante,ADP,34.217567443847656,700765
1810,the,DET,21.885099411010742,639043,esos,DET,35.190860748291016,700765
1811,child,NOUN,18.29515266418457,639043,tal,NOUN,33.32270431518555,705614
1812,",",PUNCT,21.322301864624023,639043,",",PUNCT,31.18016815185547,700765
1813,for,ADP,20.947458267211914,639043,de,ADP,32.1286735534668,700765
1814,the,DET,23.00625228881836,639043,disminuiríamos,VERB,35.358558654785156,705614
1815,family,NOUN,19.35251235961914,639043,vez,NOUN,34.00630187988281,705614
1816,",",PUNCT,20.78499412536621,639043,",",PUNCT,32.22048568725586,705614
1817,and,CCONJ,21.594703674316406,639043,algunos,PRON,34.55660629272461,705614
1818,for,ADP,20.126239776611328,639043,para,ADP,33.44688415527344,705614
1819,the,DET,23.382863998413086,639043,y,CONJ,33.44050979614258,705614
1820,community,NOUN,20.607120513916016,639043,tal,NOUN,33.262245178222656,708117
1821,at,ADP,22.26709747314453,639043,sabe,VERB,34.43882369995117,705614
1822,large,ADJ,18.629650115966797,639043,quién,PRON,34.95174789428711,705614
1823,.,PUNCT,21.565589904785156,639043,",",PUNCT,27.218730926513672,705614
1824,So,CCONJ,19.43052864074707,643075,vez,NOUN,34.50453567504883,708117
1825,this,DET,22.85177230834961,643075,incluso,ADV,34.837425231933594,708117
1826,is,AUX,22.982769012451172,643075,prevendríamos,VERB,33.811302185058594,708117
1827,our,DET,22.027240753173828,643075,otros,PRON,33.70174789428711,708117
1828,view,NOUN,18.899635314941406,643075,.,PUNCT,33.416587829589844,708117
1829,of,ADP,24.764989852905273,643075,a,ADP,33.643890380859375,708117
1830,autism,NOUN,18.82733154296875,643075,Entonces,ADV,34.211708068847656,711753
1831,.,PUNCT,21.842145919799805,643075,",",PUNCT,31.514896392822266,711753
1832,There,PRON,21.404123306274414,646145,cómo,PRON,34.418270111083984,711753
1833,are,AUX,24.154836654663086,646145,¿,PUNCT,30.652990341186523,711753
1834,over,ADP,18.944475173950195,646145,lo,PRON,31.58848762512207,711753
1835,a,DET,21.385679244995117,646145,hacemos,VERB,35.259037017822266,711753
1836,hundred,NUM,21.149253845214844,646145,?,PUNCT,31.85347557067871,711753
1837,genes,NOUN,19.86437225341797,646145,¿,PUNCT,30.12833595275879,713837
1838,that,DET,23.3717041015625,646145,ese,DET,37.34320068359375,713837
1839,are,AUX,25.260480880737305,646145,Cómo,PRON,31.787229537963867,713837
1840,associated,VERB,21.69098663330078,646145,entramos,VERB,33.79583740234375,713837
1841,with,ADP,22.29298973083496,646145,en,ADP,35.80271911621094,713837
1842,autism,NOUN,19.43285369873047,646145,sentimiento,NOUN,32.12012481689453,713837
1843,.,PUNCT,21.30973243713379,646145,de,ADP,31.34983253479004,713837
1844,In,ADP,21.334300994873047,649491,en,ADP,34.9339485168457,716753
1845,fact,NOUN,21.23174285888672,649491,resonancia,NOUN,28.612651824951172,713837
1846,",",PUNCT,20.65436363220215,649491,",",PUNCT,30.147096633911133,713837
1847,we,PRON,24.141958236694336,649491,cómo,PRON,33.8039665222168,716753
1848,believe,VERB,22.798133850097656,649491,entramos,VERB,34.10361099243164,716753
1849,there,PRON,22.831087112426758,649491,el,DET,34.344581604003906,716753
1850,are,AUX,25.415590286254883,649491,ser,NOUN,31.194438934326172,716753
1851,going,VERB,24.29607582092285,649491,Recuerdo,VERB,32.96991729736328,720778
1852,to,PART,20.989736557006836,649491,otra,DET,35.77336120605469,716753
1853,be,AUX,24.486562728881836,649491,persona,NOUN,34.57707214355469,716753
1854,something,PRON,22.142990112304688,651474,?,PUNCT,33.868839263916016,716753
1855,between,ADP,21.70381736755371,651474,de,ADP,30.60024642944336,716753
1856,300,NUM,21.758647918701172,651474,cuando,SCONJ,34.530189514160156,720778
1857,and,CCONJ,22.27174186706543,651474,con,ADP,35.35321044921875,720778
1858,600,NUM,21.514141082763672,651474,15,NUM,34.424110412597656,720778
1859,genes,NOUN,21.980031967163086,651474,niña,NOUN,32.662269592285156,720778
1860,associated,VERB,21.037015914916992,651474,interactuaba,VERB,36.86862564086914,720778
1861,with,ADP,22.512554168701172,651474,de,ADP,31.21473503112793,720778
1862,autism,NOUN,19.64802360534668,651474,meses,NOUN,36.0718994140625,720778
1863,",",PUNCT,20.925569534301758,651474,",",PUNCT,31.099735260009766,720778
1864,and,CCONJ,19.136199951171875,655303,esa,DET,36.36851501464844,720778
1865,genetic,ADJ,18.691307067871094,655303,que,SCONJ,32.91828536987305,724276
1866,anomalies,NOUN,22.169416427612305,655303,lo,DET,33.458858489990234,724276
1867,",",PUNCT,21.76361083984375,655303,que,PRON,33.23475646972656,724276
1868,much,ADV,20.717933654785156,655303,se,PRON,30.889772415161133,724276
1869,more,ADJ,19.953678131103516,655303,me,PRON,33.4222297668457,724276
1870,than,SCONJ,22.711009979248047,655303,vino,VERB,33.843162536621094,724276
1871,just,ADV,21.56803321838379,655303,a,ADP,33.525360107421875,724276
1872,genes,NOUN,20.071617126464844,655303,mente,NOUN,31.798213958740234,724276
1873,.,PUNCT,20.63484764099121,655303,¿,PUNCT,30.135665893554688,726438
1874,And,CCONJ,20.70602798461914,659460,:,PUNCT,31.384532928466797,724276
1875,we,PRON,24.952009201049805,659460,Cómo,PRON,33.333309173583984,726438
1876,actually,ADV,27.411651611328125,659460,"""",PUNCT,30.39035987854004,726438
1877,have,AUX,22.8614501953125,659460,fue,AUX,33.65915298461914,724276
1878,a,DET,21.502967834472656,659460,la,DET,31.78272247314453,724276
1879,bit,NOUN,20.670772552490234,659460,entras,NOUN,33.74330520629883,726438
1880,of,ADP,23.13220977783203,659460,en,ADP,34.13348388671875,726438
1881,a,DET,20.69301414489746,659460,su,DET,35.18476486206055,726438
1882,question,NOUN,21.360488891601562,659460,mundo,NOUN,32.45634460449219,726438
1883,here,ADV,21.452274322509766,659460,?,PUNCT,31.45482635498047,726438
1884,",",PUNCT,21.21401023864746,659460,¿,PUNCT,29.736143112182617,728953
1885,because,SCONJ,19.992023468017578,663644,en,ADP,34.54320526123047,728953
1886,if,SCONJ,20.76580810546875,663644,pensando,VERB,35.32529067993164,728953
1887,there,PRON,23.880266189575195,663644,mí,PRON,34.034366607666016,728953
1888,are,AUX,24.167394638061523,663644,Está,AUX,37.01035690307617,728953
1889,so,ADV,23.509485244750977,663644,?,PUNCT,32.35262680053711,728953
1890,many,ADJ,22.965587615966797,663644,¿,PUNCT,29.369611740112305,728953
1891,different,ADJ,20.73272132873535,663644,Está,AUX,36.913570404052734,728953
1892,causes,NOUN,21.92807960510254,663644,pensando,VERB,35.340335845947266,728953
1893,of,ADP,24.313617706298828,663644,en,ADP,33.56188201904297,728953
1894,autism,NOUN,19.699974060058594,663644,?,PUNCT,32.43705749511719,728953
1895,",",PUNCT,21.0095272064209,663644,"""",PUNCT,32.35350799560547,728953
1896,how,ADV,22.148691177368164,666953,Bueno,INTJ,33.08665084838867,733233
1897,do,AUX,22.885465621948242,666953,es,AUX,35.07876968383789,733233
1898,you,PRON,23.978736877441406,666953,otros,PRON,34.51184844970703,728953
1899,go,VERB,22.644977569580078,666953,hacerlo,VERB,32.308921813964844,733233
1900,from,ADP,22.302364349365234,666953,",",PUNCT,29.864852905273438,733233
1901,those,DET,23.793067932128906,666953,lo,DET,35.305545806884766,733233
1902,liabilities,NOUN,21.377513885498047,666953,",",PUNCT,32.070308685302734,733233
1903,to,ADP,18.94768524169922,666953,por,ADP,32.128597259521484,733233
1904,the,DET,22.899700164794922,666953,la,DET,33.578285217285156,737577
1905,actual,ADJ,20.897687911987305,666953,difícil,ADJ,33.85948944091797,733233
1906,syndrome,NOUN,19.52249526977539,666953,tuvimos,VERB,34.83967590332031,733233
1907,?,PUNCT,20.822017669677734,666953,crear,VERB,35.70907974243164,733233
1908,Because,SCONJ,20.96963119506836,671245,que,SCONJ,30.881717681884766,733233
1909,people,NOUN,21.652971267700195,671245,tecnología,NOUN,31.227157592773438,737577
1910,like,SCONJ,21.552175521850586,671245,que,SCONJ,30.8674259185791,737577
1911,myself,PRON,21.903074264526367,671245,que,PRON,32.4123649597168,733233
1912,",",PUNCT,21.063453674316406,671245,.,PUNCT,34.004127502441406,737577
1913,when,ADV,23.848773956298828,673530,Básicamente,ADV,32.723201751708984,737577
1914,we,PRON,25.02510643005371,673530,",",PUNCT,31.147172927856445,737577
1915,walk,VERB,21.962675094604492,673530,teníamos,VERB,32.75096130371094,737577
1916,into,ADP,20.996793746948242,673530,en,ADP,34.14531707763672,737577
1917,a,DET,23.372465133666992,673530,un,DET,37.689701080322266,737577
1918,playroom,NOUN,19.196727752685547,673530,adentrarnos,NOUN,34.10374450683594,737577
1919,",",PUNCT,20.84879493713379,673530,.,PUNCT,32.85163116455078,737577
1920,we,PRON,24.519954681396484,675791,cuerpo,NOUN,32.39186096191406,737577
1921,recognize,VERB,22.8564395904541,675791,Teníamos,VERB,28.882131576538086,741056
1922,a,DET,21.43754768371582,675791,el,DET,36.165794372558594,741056
1923,child,NOUN,20.35700798034668,675791,mundo,NOUN,31.53095817565918,741056
1924,as,SCONJ,23.17788314819336,675791,que,SCONJ,29.90697479248047,741056
1925,having,VERB,21.685832977294922,675791,ver,VERB,35.141414642333984,741056
1926,autism,NOUN,20.355453491210938,675791,través,NOUN,32.88753890991211,741056
1927,.,PUNCT,20.956710815429688,675791,.,PUNCT,32.67284393310547,741056
1928,So,ADV,19.504491806030273,678835,a,ADP,33.02404022216797,741056
1929,how,ADV,21.591209411621094,678835,sus,DET,32.602455139160156,741056
1930,do,AUX,22.35564422607422,678835,de,ADP,31.21390724182129,741056
1931,you,PRON,24.10405158996582,678835,Y,CONJ,31.578908920288086,744985
1932,go,VERB,22.443078994750977,678835,construyendo,VERB,34.91284942626953,744985
1933,from,ADP,20.959482192993164,678835,en,ADP,32.05156707763672,744985
1934,multiple,ADJ,19.891984939575195,678835,últimos,ADJ,35.17945098876953,744985
1935,causes,NOUN,19.75845718383789,678835,ojos,NOUN,34.6332893371582,741056
1936,to,ADP,22.224302291870117,681087,",",PUNCT,32.0396614074707,744985
1937,a,DET,24.42329216003418,681087,los,DET,34.994667053222656,744985
1938,syndrome,NOUN,20.888086318969727,681087,años,NOUN,36.87654495239258,744985
1939,that,DET,19.75967788696289,681087,estas,DET,31.806734085083008,748024
1940,has,AUX,22.59829330444336,681087,estuvimos,AUX,33.1989631652832,744985
1941,some,DET,23.245466232299805,681087,nuevas,ADJ,37.49591064453125,748024
1942,homogeneity,NOUN,21.292823791503906,681087,tecnologías,NOUN,38.62884521484375,748024
1943,?,PUNCT,22.144838333129883,681087,que,PRON,35.05546951293945,748024
1944,And,CCONJ,19.445951461791992,684491,basan,VERB,36.84352493286133,748024
1945,the,DET,22.23541259765625,684491,el,DET,32.88554382324219,748024
1946,answer,NOUN,19.25000762939453,684491,seguimiento,NOUN,34.392234802246094,748024
1947,is,AUX,24.380319595336914,684491,ocular,ADJ,33.80280303955078,748024
1948,what,PRON,20.57638931274414,684491,se,PRON,31.292692184448242,748024
1949,lies,VERB,22.197086334228516,684491,ver,VERB,36.31694793701172,751657
1950,in,ADP,20.911094665527344,684491,en,ADP,32.796173095703125,748024
1951,between,ADP,20.560819625854492,684491,a,ADP,33.44137954711914,751657
1952,",",PUNCT,20.263002395629883,684491,.,PUNCT,33.499427795410156,748024
1953,which,DET,20.327804565429688,687753,cada,DET,37.02500915527344,751657
1954,is,AUX,23.575231552124023,687753,Podemos,AUX,30.548616409301758,751657
1955,development,NOUN,19.92807960510254,687753,momento,NOUN,32.74601745605469,751657
1956,.,PUNCT,21.862337112426758,687753,que,PRON,33.579322814941406,754175
1957,And,CCONJ,20.74473762512207,689660,lo,DET,35.53922653198242,754175
1958,in,ADP,21.12982940673828,689660,en,ADP,34.35934066772461,754175
1959,fact,NOUN,20.668750762939453,689660,niños,NOUN,35.76072311401367,754175
1960,",",PUNCT,21.246261596679688,689660,.,PUNCT,32.597469329833984,754175
1961,we,PRON,24.37667465209961,689660,se,PRON,31.07927131652832,754175
1962,are,AUX,25.373573303222656,689660,es,AUX,30.957536697387695,757456
1963,very,ADV,26.463809967041016,689660,los,DET,35.770851135253906,754175
1964,interested,ADJ,22.982301712036133,689660,Este,PRON,32.22383499145508,757456
1965,in,ADP,22.45322036743164,689660,involucran,VERB,37.417171478271484,754175
1966,those,DET,22.43270492553711,689660,mi,DET,33.8984260559082,757456
1967,first,ADJ,19.646015167236328,689660,Jones,PROPN,37.21889877319336,757456
1968,two,NUM,23.186336517333984,689660,Warren,PROPN,36.31704330444336,757456
1969,years,NOUN,22.919893264770508,689660,colega,NOUN,34.627593994140625,757456
1970,of,ADP,23.485340118408203,689660,con,ADP,30.174907684326172,757456
1971,life,NOUN,20.205312728881836,689660,quien,PRON,28.882810592651367,757456
1972,",",PUNCT,22.272844314575195,689660,",",PUNCT,30.656024932861328,757456
1973,because,SCONJ,22.023006439208984,694457,construimos,VERB,34.92974090576172,760175
1974,those,DET,25.080724716186523,694457,estos,DET,33.84370803833008,760175
1975,liabilities,NOUN,22.779586791992188,694457,métodos,NOUN,34.83369445800781,760175
1976,do,AUX,23.364093780517578,694457,",",PUNCT,33.25067901611328,760175
1977,n't,PART,25.019207000732422,694457,estos,DET,33.678890228271484,760175
1978,necessarily,ADV,24.128131866455078,694457,los,DET,34.243812561035156,763152
1979,convert,VERB,23.873882293701172,694457,últimos,ADJ,33.281028747558594,763152
1980,into,ADP,22.737905502319336,694457,durante,ADP,35.542213439941406,763152
1981,autism,NOUN,19.292570114135742,694457,estudios,NOUN,34.771522521972656,760175
1982,.,PUNCT,21.55295181274414,694457,",",PUNCT,31.04363250732422,760175
1983,Autism,NOUN,21.47701072692871,698269,años,NOUN,35.400657653808594,763152
1984,creates,VERB,24.5094051361084,698269,ven,VERB,38.00843048095703,765143
1985,itself,PRON,22.031532287597656,698269,12,NUM,35.81966781616211,763152
1986,.,PUNCT,22.97492790222168,698269,",",PUNCT,31.24071502685547,763152
1987,Were,AUX,22.560901641845703,700812,ahí,ADV,34.77173614501953,765143
1988,we,PRON,23.39747428894043,700812,y,CONJ,32.65361785888672,765143
1989,to,PART,21.631011962890625,700812,a,ADP,32.30870056152344,765143
1990,be,AUX,25.924596786499023,700812,un,DET,35.75852966308594,765143
1991,able,ADJ,23.884288787841797,700812,feliz,ADJ,36.29008483886719,765143
1992,to,PART,24.966121673583984,700812,niño,NOUN,32.51618957519531,765143
1993,intervene,VERB,24.439931869506836,700812,5,NUM,32.57090377807617,765143
1994,during,ADP,25.033451080322266,700812,de,ADP,29.74326515197754,765143
1995,those,DET,23.715557098388672,700812,un,DET,36.460289001464844,767863
1996,years,NOUN,21.923622131347656,700812,meses,NOUN,35.939720153808594,765143
1997,of,ADP,23.507156372070312,700812,niño,NOUN,32.59141540527344,767863
1998,life,NOUN,20.098859786987305,700812,cosas,NOUN,34.51237106323242,767863
1999,",",PUNCT,22.272605895996094,700812,",",PUNCT,31.032480239868164,765143
2000,we,PRON,24.763784408569336,705569,que,PRON,33.30605697631836,767863
2001,might,VERB,25.255950927734375,705569,verá,VERB,35.23210906982422,767863
2002,attenuate,VERB,23.736310958862305,705569,que,SCONJ,32.81576919555664,773686
2003,for,ADP,19.952516555786133,705569,de,ADP,31.812564849853516,773686
2004,some,DET,18.957849502563477,705569,las,DET,34.61343765258789,767863
2005,",",PUNCT,22.318836212158203,705569,le,PRON,31.67821502685547,773686
2006,and,CCONJ,19.32273292541504,705569,su,DET,33.29332733154297,773686
2007,God,PROPN,23.286006927490234,705569,mundo,NOUN,31.31570053100586,773686
2008,knows,VERB,23.489593505859375,705569,llegan,VERB,36.102012634277344,773686
2009,",",PUNCT,22.438800811767578,705569,",",PUNCT,30.002761840820312,773686
2010,maybe,ADV,23.006261825561523,705569,su,DET,33.76863098144531,776509
2011,even,ADV,19.296953201293945,705569,",",PUNCT,31.03685188293457,776509
2012,prevent,VERB,19.132768630981445,705569,cuide,VERB,32.49582290649414,776509
2013,for,ADP,23.336931228637695,705569,quién,PRON,34.44161605834961,776509
2014,others,NOUN,22.95116424560547,705569,mamá,NOUN,30.717287063598633,776509
2015,.,PUNCT,21.18532943725586,705569,",",PUNCT,28.98782730102539,776509
2016,So,ADV,19.479698181152344,711975,pero,CONJ,32.02998733520508,776509
2017,how,ADV,21.62777328491211,711975,también,ADV,34.68229675292969,776509
2018,do,AUX,21.85454750061035,711975,experiencias,NOUN,33.05348587036133,776509
2019,we,PRON,24.467866897583008,711975,lo,PRON,29.394834518432617,776509
2020,do,AUX,24.001813888549805,711975,que,SCONJ,30.841856002807617,779088
2021,that,DET,22.555471420288086,711975,su,DET,33.86979293823242,779088
2022,?,PUNCT,22.15705108642578,711975,si,SCONJ,35.396995544433594,779088
2023,How,ADV,21.6455135345459,713837,tendría,VERB,37.79912185668945,779088
2024,do,AUX,21.817323684692383,713837,en,ADP,36.48494338989258,779088
2025,we,PRON,23.872913360595703,713837,que,PRON,31.137535095214844,783520
2026,enter,VERB,23.41793441772461,713837,estuviera,VERB,36.22505187988281,779088
2027,that,DET,20.790142059326172,713837,Lo,DET,32.63513946533203,783520
2028,feeling,NOUN,22.934782028198242,713837,infantes,NOUN,34.594322204589844,779088
2029,of,ADP,24.153366088867188,713837,de,ADP,32.27744674682617,779088
2030,resonance,NOUN,18.6968936920166,713837,jardín,NOUN,31.607206344604492,779088
2031,",",PUNCT,21.50065803527832,713837,.,PUNCT,32.69241714477539,779088
2032,how,ADV,22.06640625,716753,queremos,VERB,32.93333053588867,783520
2033,do,AUX,21.83556365966797,716753,es,AUX,33.83029556274414,783520
2034,we,PRON,23.620664596557617,716753,y,CONJ,33.63650894165039,786152
2035,enter,VERB,23.703765869140625,716753,tomar,VERB,34.36589431762695,783520
2036,another,DET,23.698091506958008,716753,ese,DET,36.559513092041016,783520
2037,person,NOUN,21.15952491760254,716753,mundo,NOUN,33.52356719970703,783520
2038,'s,PART,21.04302978515625,716753,traerlo,ADJ,33.322044372558594,786152
2039,being,AUX,21.731351852416992,716753,a,ADP,31.59385871887207,786152
2040,?,PUNCT,20.67719841003418,716753,",",PUNCT,30.05470085144043,786152
2041,I,PRON,25.966157913208008,721137,laboratorio,NOUN,31.052078247070312,786152
2042,remember,VERB,23.577863693237305,721137,nuestro,DET,33.40154266357422,786152
2043,when,ADV,21.35100555419922,721137,pero,CONJ,31.207284927368164,787481
2044,I,PRON,24.051593780517578,721137,poder,AUX,34.71709442138672,787481
2045,interacted,VERB,23.647098541259766,721137,tuvimos,VERB,33.87607955932617,787481
2046,with,ADP,22.660194396972656,721137,para,ADP,34.50819396972656,787481
2047,that,DET,19.070079803466797,721137,hacerlo,PROPN,31.928129196166992,787481
2048,15-month,NUM,20.480161666870117,721137,que,SCONJ,31.169031143188477,787481
2049,-,PUNCT,22.333248138427734,721137,",",PUNCT,32.18453598022461,787481
2050,old,ADJ,19.478652954101562,721137,sofisticadas,ADJ,35.40806198120117,790603
2051,",",PUNCT,19.72515106201172,721137,",",PUNCT,31.605621337890625,790603
2052,the,DET,21.611663818359375,724276,estas,DET,32.17609405517578,790603
2053,thing,NOUN,18.844070434570312,724276,medidas,NOUN,35.8873291015625,790603
2054,that,DET,20.85538101196289,724276,muy,ADV,38.906803131103516,790603
2055,came,VERB,25.061296463012695,724276,crear,VERB,35.47288513183594,787481
2056,to,ADP,18.891170501708984,724276,sobre,ADP,32.61208724975586,793853
2057,my,DET,23.87602424621582,724276,la,DET,33.337127685546875,793853
2058,mind,NOUN,19.33192253112793,724276,medidas,NOUN,33.80200958251953,793853
2059,was,AUX,23.115516662597656,724276,gente,NOUN,30.22034454345703,793853
2060,",",PUNCT,20.03191566467285,724276,",",PUNCT,31.16888427734375,793853
2061,"""",PUNCT,20.8800048828125,726438,",",PUNCT,30.4200496673584,793853
2062,How,ADV,21.312496185302734,726438,recién,ADV,36.2415885925293,797280
2063,do,AUX,22.601049423217773,726438,bebés,NOUN,35.04225540161133,793853
2064,you,PRON,24.285879135131836,726438,cómo,PRON,34.66688919067383,793853
2065,come,VERB,23.536474227905273,726438,los,DET,34.17811584472656,793853
2066,into,ADP,19.966007232666016,726438,nacidos,ADJ,33.929779052734375,797280
2067,her,DET,23.247690200805664,726438,los,DET,35.733238220214844,797280
2068,world,NOUN,20.14822769165039,726438,mundo,NOUN,30.806642532348633,797280
2069,?,PUNCT,22.00602912902832,726438,",",PUNCT,29.762126922607422,797280
2070,Is,AUX,18.635337829589844,729410,el,DET,33.932518005371094,797280
2071,she,PRON,22.12101936340332,729410,se,PRON,31.996337890625,797280
2072,thinking,VERB,24.041025161743164,729410,involucran,VERB,37.8818244934082,797280
2073,about,ADP,22.861343383789062,729410,con,ADP,34.50058364868164,797280
2074,me,PRON,25.887426376342773,729410,cada,DET,35.7635498046875,800263
2075,?,PUNCT,20.653640747070312,729410,",",PUNCT,29.674884796142578,797280
2076,Is,AUX,19.072322845458984,729410,es,AUX,33.72221374511719,801890
2077,she,PRON,22.203580856323242,729410,que,PRON,33.655799865722656,801890
2078,thinking,VERB,24.642749786376953,729410,lo,DET,33.572059631347656,801890
2079,about,ADP,23.859699249267578,729410,a,ADP,32.58576965332031,800263
2080,others,NOUN,22.8976993560791,729410,instante,NOUN,33.14444351196289,800263
2081,?,PUNCT,21.57755470275879,729410,",",PUNCT,29.027538299560547,800263
2082,"""",PUNCT,21.75766944885254,729410,.,PUNCT,31.07208824157715,801890
2083,Well,INTJ,25.24871826171875,733910,y,CONJ,32.75548553466797,801890
2084,",",PUNCT,19.66362190246582,733910,lo,DET,35.725982666015625,801890
2085,it,PRON,23.338581085205078,733910,que,PRON,33.40456771850586,801890
2086,'s,AUX,23.517499923706055,733910,es,AUX,32.78843688964844,801890
2087,hard,ADJ,23.430103302001953,733910,importante,ADJ,35.464500427246094,801890
2088,to,PART,22.32499885559082,733910,no,ADV,32.936485290527344,801890
2089,do,AUX,24.18282127380371,733910,Creamos,AUX,29.643795013427734,805163
2090,that,DET,21.7075138092041,733910,esas,DET,36.436614990234375,805163
2091,",",PUNCT,20.150915145874023,733910,",",PUNCT,32.81877136230469,805163
2092,so,CCONJ,19.700908660888672,736784,medidas,NOUN,34.6899528503418,805163
2093,we,PRON,23.763641357421875,736784,lo,PRON,31.193546295166016,801890
2094,had,AUX,23.713054656982422,736784,y,CONJ,31.604398727416992,805163
2095,to,PART,22.276233673095703,736784,aquí,ADV,35.64110565185547,805163
2096,create,VERB,24.228103637695312,736784,ven,VERB,36.47570037841797,808104
2097,the,DET,21.82660675048828,736784,lo,DET,32.00259017944336,808104
2098,technologies,NOUN,21.2692928314209,736784,embudo,NOUN,29.85832977294922,808104
2099,.,PUNCT,20.16046714782715,736784,",",PUNCT,30.842252731323242,805163
2100,We,PRON,24.461566925048828,738986,que,PRON,31.74628448486328,808104
2101,had,AUX,24.34552574157715,738986,un,DET,37.67133331298828,808104
2102,to,PART,20.231367111206055,738986,llamamos,VERB,35.46620178222656,808104
2103,basically,ADV,22.740890502929688,738986,atención,NOUN,30.334129333496094,808104
2104,step,VERB,22.969892501831055,738986,Ven,VERB,34.74235534667969,811503
2105,inside,ADP,21.1110897064209,738986,de,ADP,31.656221389770508,808104
2106,a,DET,24.572446823120117,738986,un,DET,35.218170166015625,811503
2107,body,NOUN,22.24923324584961,738986,video,NOUN,30.70133399963379,811503
2108,.,PUNCT,22.35588836669922,738986,.,PUNCT,33.247108459472656,808104
2109,We,PRON,24.41620445251465,741479,.,PUNCT,33.06202697753906,811503
2110,had,AUX,24.486719131469727,741479,Esos,DET,30.00297737121582,813836
2111,to,PART,21.472116470336914,741479,fotogramas,NOUN,34.77503204345703,813836
2112,see,VERB,23.3101806640625,741479,tienen,VERB,36.674163818359375,813836
2113,the,DET,22.389118194580078,741479,un,DET,35.223411560058594,813836
2114,world,NOUN,20.19196128845215,741479,intervalo,NOUN,31.952836990356445,813836
2115,through,ADP,22.809154510498047,741479,de,ADP,32.62925338745117,813836
2116,her,DET,23.510231018066406,741479,un,DET,32.72024154663086,813836
2117,eyes,NOUN,20.768211364746094,741479,través,NOUN,33.33057403564453,816494
2118,.,PUNCT,20.689611434936523,741479,a,ADP,34.039459228515625,816494
2119,And,CCONJ,20.286849975585938,745192,ojos,NOUN,34.444732666015625,816494
2120,so,ADV,19.337491989135742,745192,de,ADP,30.904739379882812,816494
2121,in,ADP,20.573305130004883,745192,de,ADP,29.808748245239258,816494
2122,the,DET,20.56888771057129,745192,los,DET,35.102516174316406,816494
2123,past,ADJ,18.277366638183594,745192,segundo,ADJ,31.04071044921875,813836
2124,many,ADJ,20.64664077758789,745192,35,NUM,36.02248764038086,816494
2125,years,NOUN,21.425533294677734,745192,niños,NOUN,35.97468948364258,816494
2126,",",PUNCT,20.68662452697754,745192,de,ADP,31.06386947631836,816494
2127,we,PRON,22.994794845581055,747528,dos,NUM,34.77608871459961,816494
2128,'ve,AUX,22.37725830078125,747528,años,NOUN,36.62324905395508,816494
2129,been,AUX,25.08730125427246,747528,en,ADP,33.24577331542969,819262
2130,building,VERB,27.12278175354004,747528,congelamos,VERB,34.352718353271484,820544
2131,these,DET,20.466676712036133,747528,",",PUNCT,30.686222076416016,819262
2132,new,ADJ,22.433151245117188,747528,y,CONJ,33.42162322998047,820544
2133,technologies,NOUN,21.410938262939453,747528,desarrollo,NOUN,29.841114044189453,819262
2134,that,DET,20.212936401367188,749948,un,DET,35.246131896972656,820544
2135,are,AUX,25.06159210205078,749948,es,AUX,31.723861694335938,823519
2136,based,VERB,22.897581100463867,749948,esto,PRON,33.582923889160156,823519
2137,on,ADP,21.297142028808594,749948,y,CONJ,33.641319274902344,823519
2138,eye,NOUN,19.68407440185547,749948,fotograma,NOUN,32.8606071472168,820544
2139,tracking,NOUN,18.993789672851562,749948,lo,DET,33.73638153076172,823519
2140,.,PUNCT,22.63994789123535,749948,",",PUNCT,29.297887802124023,820544
2141,We,PRON,24.198776245117188,751553,que,PRON,32.227333068847656,823519
2142,can,VERB,24.15370750427246,751553,los,DET,35.258941650390625,823519
2143,see,VERB,24.570253372192383,751553,típicos,ADJ,36.29732894897461,823519
2144,",",PUNCT,22.194652557373047,751553,.,PUNCT,32.456336975097656,823519
2145,moment,NOUN,19.984188079833984,751553,niños,NOUN,36.8604850769043,823519
2146,by,ADP,23.413326263427734,751553,En,ADP,32.06861877441406,827020
2147,moment,NOUN,19.38250732421875,751553,escaneo,NOUN,30.9115047454834,827020
2148,",",PUNCT,23.47539710998535,751553,",",PUNCT,29.63054656982422,827020
2149,what,PRON,20.38188934326172,751553,este,DET,34.47322082519531,827020
2150,children,NOUN,21.97268295288086,751553,verde,NOUN,32.18885040283203,827020
2151,are,AUX,24.915958404541016,751553,en,ADP,31.889694213867188,827020
2152,engaging,VERB,23.39439582824707,751553,hacen,VERB,34.93852996826172,823519
2153,with,ADP,20.718048095703125,751553,de,ADP,30.75701904296875,827020
2154,.,PUNCT,21.476512908935547,751553,",",PUNCT,30.9427547454834,827020
2155,This,DET,23.966663360595703,758046,niños,NOUN,35.94782638549805,827020
2156,is,AUX,22.23773193359375,758046,hay,AUX,34.52466583251953,827020
2157,my,DET,21.17323875427246,758046,dos,NUM,34.89899444580078,827020
2158,colleague,NOUN,19.47500228881836,758046,años,NOUN,37.21284103393555,827020
2159,",",PUNCT,22.136573791503906,758046,con,ADP,34.25069808959961,827020
2160,Warren,PROPN,23.32048988342285,758046,autismo,NOUN,30.574848175048828,827020
2161,Jones,PROPN,21.129079818725586,758046,ese,DET,36.54078674316406,831461
2162,",",PUNCT,20.8486270904541,758046,.,PUNCT,32.140419006347656,827020
2163,with,ADP,20.425928115844727,759834,En,ADP,32.283782958984375,831461
2164,whom,PRON,22.082427978515625,759834,fotograma,NOUN,33.03041076660156,831461
2165,we,PRON,24.00686264038086,759834,esto,PRON,33.56871795654297,835084
2166,'ve,AUX,22.1621150970459,759834,normales,ADJ,35.97881317138672,831461
2167,been,AUX,25.069576263427734,759834,están,AUX,33.878875732421875,835084
2168,building,VERB,26.793188095092773,759834,viendo,VERB,33.38774490356445,835084
2169,these,DET,23.114864349365234,759834,los,DET,34.48395919799805,831461
2170,methods,NOUN,20.362150192260742,759834,niños,NOUN,36.74385452270508,831461
2171,",",PUNCT,21.112455368041992,759834,",",PUNCT,29.476667404174805,831461
2172,these,DET,21.24125862121582,759834,la,DET,35.0458869934082,838039
2173,studies,NOUN,19.393829345703125,759834,expresión,NOUN,30.115001678466797,838039
2174,",",PUNCT,19.632091522216797,759834,",",PUNCT,30.493797302246094,835084
2175,for,ADP,20.876100540161133,763152,de,ADP,30.454605102539062,838039
2176,the,DET,21.517337799072266,763152,ese,DET,35.88825988769531,838039
2177,past,ADJ,17.763586044311523,763152,pequeño,ADJ,35.44328689575195,838039
2178,12,NUM,24.30659294128418,763152,de,ADP,30.989395141601562,838039
2179,years,NOUN,24.362417221069336,763152,niño,NOUN,31.987049102783203,838039
2180,.,PUNCT,21.03673553466797,763152,emoción,NOUN,29.577302932739258,838039
2181,And,CCONJ,20.74342918395996,764879,mientras,SCONJ,35.82469940185547,840588
2182,you,PRON,24.621545791625977,764879,pelea,NOUN,32.88513946533203,840588
2183,see,VERB,22.457639694213867,764879,hacen,VERB,37.19628143310547,843498
2184,there,ADV,18.8469295501709,764879,con,ADP,33.31070327758789,840588
2185,a,DET,22.204940795898438,764879,la,DET,33.299163818359375,840588
2186,happy,ADJ,20.286090850830078,764879,niña,NOUN,31.598976135253906,840588
2187,five,NUM,23.7340030670166,764879,Qué,PRON,31.600805282592773,843498
2188,-,PUNCT,23.33513641357422,764879,¿,PUNCT,31.126556396484375,843498
2189,month,NOUN,19.096033096313477,764879,niños,NOUN,36.81875228881836,843498
2190,-,PUNCT,22.691877365112305,764879,.,PUNCT,34.33034896850586,840588
2191,old,ADJ,18.0953311920166,764879,concentrados,ADJ,34.90805435180664,845558
2192,",",PUNCT,19.386287689208984,764879,con,ADP,33.687286376953125,843498
2193,a,DET,21.493013381958008,768789,los,DET,35.904266357421875,843498
2194,five,NUM,22.789634704589844,768789,en,ADP,34.84416961669922,845558
2195,-,PUNCT,22.163251876831055,768789,?,PUNCT,31.4925537109375,843498
2196,month,NOUN,20.297014236450195,768789,autismo,NOUN,30.033832550048828,843498
2197,little,ADJ,18.158449172973633,768789,giratoria,ADJ,34.67631149291992,845558
2198,boy,NOUN,21.764476776123047,768789,puerta,NOUN,32.198055267333984,845558
2199,who,PRON,22.660505294799805,768789,la,DET,34.017799377441406,845558
2200,is,AUX,26.569265365600586,768789,Están,AUX,34.50864791870117,845558
2201,going,VERB,23.90949821472168,768789,",",PUNCT,31.870487213134766,845558
2202,to,PART,23.585254669189453,768789,abriéndose,PROPN,32.32548522949219,849003
2203,watch,VERB,26.53256607055664,768789,y,CONJ,31.896413803100586,849003
2204,things,NOUN,19.792259216308594,768789,cerrándose,PROPN,32.80482482910156,849003
2205,that,DET,20.184938430786133,773880,.,PUNCT,32.10548400878906,849003
2206,are,AUX,23.319860458374023,773880,puedo,AUX,33.924625396728516,851094
2207,brought,VERB,22.241451263427734,773880,ven,VERB,37.61603927612305,853546
2208,from,ADP,21.139036178588867,773880,Bien,ADV,33.351966857910156,851094
2209,his,DET,24.9910888671875,773880,que,PRON,32.431827545166016,851094
2210,world,NOUN,18.344589233398438,773880,decirles,NOUN,35.572486877441406,851094
2211,:,PUNCT,18.96700668334961,773880,",",PUNCT,31.676105499267578,851094
2212,his,DET,22.303688049316406,776596,esta,DET,34.07905960083008,851094
2213,mom,NOUN,18.709924697875977,776596,variación,NOUN,32.31939697265625,851094
2214,",",PUNCT,20.41244888305664,776596,que,PRON,31.001998901367188,853546
2215,the,DET,21.759437561035156,776596,nuestro,DET,35.01356506347656,854415
2216,caregiver,NOUN,17.069034576416016,776596,experimento,NOUN,30.29716682434082,854415
2217,",",PUNCT,20.66577911376953,776596,no,ADV,35.427574157714844,854415
2218,but,CCONJ,21.5048885345459,778853,solo,ADJ,36.1387825012207,854415
2219,also,ADV,21.328643798828125,778853,aquí,ADV,36.7017822265625,853546
2220,experiences,VERB,21.889589309692383,778853,sucede,VERB,36.99519348144531,854415
2221,that,SCONJ,20.237871170043945,778853,en,ADP,30.89950180053711,854415
2222,he,PRON,24.749744415283203,778853,de,ADP,28.61001968383789,854415
2223,would,VERB,25.693641662597656,778853,Sucede,VERB,34.812259674072266,857605
2224,have,AUX,22.799516677856445,778853,minutos,NOUN,34.88942337036133,854415
2225,were,AUX,22.797700881958008,778853,.,PUNCT,33.48828125,854415
2226,he,PRON,22.79290771484375,778853,5,NUM,34.3603401184082,854415
2227,to,PART,21.200096130371094,778853,a,ADP,33.40652084350586,857605
2228,be,AUX,24.56354331970215,778853,cada,DET,35.640907287597656,857605
2229,in,ADP,21.537456512451172,778853,en,ADP,34.7056884765625,857605
2230,his,DET,24.60456085205078,778853,sus,DET,31.387487411499023,857605
2231,daycare,NOUN,19.347776412963867,778853,instante,NOUN,34.349063873291016,857605
2232,.,PUNCT,20.728811264038086,778853,",",PUNCT,31.070941925048828,857605
2233,What,PRON,21.92639923095703,783884,reales,ADJ,34.40641784667969,857605
2234,we,PRON,25.041032791137695,783884,se,PRON,31.123342514038086,861006
2235,want,VERB,24.0211124420166,783884,y,CONJ,33.67962646484375,861006
2236,is,AUX,20.976774215698242,783884,van,AUX,35.9731559753418,861006
2237,to,PART,23.623891830444336,783884,vidas,NOUN,35.30672836303711,857605
2238,embrace,VERB,24.68467140197754,783884,formando,VERB,32.11669158935547,861006
2239,that,DET,20.097402572631836,783884,sus,DET,32.28386688232422,861006
2240,world,NOUN,19.82680320739746,783884,mentes,NOUN,37.17988586425781,861006
2241,and,CCONJ,22.955238342285156,783884,y,CONJ,33.43296813964844,863726
2242,bring,VERB,21.43355369567871,783884,especializan,VERB,37.22478485107422,863726
2243,it,PRON,22.5324764251709,783884,se,PRON,34.78303146362305,863726
2244,into,ADP,20.19217300415039,783884,en,ADP,33.55438995361328,863726
2245,our,DET,23.28795623779297,783884,sus,DET,31.46917724609375,863726
2246,laboratory,NOUN,16.4307804107666,783884,cerebros,NOUN,33.2784423828125,863726
2247,",",PUNCT,20.941850662231445,783884,",",PUNCT,29.980714797973633,861006
2248,but,CCONJ,21.490283966064453,787748,distinto,ADJ,35.41274642944336,863726
2249,in,ADP,19.826156616210938,787748,a,ADP,33.36945724487305,866806
2250,order,NOUN,20.742164611816406,787748,pares,NOUN,34.974205017089844,866806
2251,for,ADP,22.478052139282227,787748,con,ADP,34.99251174926758,866806
2252,us,PRON,24.935977935791016,787748,que,PRON,32.869354248046875,866806
2253,to,PART,21.374242782592773,787748,pasa,VERB,37.608882904052734,866806
2254,do,AUX,23.42506217956543,787748,lo,DET,34.030418395996094,866806
2255,that,DET,21.50031280517578,787748,sus,DET,32.61924743652344,866806
2256,",",PUNCT,20.14142417907715,787748,.,PUNCT,33.31076431274414,866806
2257,we,PRON,24.426712036132812,789806,algo,PRON,33.00439453125,863726
2258,had,AUX,24.780410766601562,789806,normales,ADJ,36.315711975097656,866806
2259,to,PART,22.204683303833008,789806,un,DET,36.92338562011719,870585
2260,create,VERB,24.554824829101562,789806,Tomamos,VERB,32.190826416015625,870585
2261,these,DET,23.149890899658203,789806,nuestros,DET,33.01237487792969,873772
2262,very,ADV,25.011390686035156,789806,de,ADP,29.70782470703125,873772
2263,sophisticated,ADJ,23.00596809387207,789806,pediatras,ADJ,31.426471710205078,873772
2264,measures,NOUN,22.137779235839844,789806,amigos,NOUN,35.3914680480957,873772
2265,",",PUNCT,22.503459930419922,789806,",",PUNCT,31.29804229736328,873772
2266,measures,NOUN,20.241989135742188,794085,concepto,NOUN,31.68205451965332,870585
2267,of,ADP,22.66326141357422,794085,de,ADP,31.029067993164062,876966
2268,how,ADV,22.485660552978516,794085,el,DET,33.519798278808594,876966
2269,people,NOUN,20.1691951751709,794085,concepto,NOUN,29.477703094482422,876966
2270,",",PUNCT,22.65026092529297,794085,tablas,NOUN,33.9803581237793,876966
2271,how,ADV,22.027475357055664,794085,de,ADP,30.284791946411133,876966
2272,little,ADJ,22.287641525268555,794085,crecimiento,NOUN,31.338579177856445,876966
2273,babies,NOUN,22.144561767578125,794085,Es,NOUN,33.54470443725586,878893
2274,",",PUNCT,21.675682067871094,794085,.,PUNCT,32.72064971923828,876966
2275,how,ADV,22.914447784423828,797590,cuando,SCONJ,36.57699203491211,878893
2276,newborns,NOUN,20.840993881225586,797590,decir,NOUN,34.2347297668457,878893
2277,",",PUNCT,22.504344940185547,797590,",",PUNCT,31.48162269592285,878893
2278,engage,VERB,20.247989654541016,797590,llevan,VERB,36.7026252746582,878893
2279,with,ADP,22.6472110748291,797590,a,ADP,33.88100051879883,878893
2280,the,DET,22.372419357299805,797590,un,DET,37.070281982421875,878893
2281,world,NOUN,17.2963924407959,797590,niño,NOUN,32.02031326293945,878893
2282,",",PUNCT,22.011507034301758,797590,",",PUNCT,28.915706634521484,878893
2283,moment,NOUN,20.58863639831543,797590,pediatra,NOUN,31.503129959106445,878893
2284,by,ADP,22.977907180786133,797590,al,ADP,35.140602111816406,878893
2285,moment,NOUN,20.379018783569336,797590,altura,NOUN,31.2302188873291,880862
2286,.,PUNCT,22.708465576171875,797590,tienen,VERB,37.29322052001953,880862
2287,What,PRON,20.610366821289062,802128,y,CONJ,34.18303298950195,880862
2288,is,AUX,24.725801467895508,802128,su,DET,35.177852630615234,880862
2289,important,ADJ,23.183307647705078,802128,y,CONJ,34.27105712890625,880862
2290,and,CCONJ,21.50776481628418,802128,peso,NOUN,32.21955108642578,880862
2291,what,PRON,21.035669326782227,802128,Decidimos,VERB,31.641216278076172,885066
2292,is,AUX,24.991317749023438,802128,vamos,AUX,34.15806198120117,885066
2293,not,PART,20.530250549316406,802128,que,SCONJ,29.794185638427734,885066
2294,.,PUNCT,22.64628791809082,802128,.,PUNCT,33.192588806152344,880862
2295,Well,INTJ,25.428451538085938,805163,a,ADP,35.32457733154297,885066
2296,",",PUNCT,20.467512130737305,805163,de,ADP,31.083450317382812,885066
2297,we,PRON,22.04595184326172,805163,tablas,NOUN,34.96592712402344,885066
2298,created,VERB,24.69240951538086,805163,crear,VERB,36.534481048583984,885066
2299,those,DET,25.285242080688477,805163,crecimiento,NOUN,31.341564178466797,885066
2300,measures,NOUN,21.36367416381836,805163,compromiso,NOUN,33.5167121887207,887895
2301,",",PUNCT,22.13722801208496,805163,de,ADP,28.86632537841797,887895
2302,and,CCONJ,20.08803367614746,807798,social,ADJ,34.08570098876953,887895
2303,here,ADV,19.877782821655273,807798,y,CONJ,33.46253967285156,890354
2304,",",PUNCT,20.874826431274414,807798,",",PUNCT,30.174516677856445,887895
2305,what,PRON,21.405590057373047,807798,desde,ADP,34.65898132324219,890354
2306,you,PRON,25.589094161987305,807798,niños,NOUN,33.60151672363281,890354
2307,see,VERB,22.584497451782227,807798,buscamos,VERB,33.467403411865234,890354
2308,is,AUX,21.779315948486328,807798,el,DET,33.64139938354492,890354
2309,what,PRON,20.89641571044922,807798,en,ADP,30.49022102355957,890354
2310,we,PRON,25.296958923339844,807798,que,PRON,33.08241653442383,890354
2311,call,VERB,23.973806381225586,807798,nacen,VERB,37.10036087036133,890354
2312,a,DET,23.550575256347656,807798,lo,DET,34.883522033691406,893155
2313,funnel,NOUN,21.468961715698242,807798,momento,NOUN,30.71444320678711,890354
2314,of,ADP,24.230188369750977,807798,en,ADP,32.72066116333008,893155
2315,attention,NOUN,20.355457305908203,807798,y,CONJ,32.266658782958984,893155
2316,.,PUNCT,21.63349723815918,807798,",",PUNCT,30.139448165893555,890354
2317,You,PRON,22.771486282348633,811826,que,PRON,33.078365325927734,893155
2318,'re,AUX,21.967147827148438,811826,aquí,ADV,36.52692413330078,893155
2319,watching,VERB,26.938512802124023,811826,ven,VERB,38.08354949951172,893155
2320,a,DET,23.672883987426758,811826,el,DET,34.92325973510742,893155
2321,video,NOUN,20.94753646850586,811826,eje,NOUN,31.86808967590332,893155
2322,--,PUNCT,20.24776268005371,811826,",",PUNCT,31.152210235595703,893155
2323,those,DET,22.198305130004883,813739,2,NUM,32.94306564331055,893155
2324,frames,NOUN,21.745813369750977,813739,x,NOUN,32.926841735839844,893155
2325,are,AUX,26.840267181396484,813739,es,AUX,35.92648696899414,893155
2326,separated,VERB,23.420413970947266,813739,3,NUM,30.84550666809082,893155
2327,by,ADP,20.924171447753906,813739,",",PUNCT,30.418949127197266,893155
2328,about,ADV,19.55940818786621,813739,4,NUM,32.183990478515625,893155
2329,a,DET,20.745868682861328,813739,",",PUNCT,32.245140075683594,893155
2330,second,ADJ,19.472427368164062,813739,5,NUM,33.0954475402832,898984
2331,--,PUNCT,20.100486755371094,813739,",",PUNCT,29.985652923583984,898984
2332,through,ADP,21.78196907043457,816494,6,NUM,33.577476501464844,898984
2333,the,DET,22.806856155395508,816494,y,CONJ,33.26791763305664,898984
2334,eyes,NOUN,19.790666580200195,816494,meses,NOUN,35.059322357177734,898984
2335,of,ADP,24.952608108520508,816494,hasta,ADP,32.64912796020508,898984
2336,35,NUM,22.290069580078125,816494,9,NUM,30.367931365966797,898984
2337,typically,ADV,25.10670280456543,816494,casi,ADV,34.60312271118164,898984
2338,developing,VERB,23.732290267944336,816494,la,DET,33.90092468261719,898984
2339,two,NUM,24.2542724609375,816494,24,NUM,35.08339309692383,898984
2340,-,PUNCT,23.942970275878906,816494,",",PUNCT,31.744068145751953,898984
2341,year,NOUN,20.94197654724121,816494,edad,NOUN,29.82518196105957,898984
2342,-,PUNCT,23.092267990112305,816494,de,ADP,30.106334686279297,898984
2343,olds,NOUN,20.43186378479004,816494,meses,NOUN,35.68560791015625,898984
2344,.,PUNCT,21.86682891845703,816494,.,PUNCT,33.00870895385742,898984
2345,And,CCONJ,21.90389633178711,820837,Yeste,PROPN,31.93858528137207,902824
2346,we,PRON,24.290679931640625,820837,es,AUX,31.151796340942383,902824
2347,freeze,VERB,21.434967041015625,820837,el,DET,35.62173843383789,902824
2348,one,NUM,24.656291961669922,820837,de,ADP,31.60001564025879,902824
2349,frame,NOUN,19.658973693847656,820837,porcentaje,NOUN,31.45938491821289,902824
2350,",",PUNCT,20.549030303955078,820837,tiempo,NOUN,32.90115737915039,902824
2351,and,CCONJ,19.447851181030273,823908,de,ADP,31.37306022644043,902824
2352,this,DET,22.922266006469727,823908,su,DET,34.082984924316406,902824
2353,is,AUX,24.401290893554688,823908,visión,NOUN,31.080814361572266,902824
2354,what,PRON,20.206790924072266,823908,que,PRON,34.891258239746094,905555
2355,the,DET,20.51531982421875,823908,el,DET,34.57665252685547,905555
2356,typical,ADJ,20.581924438476562,823908,en,ADP,32.91993713378906,905555
2357,children,NOUN,22.37725067138672,823908,ojos,NOUN,34.408626556396484,905555
2358,are,AUX,24.250564575195312,823908,se,PRON,30.83875846862793,905555
2359,doing,VERB,23.216697692871094,823908,centran,VERB,38.01099395751953,905555
2360,.,PUNCT,21.37712860107422,823908,los,DET,34.68769073486328,905555
2361,In,ADP,21.44394874572754,827020,en,ADP,33.66762161254883,905555
2362,this,DET,24.983524322509766,827020,la,DET,32.49441909790039,905555
2363,scan,ADJ,19.993061065673828,827020,y,CONJ,33.821434020996094,907251
2364,pass,NOUN,20.4499568939209,827020,gente,NOUN,31.112262725830078,905555
2365,",",PUNCT,19.240520477294922,827020,",",PUNCT,29.535263061523438,905555
2366,in,ADP,19.276487350463867,827020,de,ADP,31.58567237854004,905555
2367,green,ADJ,17.928180694580078,827020,esta,PRON,31.6071720123291,907251
2368,here,ADV,20.61372184753418,827020,aquí,ADV,34.04745101928711,909611
2369,",",PUNCT,19.83441162109375,827020,su,DET,33.839786529541016,907251
2370,are,AUX,20.822246551513672,827020,es,AUX,32.58343505859375,907251
2371,two,NUM,23.836637496948242,827020,de,ADP,31.062503814697266,907251
2372,-,PUNCT,22.3929500579834,827020,.,PUNCT,32.711971282958984,907251
2373,year,NOUN,20.336307525634766,827020,crecimiento,NOUN,31.11942481994629,907251
2374,-,PUNCT,21.806787490844727,827020,Empiezan,VERB,34.3873291015625,909611
2375,olds,NOUN,21.739770889282227,827020,tabla,NOUN,30.151906967163086,907251
2376,with,ADP,22.45662498474121,827020,por,ADP,32.568233489990234,909611
2377,autism,NOUN,19.90047264099121,827020,ojos,NOUN,34.44202423095703,909611
2378,.,PUNCT,21.55304718017578,827020,",",PUNCT,30.131025314331055,909611
2379,So,ADV,20.556224822998047,831461,aman,VERB,36.79193878173828,909611
2380,on,ADP,19.850746154785156,831461,de,ADP,31.22406578063965,909611
2381,that,DET,22.165817260742188,831461,los,DET,36.274654388427734,909611
2382,frame,NOUN,19.763198852539062,831461,personas,NOUN,35.179622650146484,909611
2383,",",PUNCT,20.35826301574707,831461,",",PUNCT,31.340167999267578,909611
2384,the,DET,20.28704833984375,831461,las,DET,34.37349319458008,909611
2385,children,NOUN,21.6907958984375,831461,y,CONJ,32.76091003417969,912641
2386,who,PRON,24.38740348815918,831461,se,PRON,33.077239990234375,912641
2387,are,AUX,25.09893226623535,831461,mantiene,VERB,37.54841613769531,912641
2388,typical,ADJ,20.786762237548828,831461,estable,ADJ,35.687782287597656,912641
2389,are,AUX,23.395736694335938,831461,bastante,ADV,38.018646240234375,912641
2390,watching,VERB,24.973257064819336,831461,Sube,VERB,33.13945770263672,915095
2391,this,DET,20.8934383392334,831461,un,DET,31.619489669799805,915095
2392,",",PUNCT,21.027780532836914,831461,.,PUNCT,32.6976432800293,912641
2393,the,DET,21.238479614257812,838039,esos,DET,34.130062103271484,915095
2394,emotion,NOUN,19.882230758666992,838039,poco,ADV,31.80510711669922,915095
2395,of,ADP,23.735328674316406,838039,en,ADP,32.48258972167969,915095
2396,expression,NOUN,21.17837905883789,838039,meses,NOUN,38.49681854248047,915095
2397,of,ADP,24.53482437133789,838039,.,PUNCT,33.51897430419922,915095
2398,that,DET,19.96143341064453,838039,Ahora,ADV,32.25142288208008,919021
2399,little,ADJ,19.619131088256836,838039,iniciales,ADJ,34.279327392578125,915095
2400,boy,NOUN,19.327775955200195,838039,",",PUNCT,33.888423919677734,919021
2401,as,SCONJ,21.78336524963379,840588,que,SCONJ,33.654396057128906,921315
2402,he,PRON,23.77286148071289,840588,qué,PRON,34.262733459472656,919021
2403,'s,AUX,22.438817977905273,840588,sucede,VERB,37.03246307373047,919021
2404,fighting,VERB,22.96806526184082,840588,veamos,VERB,34.18572998046875,919021
2405,a,DET,21.874895095825195,840588,volvieron,VERB,35.91775131225586,921315
2406,little,ADJ,20.589609146118164,840588,se,PRON,30.6900634765625,921315
2407,bit,NOUN,21.305761337280273,840588,bebés,NOUN,34.23659896850586,919021
2408,with,ADP,22.41490364074707,840588,con,ADP,34.18083572387695,919021
2409,the,DET,20.88612937927246,840588,.,PUNCT,32.37717819213867,921315
2410,little,ADJ,19.949941635131836,840588,diferente,ADJ,34.59819412231445,923823
2411,girl,NOUN,20.722898483276367,840588,autistas,NOUN,34.34245300292969,921315
2412,.,PUNCT,21.354740142822266,840588,.,PUNCT,33.00292205810547,923823
2413,What,PRON,20.559850692749023,843338,algo,PRON,33.09544372558594,923823
2414,are,AUX,24.235305786132812,843338,Es,AUX,36.89698028564453,923823
2415,the,DET,22.210630416870117,843338,muy,ADV,37.46590042114258,923823
2416,children,NOUN,22.6186466217041,843338,arriba,ADV,31.823570251464844,926028
2417,with,ADP,23.415388107299805,843338,por,ADP,30.962913513183594,926028
2418,autism,NOUN,19.756256103515625,843338,aquí,ADV,32.86673355102539,926028
2419,doing,VERB,20.27049446105957,843338,Empieza,VERB,32.29437255859375,926028
2420,?,PUNCT,21.452285766601562,843338,",",PUNCT,30.594486236572266,926028
2421,They,PRON,24.47896957397461,845399,pero,CONJ,33.7822380065918,926028
2422,are,AUX,26.858150482177734,845399,es,AUX,34.582218170166016,926028
2423,focusing,VERB,24.48141860961914,845399,después,ADV,33.53349304199219,926028
2424,on,ADP,22.27585220336914,845399,Es,AUX,34.42716598510742,929818
2425,the,DET,21.107643127441406,845399,una,DET,34.7899055480957,926028
2426,revolving,ADJ,21.32982063293457,845399,libre,ADJ,34.8949089050293,926028
2427,door,NOUN,20.198726654052734,845399,caída,NOUN,33.553287506103516,926028
2428,",",PUNCT,21.763742446899414,845399,.,PUNCT,32.942832946777344,926028
2429,opening,NOUN,19.066389083862305,849304,como,SCONJ,32.472801208496094,929818
2430,and,CCONJ,23.92645835876465,849304,si,SCONJ,35.10592269897461,929818
2431,shutting,NOUN,18.825029373168945,849304,mundo,NOUN,31.77857780456543,929818
2432,.,PUNCT,21.545082092285156,849304,hubieran,AUX,34.35399627685547,929818
2433,Well,INTJ,25.566120147705078,851542,a,ADP,32.89606475830078,929818
2434,",",PUNCT,20.88239097595215,851542,este,DET,37.091312408447266,929818
2435,I,PRON,23.35698127746582,851542,el,DET,34.8476448059082,929818
2436,can,VERB,24.330703735351562,851542,traído,VERB,31.496843338012695,929818
2437,tell,VERB,24.873559951782227,851542,guía,VERB,32.51446533203125,933237
2438,you,PRON,23.921781539916992,851542,los,PRON,34.22640609741211,933237
2439,that,SCONJ,19.60187339782715,851542,que,SCONJ,32.066219329833984,933237
2440,this,DET,23.90671157836914,851542,las,DET,33.18344497680664,933237
2441,divergence,NOUN,22.917612075805664,851542,reflejo,NOUN,31.203893661499023,929818
2442,that,SCONJ,20.727046966552734,851542,a,ADP,33.05616760253906,933237
2443,you,PRON,23.70418930053711,851542,personas,NOUN,35.832916259765625,933237
2444,'re,AUX,23.166399002075195,851542,",",PUNCT,32.04728317260742,933237
2445,seeing,VERB,23.722444534301758,851542,pero,CONJ,33.12968444824219,933237
2446,here,ADV,20.986143112182617,851542,tracción,NOUN,32.20737838745117,933237
2447,does,AUX,22.734539031982422,854915,Es,AUX,34.37403869628906,937168
2448,n't,PART,23.4949951171875,854915,.,PUNCT,33.52590560913086,933237
2449,happen,VERB,22.474624633789062,854915,como,SCONJ,31.553709030151367,937168
2450,only,ADV,22.565670013427734,854915,no,ADV,34.30317306518555,940238
2451,in,ADP,22.09207534790039,854915,sin,ADP,32.81922912597656,933237
2452,our,DET,22.17514419555664,854915,ese,DET,36.380653381347656,937168
2453,five,NUM,25.06991958618164,854915,si,SCONJ,33.94056701660156,937168
2454,-,PUNCT,24.188247680664062,854915,",",PUNCT,30.680858612060547,937168
2455,minute,NOUN,21.487125396728516,854915,estímulo,NOUN,32.51978302001953,937168
2456,experiment,NOUN,22.00174331665039,854915,tú,PRON,30.82377815246582,937168
2457,.,PUNCT,21.541095733642578,854915,",",PUNCT,29.774316787719727,937168
2458,It,PRON,24.75492286682129,857751,que,PRON,34.035343170166016,940238
2459,happens,VERB,24.986774444580078,857751,ejerciera,VERB,33.80274200439453,940238
2460,moment,NOUN,20.591644287109375,857751,influencia,NOUN,34.6689338684082,940238
2461,by,ADP,23.29709815979004,857751,en,ADP,32.717315673828125,940238
2462,moment,NOUN,19.392147064208984,857751,sucede,VERB,36.808387756347656,940238
2463,in,ADP,21.243330001831055,857751,en,ADP,34.3043098449707,943139
2464,their,DET,24.816835403442383,857751,lo,DET,35.31032180786133,940238
2465,real,ADJ,21.803728103637695,857751,navegan,VERB,33.921260833740234,943139
2466,lives,NOUN,22.09321403503418,857751,cotidianidad,NOUN,33.210166931152344,943139
2467,",",PUNCT,21.943191528320312,857751,.,PUNCT,32.59217071533203,943139
2468,and,CCONJ,20.282318115234375,861820,mientras,SCONJ,36.4437255859375,943139
2469,their,DET,24.000247955322266,861820,su,DET,35.5313720703125,943139
2470,minds,NOUN,23.487051010131836,861820,datos,NOUN,37.14602279663086,947030
2471,are,AUX,24.26381492614746,861820,que,SCONJ,31.51983642578125,947030
2472,being,AUX,25.568952560424805,861820,eran,AUX,35.82981491088867,947030
2473,formed,VERB,22.337726593017578,861820,Pensamos,VERB,32.642391204833984,947030
2474,and,CCONJ,22.103429794311523,861820,tan,ADV,35.6446533203125,947030
2475,their,DET,23.395263671875,861820,esos,DET,34.96186065673828,947030
2476,brains,NOUN,23.032148361206055,861820,modo,NOUN,33.6701774597168,953052
2477,are,AUX,24.72056770324707,861820,significativos,ADJ,37.255516052246094,947030
2478,being,AUX,25.499374389648438,861820,",",PUNCT,29.829219818115234,953052
2479,specialized,VERB,20.375246047973633,861820,queríamos,VERB,31.641511917114258,953052
2480,in,ADP,20.82424545288086,866077,en,ADP,33.394718170166016,953052
2481,something,PRON,23.890424728393555,866077,que,PRON,31.690290451049805,953052
2482,other,ADJ,20.963905334472656,866077,cierto,ADJ,36.56745147705078,953052
2483,than,SCONJ,21.60664176940918,866077,seis,NUM,36.77515411376953,956060
2484,what,PRON,20.636722564697266,866077,qué,PRON,32.15849304199219,953052
2485,is,AUX,24.453895568847656,866077,ver,AUX,34.32106018066406,953052
2486,happening,VERB,23.049985885620117,866077,pasaba,VERB,33.748165130615234,953052
2487,with,ADP,20.757999420166016,866077,en,ADP,33.978755950927734,956060
2488,their,DET,21.685588836669922,866077,los,DET,35.17746353149414,956060
2489,typical,ADJ,20.047977447509766,866077,primeros,ADJ,34.68042755126953,956060
2490,peers,NOUN,21.54775047302246,866077,meses,NOUN,36.650489807128906,956060
2491,.,PUNCT,21.80855369567871,866077,de,ADP,31.61160659790039,956060
2492,Well,INTJ,25.535253524780273,870807,vida,NOUN,31.280961990356445,956060
2493,",",PUNCT,20.537935256958008,870807,",",PUNCT,31.525636672973633,956060
2494,we,PRON,24.755605697631836,870807,porque,SCONJ,34.21431350708008,956060
2495,took,VERB,25.99085807800293,870807,interactuamos,VERB,33.93083190917969,956060
2496,a,DET,22.481983184814453,870807,si,SCONJ,34.07068634033203,956060
2497,construct,NOUN,21.848960876464844,870807,niño,NOUN,30.72154998779297,959453
2498,from,ADP,22.833831787109375,870807,con,ADP,33.72972869873047,959453
2499,our,DET,23.377010345458984,870807,un,DET,37.20296096801758,959453
2500,pediatrician,ADJ,21.89042091369629,870807,de,ADP,30.521398544311523,959453
2501,friends,NOUN,21.00076675415039,870807,dos,NUM,32.85468673706055,959453
2502,",",PUNCT,20.51129913330078,870807,y,CONJ,32.05251693725586,959453
2503,the,DET,20.525508880615234,877350,tres,NUM,34.02722930908203,959453
2504,concept,NOUN,20.749418258666992,877350,meses,NOUN,36.021636962890625,959453
2505,of,ADP,21.85709571838379,877350,de,ADP,32.05501937866211,959453
2506,growth,NOUN,20.59676170349121,877350,edad,NOUN,30.056493759155273,959453
2507,charts,NOUN,21.06975555419922,877350,estarían,AUX,31.503755569458008,960790
2508,--,PUNCT,20.67674446105957,877350,",",PUNCT,29.410581588745117,959453
2509,you,PRON,22.701717376708984,878893,sorprendidos,ADJ,33.32286071777344,960790
2510,know,VERB,22.84014320373535,878893,de,ADP,30.649335861206055,960790
2511,",",PUNCT,21.135705947875977,878893,.,PUNCT,33.06330490112305,960790
2512,when,ADV,22.20271873474121,878893,son,AUX,33.05746078491211,960790
2513,you,PRON,24.37197494506836,878893,que,PRON,32.911224365234375,960790
2514,take,VERB,24.581884384155273,878893,vemos,VERB,34.386932373046875,965342
2515,a,DET,21.641233444213867,878893,lo,DET,30.446393966674805,960790
2516,child,NOUN,20.767818450927734,878893,Y,CONJ,32.167171478271484,965342
2517,to,ADP,19.958629608154297,878893,en,ADP,33.48604202270508,965342
2518,the,DET,22.030092239379883,878893,lo,DET,34.9759521484375,965342
2519,pediatrician,NOUN,19.19090461730957,878893,sociables,NOUN,30.026241302490234,960790
2520,",",PUNCT,19.048906326293945,878893,los,DET,35.75377655029297,965342
2521,and,CCONJ,20.72952651977539,881394,seis,NUM,36.80580139160156,965342
2522,you,PRON,25.008636474609375,881394,que,PRON,31.42234230041504,965342
2523,have,AUX,22.475391387939453,881394,es,AUX,33.69964599609375,967949
2524,physical,ADJ,19.26104736328125,881394,primeros,ADJ,34.84175491333008,965342
2525,height,NOUN,19.614797592163086,881394,meses,NOUN,36.65809631347656,965342
2526,and,CCONJ,23.733386993408203,881394,de,ADP,31.9502010345459,965342
2527,weight,NOUN,19.238906860351562,881394,vida,NOUN,32.22275161743164,965342
2528,.,PUNCT,20.92669105529785,881394,que,SCONJ,33.1566162109375,967949
2529,Well,INTJ,25.42588233947754,885066,esos,DET,32.36558532714844,967949
2530,",",PUNCT,20.476606369018555,885066,.,PUNCT,32.78254699707031,967949
2531,we,PRON,23.484243392944336,885066,dos,NUM,36.49631118774414,967949
2532,decided,VERB,26.179311752319336,885066,grupos,NOUN,35.48941421508789,967949
2533,we,PRON,25.1270694732666,885066,separarse,NOUN,30.441787719726562,967949
2534,were,AUX,26.14828872680664,885066,pueden,AUX,35.24030303955078,967949
2535,going,VERB,24.680706024169922,885066,fácilmente,ADV,32.476112365722656,967949
2536,to,PART,21.51622200012207,885066,Y,CONJ,33.054691314697266,974087
2537,create,VERB,24.276973724365234,885066,usando,VERB,35.8453483581543,974087
2538,growth,NOUN,23.406030654907227,885066,este,DET,37.119625091552734,974087
2539,charts,NOUN,19.912960052490234,885066,tipo,NOUN,32.85993957519531,974087
2540,of,ADP,22.35655403137207,888024,de,ADP,31.57997703552246,974087
2541,social,ADJ,20.017786026000977,888024,y,CONJ,32.76373291015625,974087
2542,engagement,NOUN,16.747421264648438,888024,medidas,NOUN,34.56455993652344,974087
2543,.,PUNCT,21.712570190429688,888024,",",PUNCT,32.223182678222656,974087
2544,We,PRON,24.926422119140625,890354,otras,PRON,31.849803924560547,974087
2545,sought,VERB,25.365175247192383,890354,muchas,DET,33.73454284667969,974087
2546,children,NOUN,21.33020782470703,890354,",",PUNCT,29.51453971862793,974087
2547,from,ADP,22.843095779418945,890354,de,ADP,32.256656646728516,976961
2548,the,DET,22.22681427001953,890354,lo,DET,33.67583084106445,976961
2549,time,NOUN,18.25955581665039,890354,hecho,NOUN,30.014537811279297,976961
2550,they,PRON,23.277894973754883,890354,que,PRON,32.626365661621094,976961
2551,'re,AUX,23.08330726623535,890354,es,AUX,33.87503433227539,976961
2552,born,VERB,22.90569305419922,890354,descubrimos,VERB,32.21965026855469,976961
2553,.,PUNCT,21.33991813659668,890354,",",PUNCT,30.887645721435547,976961
2554,What,PRON,22.433412551879883,893574,que,SCONJ,33.66497039794922,976961
2555,you,PRON,25.193134307861328,893574,nuestra,DET,35.573917388916016,980977
2556,see,VERB,22.829795837402344,893574,identificar,VERB,35.620086669921875,980977
2557,here,ADV,20.42572784423828,893574,mucho,ADV,33.193851470947266,980977
2558,on,ADP,17.863805770874023,893574,podría,AUX,29.408281326293945,980977
2559,the,DET,19.451488494873047,893574,esta,DET,35.830665588378906,980977
2560,x,NOUN,18.693357467651367,893574,ciencia,NOUN,32.260597229003906,980977
2561,-,PUNCT,18.828121185302734,893574,",",PUNCT,27.939931869506836,976961
2562,axis,NOUN,20.495695114135742,893574,afección,NOUN,33.7226676940918,980977
2563,is,AUX,23.04506492614746,896973,antes,ADV,33.77018737792969,980977
2564,two,NUM,22.531429290771484,896973,No,ADV,31.77406883239746,983618
2565,",",PUNCT,21.51910972595215,896973,.,PUNCT,31.516464233398438,980977
2566,three,NUM,22.334917068481445,896973,tuvimos,VERB,36.45656204223633,983618
2567,",",PUNCT,22.675901412963867,896973,que,SCONJ,30.130229949951172,983618
2568,four,NUM,22.860498428344727,896973,esperar,VERB,36.4437141418457,983618
2569,",",PUNCT,21.233182907104492,896973,que,SCONJ,32.16261291503906,983618
2570,five,NUM,23.39138412475586,896973,el,DET,37.3765869140625,983618
2571,",",PUNCT,22.407474517822266,896973,se,PRON,31.529693603515625,986522
2572,six,NUM,24.456951141357422,896973,autista,ADJ,32.60898208618164,983618
2573,months,NOUN,20.663419723510742,896973,comportamiento,NOUN,32.41923904418945,983618
2574,and,CCONJ,22.849525451660156,896973,manifestara,VERB,33.22315216064453,986522
2575,nine,NUM,20.248323440551758,896973,segundo,ADJ,33.41948318481445,986522
2576,",",PUNCT,20.274282455444336,896973,.,PUNCT,33.605125427246094,986522
2577,until,ADP,20.11870574951172,901182,en,ADP,32.49566650390625,986522
2578,about,ADP,19.728532791137695,901182,de,ADP,31.633108139038086,986522
2579,the,DET,21.961572647094727,901182,el,DET,32.62152099609375,986522
2580,age,NOUN,19.399219512939453,901182,vida,NOUN,32.31867599487305,986522
2581,of,ADP,24.045690536499023,901182,medimos,VERB,34.25233840942383,989670
2582,24,NUM,22.98548126220703,901182,Si,SCONJ,31.634416580200195,989670
2583,months,NOUN,22.382776260375977,901182,año,NOUN,34.14239501953125,986522
2584,.,PUNCT,21.036720275878906,901182,",",PUNCT,31.706083297729492,989670
2585,This,DET,23.48879051208496,902969,que,PRON,34.286766052246094,989670
2586,is,AUX,24.241411209106445,902969,son,AUX,35.19426727294922,989670
2587,the,DET,22.46678924560547,902969,evolutivamente,ADV,32.76359558105469,989670
2588,percent,NOUN,20.256656646728516,902969,cosas,NOUN,33.943504333496094,989670
2589,of,ADP,24.026979446411133,902969,",",PUNCT,30.200077056884766,989670
2590,their,DET,22.06477165222168,902969,altamente,ADV,32.55912399291992,992932
2591,viewing,VERB,20.587759017944336,902969,preservadas,ADJ,34.04999542236328,992932
2592,time,NOUN,19.46771812438965,902969,",",PUNCT,30.95656967163086,992932
2593,that,SCONJ,20.942596435546875,905764,y,CONJ,34.63391876220703,992932
2594,they,PRON,23.962902069091797,905764,temprano,ADV,36.4694938659668,992932
2595,'re,AUX,24.564363479614258,905764,muy,ADV,37.153629302978516,992932
2596,focusing,VERB,26.010498046875,905764,surgen,VERB,33.284423828125,992932
2597,on,ADP,20.773698806762695,905764,en,ADP,31.67892837524414,992932
2598,people,NOUN,20.691932678222656,905764,desarrollo,NOUN,30.670740127563477,992932
2599,'s,PART,25.06328582763672,905764,el,DET,32.473873138427734,992932
2600,eyes,NOUN,19.96544075012207,905764,cosas,NOUN,34.648353576660156,997054
2601,",",PUNCT,19.365053176879883,905764,",",PUNCT,30.351688385009766,992932
2602,and,CCONJ,19.58843421936035,907699,presentes,ADJ,36.27951431274414,997054
2603,this,DET,22.92414665222168,907699,desde,ADP,34.43095397949219,997054
2604,is,AUX,22.179489135742188,907699,están,AUX,34.968624114990234,997054
2605,their,DET,20.96833610534668,907699,las,DET,31.604917526245117,997054
2606,growth,NOUN,21.177881240844727,907699,semanas,NOUN,33.79071807861328,999755
2607,chart,NOUN,19.844825744628906,907699,vida,NOUN,31.565731048583984,999755
2608,.,PUNCT,22.10580062866211,907699,primeras,ADJ,32.075111389160156,997054
2609,They,PRON,25.577043533325195,910144,que,PRON,33.85584259033203,997054
2610,start,VERB,24.057273864746094,910144,llevar,VERB,37.7446174621582,999755
2611,over,ADP,21.69097900390625,910144,de,ADP,29.823354721069336,999755
2612,here,ADV,21.26734733581543,910144,podríamos,AUX,33.14817810058594,999755
2613,--,PUNCT,19.93218994140625,910144,",",PUNCT,32.4792594909668,999755
2614,they,PRON,24.186500549316406,910144,la,DET,34.429447174072266,999755
2615,love,VERB,22.934091567993164,910144,del,ADP,34.75151824951172,1001617
2616,people,NOUN,20.359018325805664,910144,detección,NOUN,31.641897201538086,999755
2617,'s,PART,23.345888137817383,910144,a,ADP,31.78306770324707,1001617
2618,eyes,NOUN,20.90439796447754,910144,autismo,NOUN,29.596052169799805,1001617
2619,--,PUNCT,19.57282257080078,910144,",",PUNCT,31.028139114379883,1001617
2620,and,CCONJ,20.16027069091797,912641,esos,DET,34.846736907958984,1001617
2621,it,PRON,25.844533920288086,912641,eso,PRON,33.493141174316406,1004081
2622,remains,VERB,27.051067352294922,912641,meses,NOUN,37.201717376708984,1001617
2623,quite,ADV,25.09459114074707,912641,y,CONJ,33.138553619384766,1004081
2624,stable,ADJ,22.008113861083984,912641,primeros,ADJ,33.46047592163086,1001617
2625,.,PUNCT,21.005409240722656,912641,es,AUX,31.758329391479492,1004081
2626,It,PRON,21.981271743774414,915350,que,PRON,32.265594482421875,1004081
2627,sort,ADV,21.847183227539062,915350,lo,DET,33.90301513671875,1004081
2628,of,ADV,21.19195556640625,915350,ahora,ADV,34.05703353881836,1004081
2629,goes,VERB,22.222898483276367,915350,hacemos,VERB,36.76091384887695,1004081
2630,up,ADP,22.182538986206055,915350,Podemos,AUX,28.96950340270996,1008222
2631,a,DET,21.647052764892578,915350,las,DET,33.969215393066406,1008222
2632,little,ADJ,20.35593032836914,915350,mejores,ADJ,36.77334976196289,1008222
2633,bit,NOUN,21.340862274169922,915350,tecnologías,NOUN,36.78764724731445,1008222
2634,in,ADP,22.22543716430664,915350,para,ADP,37.03657531738281,1011290
2635,those,DET,21.995683670043945,915350,los,DET,34.370330810546875,1011290
2636,initial,ADJ,22.77684783935547,915350,mejores,ADJ,37.772029876708984,1011290
2637,months,NOUN,21.193998336791992,915350,métodos,NOUN,34.81056594848633,1011290
2638,.,PUNCT,20.86769676208496,915350,.,PUNCT,32.27733612060547,1004081
2639,Now,ADV,23.4764347076416,919319,y,CONJ,33.86534118652344,1011290
2640,",",PUNCT,20.06600570678711,919319,",",PUNCT,30.735727310180664,1011290
2641,let,VERB,21.323612213134766,919319,identificar,VERB,37.11384201049805,1011290
2642,'s,PRON,21.334903717041016,919319,a,ADP,33.72645950317383,1011290
2643,see,VERB,23.29899787902832,919319,crear,VERB,35.530242919921875,1008222
2644,what,PRON,21.261709213256836,919319,los,DET,36.454444885253906,1011290
2645,'s,AUX,21.805095672607422,919319,pero,CONJ,33.7747802734375,1014895
2646,happening,VERB,23.48527717590332,919319,serviría,VERB,33.95172882080078,1014895
2647,with,ADP,21.889354705810547,919319,para,ADP,33.764217376708984,1014895
2648,babies,NOUN,22.01561737060547,919319,niños,NOUN,35.495330810546875,1011290
2649,who,PRON,23.241743087768555,919319,esto,PRON,34.84747314453125,1014895
2650,became,VERB,27.389402389526367,919319,tuviéramos,VERB,35.50841522216797,1014895
2651,autistic,ADJ,23.276470184326172,919319,no,ADV,30.578153610229492,1014895
2652,.,PUNCT,22.0556640625,919319,si,SCONJ,34.4307861328125,1014895
2653,It,PRON,23.279211044311523,923771,nada,PRON,35.62260818481445,1014895
2654,'s,AUX,22.648941040039062,923771,impacto,NOUN,31.925151824951172,1014895
2655,something,PRON,21.420949935913086,923771,un,DET,35.22481155395508,1014895
2656,very,ADV,27.230236053466797,923771,no,ADV,34.12660217285156,1014895
2657,different,ADJ,23.66648292541504,923771,en,ADP,34.27130126953125,1018038
2658,.,PUNCT,22.421884536743164,923771,la,DET,31.742435455322266,1018038
2659,It,PRON,24.058650970458984,926004,realidad,NOUN,31.016883850097656,1018038
2660,starts,VERB,22.749496459960938,926004,de,ADP,28.926149368286133,1018038
2661,way,ADV,19.60480308532715,926004,su,DET,33.95105743408203,1018038
2662,up,ADV,21.69577407836914,926004,comunidad,NOUN,32.22418212890625,1018038
2663,here,ADV,21.049501419067383,926004,Ahora,ADV,32.31529235839844,1021680
2664,",",PUNCT,22.33792495727539,926004,.,PUNCT,32.8381233215332,1018038
2665,but,CCONJ,21.983551025390625,926004,queremos,VERB,33.79994201660156,1021680
2666,then,ADV,21.274667739868164,926004,",",PUNCT,30.33939552307129,1021680
2667,it,PRON,25.284963607788086,926004,por,ADP,34.15790557861328,1021680
2668,'s,AUX,21.362255096435547,926004,supuesto,NOUN,32.92524337768555,1021680
2669,a,DET,22.76735496520996,926004,esos,DET,33.2248649597168,1021680
2670,free,ADJ,21.53351402282715,926004,que,SCONJ,31.10672950744629,1021680
2671,fall,NOUN,21.94329071044922,926004,aparatos,NOUN,35.54867172241211,1021680
2672,.,PUNCT,21.049596786499023,926004,",",PUNCT,30.35843849182129,1021680
2673,It,PRON,22.97193145751953,929799,los,PRON,31.875268936157227,1023986
2674,'s,AUX,23.651674270629883,929799,están,AUX,35.26252746582031,1023986
2675,very,ADV,27.54491424560547,929799,aquellos,PRON,31.532556533813477,1023986
2676,much,ADV,23.971813201904297,929799,la,DET,31.75975227355957,1023986
2677,like,SCONJ,21.806730270385742,929799,",",PUNCT,29.9490966796875,1023986
2678,they,PRON,24.324750900268555,929799,que,PRON,33.32155990600586,1023986
2679,brought,VERB,23.544017791748047,929799,utilicen,VERB,32.839210510253906,1023986
2680,into,ADP,19.416730880737305,929799,en,ADP,33.795841217041016,1023986
2681,this,DET,21.85377311706543,929799,nuestros,DET,33.165218353271484,1026839
2682,world,NOUN,19.457305908203125,929799,trinchera,NOUN,32.94390106201172,1023986
2683,the,DET,20.004709243774414,929799,los,DET,35.05973434448242,1026839
2684,reflex,NOUN,19.087139129638672,929799,colegas,NOUN,36.11055374145508,1026839
2685,that,SCONJ,20.807985305786133,933694,",",PUNCT,30.515594482421875,1026839
2686,orients,VERB,22.493982315063477,933694,ven,VERB,37.37368392944336,1029362
2687,them,PRON,24.49678611755371,933694,médicos,NOUN,34.55885696411133,1026839
2688,to,ADP,21.936452865600586,933694,de,ADP,32.6209716796875,1026839
2689,people,NOUN,18.93726348876953,933694,atención,NOUN,31.91862678527832,1026839
2690,",",PUNCT,23.723419189453125,933694,",",PUNCT,29.688108444213867,1026839
2691,but,CCONJ,22.063278198242188,933694,primaria,ADJ,33.685081481933594,1026839
2692,it,PRON,22.69145965576172,933694,que,PRON,30.862682342529297,1029362
2693,has,AUX,23.750993728637695,933694,a,ADP,31.45370101928711,1029362
2694,no,DET,25.106884002685547,933694,cada,DET,35.614593505859375,1029362
2695,traction,NOUN,18.470109939575195,933694,niño,NOUN,33.2358283996582,1029362
2696,.,PUNCT,21.481782913208008,933694,",",PUNCT,29.926937103271484,1029362
2697,It,PRON,23.211475372314453,937511,y,CONJ,33.354984283447266,1032067
2698,'s,AUX,24.197317123413086,937511,necesitamos,VERB,31.37384033203125,1032067
2699,almost,ADV,20.867698669433594,937511,transformar,VERB,33.3782958984375,1032067
2700,as,SCONJ,20.276447296142578,937511,tecnologías,NOUN,35.195335388183594,1032067
2701,if,SCONJ,20.798219680786133,937511,en,ADP,34.241554260253906,1034210
2702,that,DET,23.254226684570312,937511,esas,DET,34.421600341796875,1032067
2703,stimulus,NOUN,17.456789016723633,937511,valor,NOUN,33.07268142700195,1034210
2704,--,PUNCT,16.643970489501953,937511,agregará,VERB,34.02457809448242,1034210
2705,you,PRON,21.19889259338379,937511,que,PRON,29.9593505859375,1034210
2706,--,PUNCT,21.120201110839844,937511,",",PUNCT,30.35847282409668,1034210
2707,you,PRON,23.264888763427734,940540,algo,PRON,34.6158561706543,1034210
2708,'re,AUX,22.302255630493164,940540,su,DET,32.5478630065918,1034210
2709,not,PART,25.08161735534668,940540,a,ADP,32.792198181152344,1034210
2710,exerting,VERB,21.89192771911621,940540,tienen,VERB,37.04611587524414,1037315
2711,influence,NOUN,21.35706329345703,940540,práctica,NOUN,30.132505416870117,1034210
2712,on,ADP,20.021453857421875,940540,a,ADP,35.416221618652344,1037315
2713,what,PRON,22.049644470214844,940540,porque,SCONJ,34.94474411010742,1037315
2714,happens,VERB,20.340435028076172,940540,ver,VERB,35.22710037231445,1037315
2715,as,SCONJ,21.517114639282227,943554,que,SCONJ,30.941104888916016,1037315
2716,they,PRON,24.891036987304688,943554,Y,CONJ,32.87253189086914,1039520
2717,navigate,VERB,21.946380615234375,943554,queremos,VERB,34.09177017211914,1039520
2718,their,DET,24.098716735839844,943554,muchos,DET,34.81467056274414,1037315
2719,daily,ADJ,20.4188175201416,943554,universal,ADJ,34.549373626708984,1039520
2720,lives,NOUN,22.413593292236328,943554,niños,NOUN,36.38655471801758,1037315
2721,.,PUNCT,21.788135528564453,943554,.,PUNCT,32.9807243347168,1037315
2722,Now,ADV,23.822397232055664,947236,así,ADV,37.33367156982422,1041594
2723,",",PUNCT,21.910240173339844,947236,de,ADP,31.51824378967285,1039520
2724,we,PRON,22.86055564880371,947236,eso,PRON,33.67474365234375,1039520
2725,thought,VERB,24.494474411010742,947236,hacer,VERB,36.13835525512695,1039520
2726,those,DET,23.373891830444336,947236,ningún,DET,34.784034729003906,1041594
2727,data,NOUN,19.416881561279297,947236,manera,NOUN,34.99484634399414,1039520
2728,were,AUX,22.540851593017578,947236,perdemos,VERB,34.98789978027344,1041594
2729,so,ADV,25.297883987426758,947236,no,ADV,33.51608657836914,1041594
2730,powerful,ADJ,22.563196182250977,947236,inmoral,ADJ,35.48923110961914,1043727
2731,",",PUNCT,21.204679489135742,947236,",",PUNCT,29.655256271362305,1041594
2732,in,ADP,19.366058349609375,947236,a,ADP,34.0594596862793,1041594
2733,a,DET,24.35355567932129,947236,pero,CONJ,34.02082061767578,1043727
2734,way,NOUN,21.29370880126953,947236,niño,NOUN,32.839378356933594,1041594
2735,",",PUNCT,21.201171875,947236,sería,AUX,33.31117248535156,1043727
2736,that,SCONJ,21.033260345458984,954686,si,SCONJ,35.94393539428711,1046180
2737,we,PRON,25.926910400390625,954686,esto,PRON,35.84071350097656,1043727
2738,wanted,VERB,24.855327606201172,954686,no,ADV,34.70474624633789,1046180
2739,to,PART,21.34929084777832,954686,infraestructura,NOUN,31.230697631835938,1046180
2740,see,VERB,23.346769332885742,954686,tuviéramos,VERB,34.37382888793945,1046180
2741,what,PRON,21.17344856262207,954686,para,ADP,35.49815368652344,1046180
2742,happened,VERB,21.24446678161621,954686,intervenir,VERB,36.86207962036133,1046180
2743,in,ADP,22.04189682006836,954686,para,ADP,34.1107177734375,1051081
2744,the,DET,22.71611785888672,954686,el,DET,33.72454833984375,1051081
2745,first,ADJ,19.765750885009766,954686,",",PUNCT,30.474641799926758,1046180
2746,six,NUM,23.726905822753906,954686,Necesitamos,AUX,30.67286491394043,1052328
2747,months,NOUN,21.2457332611084,954686,tratamiento,NOUN,30.784523010253906,1051081
2748,of,ADP,24.53670883178711,954686,con,ADP,32.935420989990234,1052328
2749,life,NOUN,20.026325225830078,954686,familias,NOUN,34.455238342285156,1052328
2750,",",PUNCT,22.33782386779785,954686,.,PUNCT,31.34116554260254,1051081
2751,because,SCONJ,20.600975036621094,957960,poder,AUX,34.01832580566406,1052328
2752,if,SCONJ,20.9293270111084,957960,trabajar,VERB,36.12982177734375,1052328
2753,you,PRON,23.33942985534668,957960,",",PUNCT,30.618621826171875,1052328
2754,interact,VERB,21.017532348632812,957960,gestionar,VERB,32.90019607543945,1054864
2755,with,ADP,22.252147674560547,957960,con,ADP,33.77543258666992,1058279
2756,a,DET,19.358970642089844,957960,las,DET,33.01094055175781,1052328
2757,two-,NOUN,17.590646743774414,957960,apoyarlas,NOUN,36.109073638916016,1054864
2758,and,CCONJ,22.403770446777344,957960,primeros,ADJ,35.11092758178711,1054864
2759,a,DET,20.917747497558594,957960,esos,DET,35.65148162841797,1054864
2760,three,NUM,21.9372615814209,957960,años,NOUN,37.36198043823242,1054864
2761,-,PUNCT,24.203659057617188,957960,",",PUNCT,30.618343353271484,1054864
2762,month,NOUN,19.116586685180664,957960,revisión,NOUN,32.65150451660156,1062191
2763,-,PUNCT,22.642786026000977,957960,.,PUNCT,33.26481246948242,1058279
2764,old,ADJ,18.078704833984375,957960,Debemos,AUX,30.331401824951172,1058279
2765,",",PUNCT,19.386287689208984,957960,",",PUNCT,30.444942474365234,1062191
2766,you,PRON,23.221811294555664,961192,ellos,PRON,33.131290435791016,1058279
2767,'d,VERB,21.853124618530273,961192,ir,VERB,34.930137634277344,1058279
2768,be,AUX,24.550039291381836,961192,poder,AUX,33.18749237060547,1058279
2769,surprised,ADJ,23.979881286621094,961192,universal,ADJ,32.53368377685547,1062191
2770,by,ADP,21.500455856323242,961192,de,ADP,33.20634460449219,1062191
2771,how,ADV,23.619298934936523,961192,al,ADP,35.368194580078125,1062191
2772,social,ADJ,20.709243774414062,961192,universal,ADJ,33.70609664916992,1062191
2773,those,DET,23.345949172973633,961192,la,DET,33.40886688232422,1062191
2774,babies,NOUN,22.198055267333984,961192,acceso,NOUN,29.6380558013916,1062191
2775,are,AUX,23.902883529663086,961192,tratamiento,NOUN,32.64562225341797,1062191
2776,.,PUNCT,20.62067985534668,961192,",",PUNCT,30.20427131652832,1062191
2777,And,CCONJ,21.166336059570312,965513,al,ADP,35.939212799072266,1062191
2778,what,PRON,21.548805236816406,965513,porque,SCONJ,35.72018814086914,1066348
2779,we,PRON,27.065629959106445,965513,tratamientos,NOUN,35.28970718383789,1066348
2780,see,VERB,23.36035919189453,965513,cambiar,VERB,36.38413619995117,1066348
2781,in,ADP,21.039079666137695,965513,a,ADP,33.66762924194336,1066348
2782,the,DET,22.047304153442383,965513,esos,DET,32.744384765625,1066348
2783,first,ADJ,19.813793182373047,965513,van,AUX,34.633323669433594,1066348
2784,six,NUM,23.731630325317383,965513,las,DET,32.15166091918945,1069451
2785,months,NOUN,21.199665069580078,965513,vidas,NOUN,33.48030471801758,1069451
2786,of,ADP,23.585094451904297,965513,de,ADP,33.649391174316406,1069451
2787,life,NOUN,19.755369186401367,965513,niños,NOUN,35.164283752441406,1069451
2788,is,AUX,21.453664779663086,968394,estos,DET,35.77751541137695,1069451
2789,that,SCONJ,20.316884994506836,968394,Cuando,SCONJ,33.557796478271484,1073030
2790,those,DET,18.764158248901367,968394,sus,DET,31.76395034790039,1069451
2791,two,NUM,23.676841735839844,968394,y,CONJ,34.54489517211914,1069451
2792,groups,NOUN,23.7565975189209,968394,familias,NOUN,35.429893493652344,1069451
2793,can,VERB,25.03683853149414,968394,pensamos,VERB,35.55367660522461,1073030
2794,be,AUX,26.13174819946289,968394,podemos,AUX,33.43931579589844,1073030
2795,segregated,VERB,21.750076293945312,968394,en,ADP,34.95855712890625,1073030
2796,very,ADV,23.647689819335938,968394,lo,DET,35.667747497558594,1073030
2797,easily,ADV,23.874826431274414,968394,que,PRON,33.02534103393555,1073030
2798,.,PUNCT,21.931074142456055,968394,.,PUNCT,33.11334228515625,1069451
2799,And,CCONJ,23.138050079345703,974159,",",PUNCT,30.53876304626465,1077287
2800,using,VERB,25.996580123901367,974159,hacer,VERB,35.20831298828125,1073030
2801,these,DET,23.726579666137695,974159,esos,DET,34.592010498046875,1077287
2802,kinds,NOUN,23.852487564086914,974159,años,NOUN,36.647212982177734,1077287
2803,of,ADP,24.894140243530273,974159,en,ADP,33.59519577026367,1077287
2804,measures,NOUN,22.245763778686523,974159,decirles,NOUN,34.107139587402344,1080510
2805,and,CCONJ,23.56936264038086,974159,puedo,AUX,33.05447769165039,1080510
2806,many,ADJ,19.414812088012695,974159,primeros,ADJ,34.26656723022461,1077287
2807,others,NOUN,23.52194595336914,974159,campo,NOUN,34.698875427246094,1082910
2808,",",PUNCT,21.052574157714844,974159,",",PUNCT,30.260103225708008,1080510
2809,what,PRON,22.246522903442383,977300,al,ADP,35.88811492919922,1082910
2810,we,PRON,24.782787322998047,977300,este,DET,36.00092315673828,1082910
2811,found,VERB,24.991052627563477,977300,estado,VERB,33.00168228149414,1082910
2812,out,ADP,21.054370880126953,977300,en,ADP,33.55210876464844,1082910
2813,is,AUX,20.953916549682617,977300,haber,AUX,35.98957443237305,1082910
2814,that,SCONJ,19.707168579101562,977300,que,SCONJ,31.876449584960938,1085737
2815,our,DET,22.886077880859375,977300,tanto,DET,34.40091323852539,1082910
2816,science,NOUN,19.6650447845459,977300,tiempo,NOUN,33.0629997253418,1082910
2817,could,VERB,23.367849349975586,977300,uno,PRON,33.36971664428711,1085737
2818,",",PUNCT,21.617919921875,977300,",",PUNCT,28.388383865356445,1082910
2819,in,ADP,22.541412353515625,977300,por,ADP,34.32452392578125,1082910
2820,fact,NOUN,20.390966415405273,977300,se,PRON,30.96417999267578,1085737
2821,",",PUNCT,20.995634078979492,977300,.,PUNCT,33.3963623046875,1085737
2822,identify,VERB,20.33333396911621,980977,siente,VERB,37.066680908203125,1085737
2823,this,DET,23.53554916381836,980977,un,DET,37.88795852661133,1088832
2824,condition,NOUN,21.020450592041016,980977,sentimiento,NOUN,33.1199836730957,1088832
2825,early,ADV,22.86522674560547,980977,revitalizado,ADJ,36.76993942260742,1085737
2826,on,ADV,20.079090118408203,980977,que,SCONJ,30.529462814331055,1088832
2827,.,PUNCT,22.152099609375,980977,de,ADP,29.494590759277344,1088832
2828,We,PRON,25.020788192749023,983749,uno,PRON,33.4235954284668,1088832
2829,did,AUX,23.839942932128906,983749,Hay,AUX,33.1638069152832,1088832
2830,n't,PART,24.8803768157959,983749,la,DET,33.579734802246094,1088832
2831,have,AUX,22.57797622680664,983749,puede,AUX,35.091732025146484,1092664
2832,to,PART,24.199905395507812,983749,que,PRON,31.315181732177734,1088832
2833,wait,VERB,26.945491790771484,983749,trabajó,VERB,34.203704833984375,1088832
2834,for,ADP,21.611909866333008,983749,en,ADP,32.40104675292969,1088832
2835,the,DET,22.903339385986328,983749,la,DET,34.45414352416992,1088832
2836,behaviors,NOUN,20.58247184753418,983749,ciencia,NOUN,31.85713768005371,1088832
2837,of,ADP,24.42621612548828,983749,tener,VERB,38.40690994262695,1092664
2838,autism,NOUN,18.914592742919922,983749,impacto,NOUN,32.51696014404297,1092664
2839,to,PART,22.33953857421875,986934,un,DET,36.049049377441406,1092664
2840,emerge,VERB,22.17627716064453,986934,previniendo,VERB,34.28844451904297,1096371
2841,in,ADP,20.367839813232422,986934,en,ADP,33.148094177246094,1092664
2842,the,DET,21.333206176757812,986934,la,DET,32.78266143798828,1092664
2843,second,ADJ,17.939807891845703,986934,esas,DET,32.43008041381836,1096371
2844,year,NOUN,18.95288848876953,986934,realidad,NOUN,30.885093688964844,1092664
2845,of,ADP,23.43717384338379,986934,en,ADP,33.95109176635742,1099266
2846,life,NOUN,19.0382080078125,986934,experiencias,NOUN,34.826839447021484,1096371
2847,.,PUNCT,22.12612533569336,986934,",",PUNCT,28.151561737060547,1092664
2848,If,SCONJ,22.138267517089844,990156,que,SCONJ,31.547592163085938,1099266
2849,we,PRON,25.232606887817383,990156,mi,DET,34.06214904785156,1099266
2850,measured,VERB,24.268129348754883,990156,en,ADP,32.858673095703125,1099266
2851,things,NOUN,22.99497413635254,990156,camino,NOUN,33.381103515625,1099266
2852,that,DET,22.321311950683594,990156,este,DET,36.387603759765625,1099266
2853,are,AUX,24.572912216186523,990156,empecé,AUX,33.15183639526367,1099266
2854,",",PUNCT,20.736169815063477,990156,.,PUNCT,32.45652770996094,1099266
2855,evolutionarily,ADV,19.590513229370117,990156,campo,NOUN,34.92252731323242,1099266
2856,",",PUNCT,22.146310806274414,990156,En,ADP,32.51408386230469,1103268
2857,highly,ADV,20.75821876525879,990156,entonces,ADV,33.080291748046875,1103268
2858,conserved,VERB,20.979129791259766,990156,pensaba,VERB,33.97549057006836,1103268
2859,",",PUNCT,20.582021713256836,990156,ese,PRON,32.58182144165039,1103268
2860,and,CCONJ,19.290115356445312,994707,que,SCONJ,31.788063049316406,1103268
2861,developmentally,ADV,20.871252059936523,994707,esta,PRON,32.41836929321289,1103268
2862,very,ADV,23.479145050048828,994707,no,ADV,32.83343505859375,1106460
2863,early,ADV,21.64177894592285,994707,Ya,ADV,33.20794677734375,1106460
2864,-,PUNCT,21.725194931030273,994707,.,PUNCT,34.0018424987793,1103268
2865,emerging,VERB,20.426891326904297,994707,era,AUX,33.7286491394043,1103268
2866,--,PUNCT,21.735191345214844,994707,.,PUNCT,33.6495361328125,1106460
2867,things,NOUN,21.389877319335938,997054,afección,NOUN,34.54026794433594,1103268
2868,that,DET,23.76192855834961,997054,una,DET,34.806785583496094,1103268
2869,are,AUX,25.659730911254883,997054,es,AUX,34.93783187866211,1106460
2870,online,ADJ,20.305150985717773,997054,intratable,ADJ,37.107177734375,1103268
2871,from,ADP,20.768802642822266,997054,así,ADV,32.967254638671875,1106460
2872,the,DET,21.48722267150879,997054,muchas,DET,36.13235855102539,1106460
2873,first,ADJ,20.892288208007812,997054,Podemos,AUX,30.59510612487793,1106460
2874,weeks,NOUN,20.04288673400879,997054,cosas,NOUN,34.94572830200195,1106460
2875,of,ADP,23.702861785888672,997054,Y,CONJ,33.788047790527344,1110346
2876,life,NOUN,19.980587005615234,997054,idea,NOUN,29.371036529541016,1110346
2877,--,PUNCT,19.903610229492188,997054,.,PUNCT,34.088260650634766,1106460
2878,we,PRON,24.101852416992188,999755,no,ADV,32.07976531982422,1110346
2879,could,VERB,25.08201789855957,999755,hacer,VERB,34.77154541015625,1106460
2880,push,VERB,24.811687469482422,999755,curar,VERB,36.93423843383789,1110346
2881,the,DET,20.78066635131836,999755,la,DET,33.039913177490234,1110346
2882,detection,NOUN,19.898681640625,999755,es,AUX,35.44544219970703,1110346
2883,of,ADP,23.053058624267578,999755,.,PUNCT,31.33820915222168,1110346
2884,autism,NOUN,19.506038665771484,999755,autismo,NOUN,31.480754852294922,1110346
2885,all,DET,19.470033645629883,1001741,el,DET,35.99341583251953,1110346
2886,the,DET,23.240951538085938,1001741,Esa,PRON,32.765804290771484,1113083
2887,way,NOUN,18.62246322631836,1001741,no,ADV,32.46113586425781,1113083
2888,to,ADP,20.11615753173828,1001741,es,AUX,34.630924224853516,1113083
2889,those,DET,21.879343032836914,1001741,la,DET,31.673912048339844,1113083
2890,first,ADJ,21.010326385498047,1001741,Lo,DET,32.64412307739258,1115683
2891,months,NOUN,19.3089542388916,1001741,idea,NOUN,29.459270477294922,1113083
2892,",",PUNCT,20.158742904663086,1001741,.,PUNCT,33.581459045410156,1113083
2893,and,CCONJ,18.41454315185547,1004293,queremos,VERB,32.7738151550293,1115683
2894,that,DET,20.3626708984375,1004293,esos,DET,31.482954025268555,1117889
2895,'s,AUX,23.192068099975586,1004293,es,AUX,33.087093353271484,1115683
2896,what,PRON,22.58163070678711,1004293,que,PRON,31.08148765563965,1115683
2897,we,PRON,25.66427993774414,1004293,que,SCONJ,31.383743286132812,1117889
2898,are,AUX,26.91588592529297,1004293,pueden,AUX,32.23170852661133,1117889
2899,doing,VERB,25.445823669433594,1004293,asegurar,VERB,32.979244232177734,1115683
2900,now,ADV,22.388338088989258,1004293,con,ADP,34.17034912109375,1117889
2901,.,PUNCT,22.180023193359375,1004293,autismo,NOUN,31.74079132080078,1117889
2902,Now,ADV,23.963912963867188,1008618,individuos,NOUN,36.37776184082031,1117889
2903,",",PUNCT,22.121572494506836,1008618,liberarse,PROPN,31.84261131286621,1117889
2904,we,PRON,23.672998428344727,1008618,que,PRON,34.40664291381836,1120465
2905,can,VERB,24.356319427490234,1008618,de,ADP,32.68940353393555,1120465
2906,create,VERB,26.202848434448242,1008618,devenir,VERB,33.80524826049805,1120465
2907,the,DET,22.187292098999023,1008618,las,DET,32.92657470703125,1120465
2908,very,ADV,23.7529239654541,1008618,suelen,AUX,34.984046936035156,1120465
2909,best,ADJ,22.588350296020508,1008618,devastadoras,ADJ,33.93086624145508,1120465
2910,technologies,NOUN,20.680570602416992,1008618,consecuencias,NOUN,36.09868621826172,1120465
2911,and,CCONJ,18.989479064941406,1011799,",",PUNCT,31.15236473083496,1120465
2912,the,DET,23.071941375732422,1011799,las,DET,31.41067123413086,1124695
2913,very,ADV,23.559911727905273,1011799,discapacidades,NOUN,35.609596252441406,1124695
2914,best,ADJ,21.518686294555664,1011799,intelectuales,ADJ,33.94440460205078,1124695
2915,methods,NOUN,19.495214462280273,1011799,falta,NOUN,30.31609535217285,1124695
2916,to,PART,24.16744041442871,1011799,",",PUNCT,30.702388763427734,1124695
2917,identify,VERB,24.911911010742188,1011799,severas,ADJ,32.52434539794922,1124695
2918,the,DET,22.427839279174805,1011799,la,DET,33.078060150146484,1124695
2919,children,NOUN,22.076568603515625,1011799,lenguaje,NOUN,30.310914993286133,1124695
2920,",",PUNCT,20.678653717041016,1011799,",",PUNCT,30.56708335876465,1124695
2921,but,CCONJ,20.039161682128906,1015591,y,CONJ,32.278358459472656,1127569
2922,this,DET,24.598052978515625,1015591,el,DET,33.1555061340332,1127569
2923,would,VERB,24.79355812072754,1015591,",",PUNCT,30.591594696044922,1127569
2924,be,AUX,26.350664138793945,1015591,profundo,NOUN,30.68376350402832,1127569
2925,for,ADP,20.41387367248535,1015591,de,ADP,30.059646606445312,1124695
2926,naught,ADJ,20.886430740356445,1015591,profundo,ADJ,34.012779235839844,1127569
2927,if,SCONJ,22.30244255065918,1015591,que,SCONJ,32.17723846435547,1131238
2928,we,PRON,24.991641998291016,1015591,.,PUNCT,32.393035888671875,1127569
2929,did,AUX,23.950393676757812,1015591,aislamiento,NOUN,32.499794006347656,1127569
2930,n't,PART,24.11794090270996,1015591,Sentimos,VERB,31.120450973510742,1131238
2931,have,AUX,21.816486358642578,1015591,individuos,NOUN,34.88055419921875,1131238
2932,an,DET,22.26106834411621,1015591,los,DET,35.476531982421875,1131238
2933,impact,NOUN,23.141826629638672,1015591,autismo,NOUN,28.75956153869629,1131238
2934,on,ADP,19.144533157348633,1018529,con,ADP,33.53501892089844,1131238
2935,what,PRON,20.846792221069336,1018529,",",PUNCT,28.90032196044922,1131238
2936,happens,VERB,22.262493133544922,1018529,tienen,VERB,37.13247299194336,1133505
2937,in,ADP,21.87919807434082,1018529,muy,ADV,38.160133361816406,1133505
2938,their,DET,24.015119552612305,1018529,una,DET,34.725830078125,1133505
2939,reality,NOUN,20.824234008789062,1018529,perspectiva,NOUN,33.582313537597656,1133505
2940,in,ADP,21.63216781616211,1018529,del,ADP,35.54345703125,1133505
2941,the,DET,23.686264038085938,1018529,especial,ADJ,37.11149978637695,1133505
2942,community,NOUN,20.360729217529297,1018529,mundo,NOUN,29.76172637939453,1133505
2943,.,PUNCT,21.547271728515625,1018529,",",PUNCT,29.826126098632812,1133505
2944,Now,ADV,23.748876571655273,1021680,y,CONJ,33.41633224487305,1136300
2945,we,PRON,25.69756507873535,1021680,ellos,PRON,34.63279342651367,1136300
2946,want,VERB,23.70699691772461,1021680,necesitamos,VERB,33.054954528808594,1136300
2947,those,DET,22.979568481445312,1021680,y,CONJ,32.13812255859375,1136300
2948,devices,NOUN,22.534015655517578,1021680,diversidad,NOUN,31.406320571899414,1136300
2949,",",PUNCT,21.50958824157715,1021680,",",PUNCT,30.402454376220703,1136300
2950,of,ADP,22.516721725463867,1021680,en,ADP,34.21675109863281,1139723
2951,course,NOUN,19.256681442260742,1021680,áreas,NOUN,35.56378936767578,1139723
2952,",",PUNCT,20.860490798950195,1021680,muy,ADV,38.25748062133789,1136300
2953,to,PART,22.187679290771484,1023986,bien,ADV,37.7265739440918,1136300
2954,be,AUX,25.158428192138672,1023986,pueden,AUX,36.5095329284668,1136300
2955,deployed,VERB,24.172523498535156,1023986,trabajar,VERB,36.8431282043457,1136300
2956,by,ADP,24.848886489868164,1023986,de,ADP,32.3053092956543,1139723
2957,those,DET,23.146696090698242,1023986,algunas,DET,35.68601608276367,1139723
2958,who,PRON,24.54682731628418,1023986,fortaleza,NOUN,32.68760299682617,1139723
2959,are,AUX,25.016111373901367,1023986,pueden,AUX,34.92544937133789,1142090
2960,in,ADP,21.73378562927246,1023986,:,PUNCT,32.6274299621582,1139723
2961,the,DET,21.507274627685547,1023986,predecibles,ADJ,34.45165252685547,1142090
2962,trenches,NOUN,20.04819679260254,1023986,situaciones,NOUN,36.64777374267578,1142090
2963,--,PUNCT,20.36165428161621,1023986,",",PUNCT,31.96080207824707,1142090
2964,our,DET,21.52883529663086,1026839,que,PRON,35.46959686279297,1142090
2965,colleagues,NOUN,19.744247436523438,1026839,situaciones,NOUN,34.94193649291992,1142090
2966,",",PUNCT,20.548442840576172,1026839,.,PUNCT,32.653114318847656,1142090
2967,the,DET,20.659671783447266,1026839,definirse,ADV,30.22028350830078,1142090
2968,primary,ADJ,18.618011474609375,1026839,Porque,SCONJ,33.25045394897461,1145493
2969,care,NOUN,18.74448013305664,1026839,después,ADV,34.65192794799805,1145493
2970,physicians,NOUN,19.950130462646484,1026839,de,ADP,29.860851287841797,1145493
2971,",",PUNCT,21.606544494628906,1026839,",",PUNCT,30.2271728515625,1145493
2972,who,PRON,22.94561195373535,1026839,todo,PRON,31.97478485107422,1145493
2973,see,VERB,22.137203216552734,1026839,aprenden,VERB,33.00559616088867,1145493
2974,every,DET,21.003780364990234,1026839,el,DET,35.698795318603516,1145493
2975,child,NOUN,20.20471954345703,1026839,mundo,NOUN,30.770143508911133,1145493
2976,--,PUNCT,19.507598876953125,1026839,sobre,ADP,33.1324577331543,1145493
2977,and,CCONJ,21.042097091674805,1032067,casi,ADV,34.6333122253418,1145493
2978,we,PRON,25.264780044555664,1032067,él,PRON,32.46857833862305,1148502
2979,need,VERB,21.496633529663086,1032067,como,SCONJ,33.141727447509766,1145493
2980,to,PART,23.068233489990234,1032067,",",PUNCT,30.62379264831543,1148502
2981,transform,VERB,27.13932228088379,1032067,aprender,VERB,35.52350616455078,1148502
2982,those,DET,25.064987182617188,1032067,en,ADP,33.34188461303711,1148502
2983,technologies,NOUN,20.221961975097656,1032067,vez,NOUN,35.54780197143555,1148502
2984,into,ADP,20.10408592224121,1034454,de,ADP,30.674287796020508,1148502
2985,something,PRON,22.22906494140625,1034454,cómo,PRON,35.067359924316406,1148502
2986,that,DET,20.924041748046875,1034454,él,PRON,31.62671661376953,1148502
2987,is,AUX,24.571264266967773,1034454,es,AUX,33.320980072021484,1153203
2988,going,VERB,23.85350799560547,1034454,funcionar,VERB,35.99134063720703,1148502
2989,to,PART,21.45883560180664,1034454,.,PUNCT,30.788379669189453,1148502
2990,add,VERB,24.860000610351562,1034454,Pero,CONJ,33.610042572021484,1153203
2991,value,NOUN,21.495473861694336,1034454,esta,PRON,32.79736328125,1153203
2992,to,ADP,22.956510543823242,1034454,en,ADP,35.06487274169922,1148502
2993,their,DET,23.53519058227539,1034454,una,DET,33.818260192871094,1153203
2994,practice,NOUN,19.24181365966797,1034454,fortaleza,NOUN,32.60104751586914,1153203
2995,",",PUNCT,22.04511070251465,1034454,",",PUNCT,30.50174903869629,1153203
2996,because,SCONJ,20.734275817871094,1037480,si,SCONJ,32.709774017333984,1153203
2997,they,PRON,24.78240966796875,1037480,se,PRON,32.76420211791992,1153203
2998,have,AUX,22.588537216186523,1037480,por,ADP,34.055389404296875,1153203
2999,to,PART,21.873573303222656,1037480,",",PUNCT,27.729644775390625,1153203
3000,see,VERB,24.0172061920166,1037480,trabaja,VERB,34.872093200683594,1153203
3001,so,ADV,21.304105758666992,1037480,ejemplo,NOUN,30.975736618041992,1153203
3002,many,ADJ,23.258865356445312,1037480,",",PUNCT,28.845191955566406,1153203
3003,children,NOUN,23.165700912475586,1037480,tecnología,NOUN,30.032949447631836,1156001
3004,.,PUNCT,22.18189811706543,1037480,.,PUNCT,34.02177810668945,1156001
3005,And,CCONJ,20.92506980895996,1039690,en,ADP,32.86119079589844,1156001
3006,we,PRON,25.77601432800293,1039690,Y,CONJ,33.22533416748047,1158081
3007,want,VERB,23.375383377075195,1039690,estos,DET,32.472442626953125,1158081
3008,to,PART,22.05079460144043,1039690,individuos,NOUN,34.420082092285156,1158081
3009,do,AUX,23.792726516723633,1039690,son,AUX,33.503971099853516,1158081
3010,that,DET,18.690767288208008,1039690,los,DET,34.46208953857422,1158081
3011,universally,ADV,20.422019958496094,1039690,tienen,VERB,37.7517204284668,1158081
3012,so,SCONJ,20.849212646484375,1039690,artísticas,NOUN,35.30263900756836,1160354
3013,that,SCONJ,20.54610252380371,1039690,habilidades,NOUN,31.817960739135742,1158081
3014,we,PRON,25.335285186767578,1039690,que,PRON,35.268611907958984,1158081
3015,do,AUX,23.087385177612305,1039690,increíbles,ADJ,35.542816162109375,1160354
3016,n't,PART,23.528902053833008,1039690,.,PUNCT,33.68904113769531,1160354
3017,miss,VERB,21.730642318725586,1039690,Queremos,VERB,32.50484085083008,1161779
3018,any,DET,22.94126319885254,1039690,de,ADP,30.895099639892578,1161779
3019,child,NOUN,20.863731384277344,1039690,liberarlos,NOUN,29.795927047729492,1161779
3020,.,PUNCT,21.229427337646484,1039690,.,PUNCT,32.57474899291992,1161779
3021,But,CCONJ,20.527801513671875,1043791,eso,PRON,31.45279884338379,1161779
3022,this,DET,24.68582534790039,1043791,la,DET,34.17099380493164,1163699
3023,would,VERB,24.328689575195312,1043791,Queremos,VERB,34.84914779663086,1163699
3024,be,AUX,25.559417724609375,1043791,generación,NOUN,32.35307312011719,1163699
3025,immoral,ADJ,20.604143142700195,1043791,próxima,ADJ,34.8159065246582,1163699
3026,if,SCONJ,22.48438262939453,1046529,que,SCONJ,32.04561233520508,1163699
3027,we,PRON,22.599458694458008,1046529,de,ADP,31.19773292541504,1163699
3028,also,ADV,24.51432991027832,1046529,individuos,NOUN,34.47258377075195,1163699
3029,did,AUX,23.444059371948242,1046529,con,ADP,33.305694580078125,1163699
3030,not,PART,22.665063858032227,1046529,no,PART,32.00422286987305,1167084
3031,have,AUX,23.381633758544922,1046529,sean,AUX,33.269935607910156,1167084
3032,an,DET,21.645191192626953,1046529,sus,DET,34.50447463989258,1167084
3033,infrastructure,NOUN,21.006378173828125,1046529,autismo,NOUN,29.863704681396484,1163699
3034,for,ADP,22.971426010131836,1046529,de,ADP,31.92605209350586,1167084
3035,intervention,NOUN,19.279582977294922,1046529,solo,NOUN,35.567298889160156,1167084
3036,",",PUNCT,23.06816291809082,1046529,expresar,VERB,35.95707321166992,1167084
3037,for,ADP,22.186792373657227,1046529,de,ADP,30.866806030273438,1170239
3038,treatment,NOUN,20.223604202270508,1046529,fortalezas,NOUN,36.2055778503418,1167084
3039,.,PUNCT,22.285888671875,1046529,.,PUNCT,33.61099624633789,1170239
3040,We,PRON,24.733108520507812,1052487,sino,CONJ,34.58533477783203,1170239
3041,need,VERB,21.918384552001953,1052487,cumplir,VERB,35.57984924316406,1170239
3042,to,PART,22.810209274291992,1052487,su,DET,34.97733688354492,1170239
3043,be,AUX,26.309663772583008,1052487,promesa,NOUN,32.229923248291016,1170239
3044,able,ADJ,24.31868553161621,1052487,capaces,ADJ,35.516292572021484,1167084
3045,to,PART,23.84844970703125,1052487,0,0,0.0,0
3046,work,VERB,26.173635482788086,1052487,0,0,0.0,0
3047,with,ADP,23.718503952026367,1052487,por,ADP,32.748313903808594,1172461
3048,the,DET,22.658109664916992,1052487,Muchas,DET,33.06983184814453,1172461
3049,families,NOUN,19.905296325683594,1052487,escucharme,NOUN,27.853002548217773,1172461
3050,",",PUNCT,20.419044494628906,1052487,.,PUNCT,31.928789138793945,1172461
3051,support,VERB,20.80201530456543,1052487,Aplausos,PROPN,34.61232376098633,1172461
3052,the,DET,21.828765869140625,1052487,(,PUNCT,28.79290199279785,1172461
3053,families,NOUN,20.199691772460938,1052487,gracias,NOUN,31.477399826049805,1172461
3054,",",PUNCT,20.26191520690918,1052487,),PUNCT,30.811901092529297,1172461
3055,to,PART,22.27279281616211,1056403,0,0,0.0,0
3056,manage,VERB,24.59234619140625,1056403,0,0,0.0,0
3057,those,DET,23.59391975402832,1056403,0,0,0.0,0
3058,first,ADJ,20.586227416992188,1056403,0,0,0.0,0
3059,years,NOUN,20.68620491027832,1056403,0,0,0.0,0
3060,with,ADP,22.055706024169922,1056403,0,0,0.0,0
3061,them,PRON,25.01270866394043,1056403,0,0,0.0,0
3062,.,PUNCT,21.393497467041016,1056403,0,0,0.0,0
3063,We,PRON,24.733108520507812,1060384,0,0,0.0,0
3064,need,VERB,21.918384552001953,1060384,0,0,0.0,0
3065,to,PART,22.811145782470703,1060384,0,0,0.0,0
3066,be,AUX,26.21514129638672,1060384,0,0,0.0,0
3067,able,ADJ,24.23530387878418,1060384,0,0,0.0,0
3068,to,PART,22.914443969726562,1060384,0,0,0.0,0
3069,really,ADV,25.61098861694336,1060384,0,0,0.0,0
3070,go,VERB,22.86794662475586,1060384,0,0,0.0,0
3071,from,ADP,22.234920501708984,1062806,0,0,0.0,0
3072,universal,ADJ,20.770435333251953,1062806,0,0,0.0,0
3073,screening,NOUN,20.0107479095459,1062806,0,0,0.0,0
3074,to,ADP,23.307044982910156,1062806,0,0,0.0,0
3075,universal,ADJ,21.455942153930664,1062806,0,0,0.0,0
3076,access,NOUN,20.389068603515625,1062806,0,0,0.0,0
3077,to,ADP,22.358604431152344,1062806,0,0,0.0,0
3078,treatment,NOUN,19.61054801940918,1062806,0,0,0.0,0
3079,",",PUNCT,22.524396896362305,1062806,0,0,0.0,0
3080,because,SCONJ,22.119600296020508,1066752,0,0,0.0,0
3081,those,DET,25.34066390991211,1066752,0,0,0.0,0
3082,treatments,NOUN,21.74444580078125,1066752,0,0,0.0,0
3083,are,AUX,25.64703369140625,1066752,0,0,0.0,0
3084,going,VERB,24.892047882080078,1066752,0,0,0.0,0
3085,to,PART,21.764829635620117,1066752,0,0,0.0,0
3086,change,VERB,24.401296615600586,1066752,0,0,0.0,0
3087,these,DET,22.27104377746582,1069765,0,0,0.0,0
3088,children,NOUN,19.67562484741211,1069765,0,0,0.0,0
3089,'s,PART,23.19883918762207,1069765,0,0,0.0,0
3090,and,CCONJ,22.37358856201172,1069765,0,0,0.0,0
3091,those,DET,21.500057220458984,1069765,0,0,0.0,0
3092,families,NOUN,18.9627685546875,1069765,0,0,0.0,0
3093,',PART,22.599424362182617,1069765,0,0,0.0,0
3094,lives,NOUN,22.13534164428711,1069765,0,0,0.0,0
3095,.,PUNCT,21.93414306640625,1069765,0,0,0.0,0
3096,Now,ADV,23.084808349609375,1074450,0,0,0.0,0
3097,",",PUNCT,22.692811965942383,1074450,0,0,0.0,0
3098,when,ADV,22.39975357055664,1074450,0,0,0.0,0
3099,we,PRON,26.037944793701172,1074450,0,0,0.0,0
3100,think,VERB,23.895774841308594,1074450,0,0,0.0,0
3101,about,ADP,22.501169204711914,1074450,0,0,0.0,0
3102,what,PRON,22.130096435546875,1074450,0,0,0.0,0
3103,we,PRON,22.700077056884766,1074450,0,0,0.0,0
3104,[,PUNCT,22.12785530090332,1074450,0,0,0.0,0
3105,can,VERB,20.421802520751953,1074450,0,0,0.0,0
3106,],PUNCT,21.917800903320312,1074450,0,0,0.0,0
3107,do,AUX,22.616708755493164,1074450,0,0,0.0,0
3108,in,ADP,21.37283706665039,1074450,0,0,0.0,0
3109,those,DET,22.834636688232422,1074450,0,0,0.0,0
3110,first,ADJ,21.178817749023438,1074450,0,0,0.0,0
3111,years,NOUN,19.48752212524414,1074450,0,0,0.0,0
3112,",",PUNCT,20.443328857421875,1074450,0,0,0.0,0
3113,I,PRON,24.075077056884766,1080912,0,0,0.0,0
3114,can,VERB,24.17535972595215,1080912,0,0,0.0,0
3115,tell,VERB,24.55573081970215,1080912,0,0,0.0,0
3116,you,PRON,23.033897399902344,1080912,0,0,0.0,0
3117,",",PUNCT,22.257436752319336,1080912,0,0,0.0,0
3118,having,VERB,23.132713317871094,1080912,0,0,0.0,0
3119,been,AUX,22.935869216918945,1080912,0,0,0.0,0
3120,in,ADP,22.095293045043945,1080912,0,0,0.0,0
3121,this,DET,24.474252700805664,1080912,0,0,0.0,0
3122,field,NOUN,20.829214096069336,1080912,0,0,0.0,0
3123,for,ADP,19.312335968017578,1080912,0,0,0.0,0
3124,so,ADV,19.074047088623047,1080912,0,0,0.0,0
3125,long,ADV,20.6014347076416,1080912,0,0,0.0,0
3126,",",PUNCT,20.291107177734375,1080912,0,0,0.0,0
3127,one,PRON,22.130935668945312,1086077,0,0,0.0,0
3128,feels,VERB,23.49930191040039,1086077,0,0,0.0,0
3129,really,ADV,25.28073501586914,1086077,0,0,0.0,0
3130,rejuvenated,VERB,21.410207748413086,1086077,0,0,0.0,0
3131,.,PUNCT,21.497211456298828,1086077,0,0,0.0,0
3132,There,PRON,21.469242095947266,1088832,0,0,0.0,0
3133,is,AUX,23.791521072387695,1088832,0,0,0.0,0
3134,a,DET,23.657184600830078,1088832,0,0,0.0,0
3135,sense,NOUN,21.17715072631836,1088832,0,0,0.0,0
3136,that,SCONJ,20.14999771118164,1088832,0,0,0.0,0
3137,the,DET,20.220428466796875,1088832,0,0,0.0,0
3138,science,NOUN,17.82626724243164,1088832,0,0,0.0,0
3139,that,DET,21.20524024963379,1088832,0,0,0.0,0
3140,one,PRON,21.73373031616211,1088832,0,0,0.0,0
3141,worked,VERB,21.30762481689453,1088832,0,0,0.0,0
3142,on,ADP,20.790319442749023,1088832,0,0,0.0,0
3143,can,VERB,24.09883689880371,1093578,0,0,0.0,0
3144,actually,ADV,24.975387573242188,1093578,0,0,0.0,0
3145,have,AUX,23.71859359741211,1093578,0,0,0.0,0
3146,an,DET,23.14752197265625,1093578,0,0,0.0,0
3147,impact,NOUN,23.704694747924805,1093578,0,0,0.0,0
3148,on,ADP,21.79969596862793,1093578,0,0,0.0,0
3149,realities,NOUN,20.646480560302734,1093578,0,0,0.0,0
3150,",",PUNCT,20.061710357666016,1093578,0,0,0.0,0
3151,preventing,NOUN,21.322093963623047,1096371,0,0,0.0,0
3152,",",PUNCT,19.890844345092773,1096371,0,0,0.0,0
3153,in,ADP,22.95679473876953,1096371,0,0,0.0,0
3154,fact,NOUN,19.88050079345703,1096371,0,0,0.0,0
3155,",",PUNCT,20.70343017578125,1096371,0,0,0.0,0
3156,those,DET,21.7938175201416,1096371,0,0,0.0,0
3157,experiences,NOUN,20.0989933013916,1096371,0,0,0.0,0
3158,that,SCONJ,20.091646194458008,1099972,0,0,0.0,0
3159,I,PRON,24.2011775970459,1099972,0,0,0.0,0
3160,really,ADV,25.889842987060547,1099972,0,0,0.0,0
3161,started,VERB,23.60614013671875,1099972,0,0,0.0,0
3162,in,ADP,22.009090423583984,1099972,0,0,0.0,0
3163,my,DET,22.364105224609375,1099972,0,0,0.0,0
3164,journey,NOUN,19.307424545288086,1099972,0,0,0.0,0
3165,in,ADP,20.62704849243164,1099972,0,0,0.0,0
3166,this,DET,24.339052200317383,1099972,0,0,0.0,0
3167,field,NOUN,21.10208511352539,1099972,0,0,0.0,0
3168,.,PUNCT,21.291494369506836,1099972,0,0,0.0,0
3169,I,PRON,24.910186767578125,1103343,0,0,0.0,0
3170,thought,VERB,23.43744659423828,1103343,0,0,0.0,0
3171,at,ADP,21.01828956604004,1103343,0,0,0.0,0
3172,the,DET,20.9757080078125,1103343,0,0,0.0,0
3173,time,NOUN,18.05689239501953,1103343,0,0,0.0,0
3174,that,SCONJ,18.77143096923828,1103343,0,0,0.0,0
3175,this,DET,22.000221252441406,1103343,0,0,0.0,0
3176,was,AUX,24.950429916381836,1103343,0,0,0.0,0
3177,an,DET,25.388715744018555,1103343,0,0,0.0,0
3178,intractable,ADJ,22.031845092773438,1103343,0,0,0.0,0
3179,condition,NOUN,21.6173038482666,1103343,0,0,0.0,0
3180,.,PUNCT,21.682300567626953,1103343,0,0,0.0,0
3181,No,ADV,21.048583984375,1106777,0,0,0.0,0
3182,longer,ADV,23.505525588989258,1106777,0,0,0.0,0
3183,.,PUNCT,20.966259002685547,1106777,0,0,0.0,0
3184,We,PRON,23.59966278076172,1106777,0,0,0.0,0
3185,can,VERB,23.14836883544922,1106777,0,0,0.0,0
3186,do,AUX,25.025341033935547,1106777,0,0,0.0,0
3187,a,DET,22.156862258911133,1106777,0,0,0.0,0
3188,great,ADJ,20.071300506591797,1106777,0,0,0.0,0
3189,deal,NOUN,22.037887573242188,1106777,0,0,0.0,0
3190,of,ADP,22.775304794311523,1106777,0,0,0.0,0
3191,things,NOUN,21.05278968811035,1106777,0,0,0.0,0
3192,.,PUNCT,22.577302932739258,1106777,0,0,0.0,0
3193,And,CCONJ,19.78437614440918,1110707,0,0,0.0,0
3194,the,DET,23.516191482543945,1110707,0,0,0.0,0
3195,idea,NOUN,20.031875610351562,1110707,0,0,0.0,0
3196,is,AUX,24.918331146240234,1110707,0,0,0.0,0
3197,not,PART,21.501981735229492,1110707,0,0,0.0,0
3198,to,PART,23.934833526611328,1110707,0,0,0.0,0
3199,cure,VERB,23.6585750579834,1110707,0,0,0.0,0
3200,autism,NOUN,19.428123474121094,1110707,0,0,0.0,0
3201,.,PUNCT,21.093788146972656,1110707,0,0,0.0,0
3202,That,DET,19.62574577331543,1113140,0,0,0.0,0
3203,'s,AUX,22.740196228027344,1113140,0,0,0.0,0
3204,not,PART,22.841392517089844,1113140,0,0,0.0,0
3205,the,DET,22.54265594482422,1113140,0,0,0.0,0
3206,idea,NOUN,20.38914680480957,1113140,0,0,0.0,0
3207,.,PUNCT,22.27532958984375,1113140,0,0,0.0,0
3208,What,PRON,21.92639923095703,1115791,0,0,0.0,0
3209,we,PRON,25.045085906982422,1115791,0,0,0.0,0
3210,want,VERB,23.979360580444336,1115791,0,0,0.0,0
3211,is,AUX,21.70402717590332,1115791,0,0,0.0,0
3212,to,PART,22.098697662353516,1115791,0,0,0.0,0
3213,make,VERB,24.65054702758789,1115791,0,0,0.0,0
3214,sure,ADJ,20.189958572387695,1115791,0,0,0.0,0
3215,that,SCONJ,19.682844161987305,1117889,0,0,0.0,0
3216,those,DET,22.402658462524414,1117889,0,0,0.0,0
3217,individuals,NOUN,22.93907356262207,1117889,0,0,0.0,0
3218,with,ADP,23.847063064575195,1117889,0,0,0.0,0
3219,autism,NOUN,21.891963958740234,1117889,0,0,0.0,0
3220,can,VERB,24.08438491821289,1117889,0,0,0.0,0
3221,be,AUX,26.171207427978516,1117889,0,0,0.0,0
3222,free,ADJ,23.137706756591797,1117889,0,0,0.0,0
3223,from,ADP,22.091955184936523,1120465,0,0,0.0,0
3224,the,DET,21.500219345092773,1120465,0,0,0.0,0
3225,devastating,VERB,21.518447875976562,1120465,0,0,0.0,0
3226,consequences,NOUN,22.644628524780273,1120465,0,0,0.0,0
3227,that,DET,24.9314022064209,1120465,0,0,0.0,0
3228,come,VERB,22.664987564086914,1120465,0,0,0.0,0
3229,with,ADP,20.450613021850586,1120465,0,0,0.0,0
3230,it,PRON,24.686532974243164,1120465,0,0,0.0,0
3231,at,ADP,22.229963302612305,1120465,0,0,0.0,0
3232,times,NOUN,17.980941772460938,1120465,0,0,0.0,0
3233,",",PUNCT,18.600547790527344,1120465,0,0,0.0,0
3234,the,DET,20.236398696899414,1124876,0,0,0.0,0
3235,profound,ADJ,18.853641510009766,1124876,0,0,0.0,0
3236,intellectual,ADJ,19.418458938598633,1124876,0,0,0.0,0
3237,disabilities,NOUN,20.43036460876465,1124876,0,0,0.0,0
3238,",",PUNCT,21.783578872680664,1124876,0,0,0.0,0
3239,the,DET,21.52129364013672,1124876,0,0,0.0,0
3240,lack,NOUN,19.614612579345703,1124876,0,0,0.0,0
3241,of,ADP,22.437702178955078,1124876,0,0,0.0,0
3242,language,NOUN,18.97636604309082,1124876,0,0,0.0,0
3243,",",PUNCT,20.561080932617188,1124876,0,0,0.0,0
3244,the,DET,20.013843536376953,1127961,0,0,0.0,0
3245,profound,ADJ,18.696746826171875,1127961,0,0,0.0,0
3246,",",PUNCT,21.411930084228516,1127961,0,0,0.0,0
3247,profound,ADJ,18.856842041015625,1127961,0,0,0.0,0
3248,isolation,NOUN,19.042621612548828,1127961,0,0,0.0,0
3249,.,PUNCT,21.242198944091797,1127961,0,0,0.0,0
3250,We,PRON,25.39624786376953,1131563,0,0,0.0,0
3251,feel,VERB,23.920772552490234,1131563,0,0,0.0,0
3252,that,SCONJ,23.369932174682617,1131563,0,0,0.0,0
3253,individuals,NOUN,22.299455642700195,1131563,0,0,0.0,0
3254,with,ADP,23.88496971130371,1131563,0,0,0.0,0
3255,autism,NOUN,19.502071380615234,1131563,0,0,0.0,0
3256,",",PUNCT,20.735130310058594,1131563,0,0,0.0,0
3257,in,ADP,22.150680541992188,1131563,0,0,0.0,0
3258,fact,NOUN,20.049983978271484,1131563,0,0,0.0,0
3259,",",PUNCT,21.017427444458008,1131563,0,0,0.0,0
3260,have,AUX,21.19240951538086,1133833,0,0,0.0,0
3261,a,DET,22.92096519470215,1133833,0,0,0.0,0
3262,very,ADV,25.94586181640625,1133833,0,0,0.0,0
3263,special,ADJ,22.35272979736328,1133833,0,0,0.0,0
3264,perspective,NOUN,21.819799423217773,1133833,0,0,0.0,0
3265,on,ADP,20.6887149810791,1133833,0,0,0.0,0
3266,the,DET,22.558679580688477,1133833,0,0,0.0,0
3267,world,NOUN,17.932357788085938,1133833,0,0,0.0,0
3268,",",PUNCT,21.715909957885742,1133833,0,0,0.0,0
3269,and,CCONJ,21.03925323486328,1136323,0,0,0.0,0
3270,we,PRON,25.108613967895508,1136323,0,0,0.0,0
3271,need,VERB,22.431198120117188,1136323,0,0,0.0,0
3272,diversity,NOUN,18.782638549804688,1136323,0,0,0.0,0
3273,.,PUNCT,21.386667251586914,1136323,0,0,0.0,0
3274,And,CCONJ,19.945648193359375,1138440,0,0,0.0,0
3275,they,PRON,24.589941024780273,1138440,0,0,0.0,0
3276,can,VERB,24.72054672241211,1138440,0,0,0.0,0
3277,work,VERB,23.934106826782227,1138440,0,0,0.0,0
3278,extremely,ADV,26.57689666748047,1138440,0,0,0.0,0
3279,well,ADV,21.122905731201172,1138440,0,0,0.0,0
3280,in,ADP,20.521284103393555,1138440,0,0,0.0,0
3281,some,DET,25.137645721435547,1138440,0,0,0.0,0
3282,areas,NOUN,22.999059677124023,1138440,0,0,0.0,0
3283,of,ADP,25.39073944091797,1138440,0,0,0.0,0
3284,strength,NOUN,21.805246353149414,1138440,0,0,0.0,0
3285,:,PUNCT,19.51710319519043,1138440,0,0,0.0,0
3286,predictable,ADJ,21.9836368560791,1142090,0,0,0.0,0
3287,situations,NOUN,20.381288528442383,1142090,0,0,0.0,0
3288,",",PUNCT,21.687938690185547,1142090,0,0,0.0,0
3289,situations,NOUN,22.304786682128906,1142090,0,0,0.0,0
3290,that,DET,22.469039916992188,1142090,0,0,0.0,0
3291,can,VERB,23.52165412902832,1142090,0,0,0.0,0
3292,be,AUX,26.149003982543945,1142090,0,0,0.0,0
3293,defined,VERB,24.279163360595703,1142090,0,0,0.0,0
3294,.,PUNCT,21.34758758544922,1142090,0,0,0.0,0
3295,Because,SCONJ,20.01029396057129,1145493,0,0,0.0,0
3296,after,ADV,20.24875259399414,1145493,0,0,0.0,0
3297,all,ADV,20.91115379333496,1145493,0,0,0.0,0
3298,",",PUNCT,20.886009216308594,1145493,0,0,0.0,0
3299,they,PRON,25.097043991088867,1145493,0,0,0.0,0
3300,learn,VERB,23.4505615234375,1145493,0,0,0.0,0
3301,about,ADP,21.826108932495117,1145493,0,0,0.0,0
3302,the,DET,21.436748504638672,1145493,0,0,0.0,0
3303,world,NOUN,18.10745620727539,1145493,0,0,0.0,0
3304,almost,ADV,21.363515853881836,1148475,0,0,0.0,0
3305,",",PUNCT,19.879919052124023,1148475,0,0,0.0,0
3306,like,INTJ,20.341278076171875,1148475,0,0,0.0,0
3307,",",PUNCT,21.4246883392334,1148475,0,0,0.0,0
3308,about,ADP,19.71305274963379,1148475,0,0,0.0,0
3309,it,PRON,21.836271286010742,1148475,0,0,0.0,0
3310,",",PUNCT,21.244464874267578,1148475,0,0,0.0,0
3311,rather,ADV,21.653594970703125,1150381,0,0,0.0,0
3312,than,SCONJ,21.82672882080078,1150381,0,0,0.0,0
3313,learning,VERB,23.232601165771484,1150381,0,0,0.0,0
3314,how,ADV,22.324567794799805,1150381,0,0,0.0,0
3315,to,PART,21.260305404663086,1150381,0,0,0.0,0
3316,function,VERB,24.535972595214844,1150381,0,0,0.0,0
3317,in,ADP,21.96332550048828,1150381,0,0,0.0,0
3318,it,PRON,24.076217651367188,1150381,0,0,0.0,0
3319,.,PUNCT,21.327545166015625,1150381,0,0,0.0,0
3320,But,CCONJ,21.834083557128906,1153202,0,0,0.0,0
3321,this,DET,23.359024047851562,1153202,0,0,0.0,0
3322,is,AUX,23.90785026550293,1153202,0,0,0.0,0
3323,a,DET,23.3251895904541,1153202,0,0,0.0,0
3324,strength,NOUN,20.73406982421875,1153202,0,0,0.0,0
3325,if,SCONJ,20.736902236938477,1153202,0,0,0.0,0
3326,you,PRON,23.342927932739258,1153202,0,0,0.0,0
3327,'re,AUX,23.556150436401367,1153202,0,0,0.0,0
3328,working,VERB,23.891084671020508,1153202,0,0,0.0,0
3329,",",PUNCT,22.163707733154297,1153202,0,0,0.0,0
3330,for,ADP,21.884485244750977,1153202,0,0,0.0,0
3331,example,NOUN,17.805217742919922,1153202,0,0,0.0,0
3332,",",PUNCT,20.81355857849121,1153202,0,0,0.0,0
3333,in,ADP,21.27997589111328,1153202,0,0,0.0,0
3334,technology,NOUN,21.752161026000977,1153202,0,0,0.0,0
3335,.,PUNCT,21.748764038085938,1153202,0,0,0.0,0
3336,And,CCONJ,21.176876068115234,1158081,0,0,0.0,0
3337,there,PRON,22.088220596313477,1158081,0,0,0.0,0
3338,are,AUX,24.736433029174805,1158081,0,0,0.0,0
3339,those,DET,22.785964965820312,1158081,0,0,0.0,0
3340,individuals,NOUN,23.177532196044922,1158081,0,0,0.0,0
3341,who,PRON,25.07806968688965,1158081,0,0,0.0,0
3342,have,AUX,23.82377052307129,1158081,0,0,0.0,0
3343,incredible,ADJ,19.184961318969727,1158081,0,0,0.0,0
3344,artistic,ADJ,21.65266990661621,1158081,0,0,0.0,0
3345,abilities,NOUN,21.936241149902344,1158081,0,0,0.0,0
3346,.,PUNCT,21.835166931152344,1158081,0,0,0.0,0
3347,We,PRON,24.7735652923584,1161936,0,0,0.0,0
3348,want,VERB,24.616743087768555,1161936,0,0,0.0,0
3349,them,PRON,23.327877044677734,1161936,0,0,0.0,0
3350,to,PART,21.910524368286133,1161936,0,0,0.0,0
3351,be,AUX,26.3221492767334,1161936,0,0,0.0,0
3352,free,ADJ,23.533016204833984,1161936,0,0,0.0,0
3353,to,PART,22.744569778442383,1161936,0,0,0.0,0
3354,do,AUX,24.36559295654297,1161936,0,0,0.0,0
3355,that,DET,21.34032440185547,1161936,0,0,0.0,0
3356,.,PUNCT,21.929462432861328,1161936,0,0,0.0,0
3357,We,PRON,24.588470458984375,1164293,0,0,0.0,0
3358,want,VERB,22.97809600830078,1164293,0,0,0.0,0
3359,that,SCONJ,19.108068466186523,1164293,0,0,0.0,0
3360,the,DET,18.74398422241211,1164293,0,0,0.0,0
3361,next,ADJ,19.89164924621582,1164293,0,0,0.0,0
3362,generations,NOUN,21.231775283813477,1164293,0,0,0.0,0
3363,of,ADP,22.89944839477539,1164293,0,0,0.0,0
3364,individuals,NOUN,22.34099006652832,1164293,0,0,0.0,0
3365,with,ADP,22.971946716308594,1164293,0,0,0.0,0
3366,autism,NOUN,19.575071334838867,1164293,0,0,0.0,0
3367,will,VERB,22.853622436523438,1167436,0,0,0.0,0
3368,be,AUX,25.78862762451172,1167436,0,0,0.0,0
3369,able,ADJ,24.157957077026367,1167436,0,0,0.0,0
3370,not,PART,22.830833435058594,1167436,0,0,0.0,0
3371,only,ADV,21.50026512145996,1167436,0,0,0.0,0
3372,to,PART,23.981290817260742,1167436,0,0,0.0,0
3373,express,VERB,26.832172393798828,1167436,0,0,0.0,0
3374,their,DET,25.34905433654785,1167436,0,0,0.0,0
3375,strengths,NOUN,22.678625106811523,1167436,0,0,0.0,0
3376,",",PUNCT,19.67636489868164,1167436,0,0,0.0,0
3377,but,CCONJ,22.127613067626953,1170538,0,0,0.0,0
3378,to,PART,23.753339767456055,1170538,0,0,0.0,0
3379,fulfill,VERB,24.471912384033203,1170538,0,0,0.0,0
3380,their,DET,24.112545013427734,1170538,0,0,0.0,0
3381,promise,NOUN,20.27303695678711,1170538,0,0,0.0,0
3382,.,PUNCT,22.430477142333984,1170538,0,0,0.0,0
3383,Well,INTJ,24.849252700805664,1172952,0,0,0.0,0
3384,",",PUNCT,19.93605613708496,1172952,0,0,0.0,0
3385,thank,VERB,21.60448455810547,1172952,0,0,0.0,0
3386,you,PRON,22.47557258605957,1172952,0,0,0.0,0
3387,for,ADP,20.847585678100586,1172952,0,0,0.0,0
3388,listening,VERB,21.193035125732422,1172952,0,0,0.0,0
3389,to,ADP,21.4061336517334,1172952,0,0,0.0,0
3390,me,PRON,26.22208595275879,1172952,0,0,0.0,0
3391,.,PUNCT,20.05196189880371,1172952,0,0,0.0,0
3392,(,PUNCT,19.33601188659668,1174723,0,0,0.0,0
3393,Applause,NOUN,21.975845336914062,1174723,0,0,0.0,0
3394,),PUNCT,20.301513671875,1174723,0,0,0.0,0
